Levels and As from NIST
Coll. strengths from Galavis, Mendoza, Zeippen 1995
1   0           0.00    
2   1         765.23    
3   2        2028.80    
4   2       16298.9     
5   0       37912.0     
1 2                      130680         0.00       765.23    1  3   8.05e-03
1 3                       49290.2       0.00      2028.80    1  5   1.33e-06
2 3                       79141       765.23      2028.80    3  5   2.73e-02
1 4                        6135.4       0.00     16298.9     1  5   4.9e-05 
2 4                        6436.88    765.23     16298.9     3  5   2.23e-01
3 4                        7007.60   2028.80     16298.9     5  5   5.2e-01 
2 5                        2692.03    765.23     37912.0     3  1   6.8e+00 
3 5                        2786.82   2028.80     37912.0     5  1   8.1e-02 
4 5                        4626.82  16298.9      37912       5  1   3.8e+00 
qqqq
	3.0	3.2	3.2	3.6	3.8	4.0	4.2	4.4	4.6	4.8	5.0
2 1 	4.162	3.959	3.747	3.519	3.257	2.941	2.582	2.240	1.981	1.816	1.682
3 1	1.869	1.871	1.931	1.979	1.953	1.837	1.672	1.514	1.403	1.349	1.285
3 2	9.409	9.159	9.030	8.852	8.465	7.811	6.989	6.207	5.642	5.305	4.994
4 1 	5.026	4.142	3.697	3.456	3.281	3.207	3.319	3.622	4.043	4.401	4.454
5 1	0.402	0.466	0.516	0.540	0.550	0.559	0.585	0.637	0.698	0.733	0.710
5 4	2.319	2.030	1.847	1.745	1.685	1.648	1.649	1.688	1.742	1.775	1.741
