SEQ='NA'     NUCCHG=18                                                  /IC/

   PARENT LEVEL INDEXING                BWNP= 111431309.1   NPRNTI= 1   NPRNTF= 1
   ---------------------
   INDP         CODE                 S L   WI        WNP
   ----         ----                 - -   --  ----------
     1          2S2 2P6             (1)0( 0.0)        0.0 

   IC RESOLVED LEVEL INDEXING           BWNR= 112590658.5   NLVL=  58
   --------------------------
   INDX  INDP   CODE                 S L   WJ        WNR       AUGER RATES:  INDP-INDP', INDP'=1,...INDP-1
   ----  ----   ----                 - -   --  ----------      -----------
     1     1    2S2 2P6 3S1         (2)0( 0.5)        0.0 
     2     1    2S2 2P6 3P1         (2)1( 0.5)   139746.0 
     3     1    2S2 2P6 3P1         (2)1( 1.5)   142659.2 
     4     1    2S2 2P6 3D1         (2)2( 1.5)   333354.1 
     5     1    2S2 2P6 3D1         (2)2( 2.5)   333843.4 
     6     1    2S2 2P6 4S1         (2)0( 0.5)   511293.7 
     7     1    2S2 2P6 4P1         (2)1( 0.5)   631945.2 
     8     1    2S2 2P6 4P1         (2)1( 1.5)   632980.0 
     9     1    2S2 2P6 4D1         (2)2( 1.5)   700758.7 
    10     1    2S2 2P6 4D1         (2)2( 2.5)   700954.4 
    11     1    2S2 2P6 4F1         (2)3( 2.5)   719880.6 
    12     1    2S2 2P6 4F1         (2)3( 3.5)   719948.6 
    13     1    2S2 2P6 5S1         (2)0( 0.5)   778096.5 
    14     1    2S2 2P6 5P1         (2)1( 0.5)   834928.4 
    15     1    2S2 2P6 5P1         (2)1( 1.5)   835419.6 
    16     1    2S2 2P6 5D1         (2)2( 1.5)   867985.4 
    17     1    2S2 2P6 5D1         (2)2( 2.5)   868084.3 
    18     1    2S2 2P6 5F1         (2)3( 2.5)   877990.8 
    19     1    2S2 2P6 5F1         (2)3( 3.5)   878026.0 
    20     1    2S2 2P6 5G1         (2)4( 3.5)   878408.9 
    21     1    2S2 2P6 5G1         (2)4( 4.5)   878428.3 
    22     1    2S2 2P6 6S1         (2)0( 0.5)   908569.2 
    23     1    2S2 2P6 6P1         (2)1( 0.5)   939782.2 
    24     1    2S2 2P6 6P1         (2)1( 1.5)   940054.3 
    25     1    2S2 2P6 6D1         (2)2( 1.5)   958141.1 
    26     1    2S2 2P6 6D1         (2)2( 2.5)   958197.8 
    27     1    2S2 2P6 6F1         (2)3( 2.5)   963955.8 
    28     1    2S2 2P6 6F1         (2)3( 3.5)   963976.2 
    29     1    2S2 2P6 6G1         (2)4( 3.5)   964250.9 
    30     1    2S2 2P6 6H1         (2)5( 4.5)   964260.9 
    31     1    2S2 2P6 6G1         (2)4( 4.5)   964262.1 
    32     1    2S2 2P6 6H1         (2)5( 5.5)   964268.3 
    33     1    2S2 2P6 7S1         (2)0( 0.5)   981948.5 
    34     1    2S2 2P6 7P1         (2)1( 0.5)  1000883.7 
    35     1    2S2 2P6 7P1         (2)1( 1.5)  1001050.1 
    36     1    2S2 2P6 7D1         (2)2( 1.5)  1012138.5 
    37     1    2S2 2P6 7D1         (2)2( 2.5)  1012174.0 
    38     1    2S2 2P6 7F1         (2)3( 2.5)  1015805.5 
    39     1    2S2 2P6 7F1         (2)3( 3.5)  1015818.4 
    40     1    2S2 2P6 7G1         (2)4( 3.5)  1016011.8 
    41     1    2S2 2P6 7G1         (2)4( 4.5)  1016019.0 
    42     1    2S2 2P6 7H1         (2)5( 4.5)  1016019.0 
    43     1    2S2 2P6 7I1         (2)6( 5.5)  1016021.7 
    44     1    2S2 2P6 7H1         (2)5( 5.5)  1016023.6 
    45     1    2S2 2P6 7I1         (2)6( 6.5)  1016025.0 
    46     1    2S2 2P6 8S1         (2)0( 0.5)  1027268.5 
    47     1    2S2 2P6 8P1         (2)1( 0.5)  1039602.9 
    48     1    2S2 2P6 8P1         (2)1( 1.5)  1039712.0 
    49     1    2S2 2P6 8D1         (2)2( 1.5)  1047002.6 
    50     1    2S2 2P6 8D1         (2)2( 2.5)  1047026.2 
    51     1    2S2 2P6 8F1         (2)3( 2.5)  1049459.8 
    52     1    2S2 2P6 8F1         (2)3( 3.5)  1049468.4 
    53     1    2S2 2P6 8G1         (2)4( 3.5)  1049607.0 
    54     1    2S2 2P6 8G1         (2)4( 4.5)  1049611.8 
    55     1    2S2 2P6 8H1         (2)5( 4.5)  1049612.2 
    56     1    2S2 2P6 8I1         (2)6( 5.5)  1049614.0 
    57     1    2S2 2P6 8H1         (2)5( 5.5)  1049615.3 
    58     1    2S2 2P6 8I1         (2)6( 6.5)  1049616.2 

   NL-SHELL INDEXING & AUGER RATES                     NLREP= 55
   -------------------------------
   ILREP   N   L
   -----   -   -
     1     1   0
     2     2   0
     3     2   1
     4     3   0
     5     3   1
     6     3   2
     7     4   0
     8     4   1
     9     4   2
    10     4   3
    11     5   0
    12     5   1
    13     5   2
    14     5   3
    15     5   4
    16     6   0
    17     6   1
    18     6   2
    19     6   3
    20     6   4
    21     6   5
    22     7   0
    23     7   1
    24     7   2
    25     7   3
    26     7   4
    27     7   5
    28     7   6
    29     8   0
    30     8   1
    31     8   2
    32     8   3
    33     8   4
    34     8   5
    35     8   6
    36     8   7
    37     9   0
    38     9   1
    39     9   2
    40     9   3
    41     9   4
    42     9   5
    43     9   6
    44     9   7
    45     9   8
    46    10   0
    47    10   1
    48    10   2
    49    10   3
    50    10   4
    51    10   5
    52    10   6
    53    10   7
    54    10   8
    55    10   9

   N-SHELL INDEXING & AUGER RATES                       NREP= 42
   ------------------------------
   INREP   N
   -----   -
     1     1
     2     2
     3     3
     4     4
     5     5
     6     6
     7     7
     8     8
     9     9
    10    10
    11    11
    12    12
    13    13
    14    14
    15    15
    16    16
    17    18
    18    20
    19    22
    20    25
    21    29
    22    35
    23    39
    24    45
    25    49
    26    55
    27    61
    28    70
    29    81
    30   100
    31   118
    32   150
    33   170
    34   200
    35   235
    36   300
    37   353
    38   450
    39   535
    40   700
    41   811
    42   999



 --------------------------
 PRTI= 1  LVLPRT= (1S  0.0)

   INDX TE=  6.40E+02  1.28E+03  3.20E+03  6.40E+03  1.28E+04  3.20E+04  6.40E+04  1.28E+05  3.20E+05  6.40E+05
   ---- ---  1.28E+06  3.20E+06  6.40E+06  1.28E+07  3.20E+07  6.40E+07  1.28E+08  3.20E+08  6.40E+08
     1       0.00E+00  0.00E+00  0.00E+00  0.00E+00  0.00E+00  1.49E-28  1.68E-20  1.57E-16  7.60E-14  4.79E-13
             7.78E-13  5.10E-13  2.49E-13  1.04E-13  2.90E-14  1.06E-14  3.81E-15  9.73E-16  3.45E-16
     2       0.00E+00  0.00E+00  0.00E+00  0.00E+00  0.00E+00  1.59E-31  4.65E-22  2.41E-17  3.02E-14  2.73E-13
             5.39E-13  3.97E-13  2.02E-13  8.58E-14  2.42E-14  8.89E-15  3.20E-15  8.19E-16  2.91E-16
     3       0.00E+00  0.00E+00  0.00E+00  0.00E+00  0.00E+00  2.05E-31  7.17E-22  4.34E-17  6.05E-14  5.53E-13
             1.09E-12  8.06E-13  4.10E-13  1.74E-13  4.91E-14  1.80E-14  6.49E-15  1.66E-15  5.89E-16
     4       0.00E+00  0.00E+00  0.00E+00  0.00E+00  0.00E+00  1.12E-31  3.97E-23  8.64E-18  2.74E-14  3.36E-13
             7.61E-13  6.04E-13  3.15E-13  1.35E-13  3.84E-14  1.41E-14  5.09E-15  1.30E-15  4.62E-16
     5       0.00E+00  0.00E+00  0.00E+00  0.00E+00  0.00E+00  3.07E-31  6.57E-23  1.18E-17  3.63E-14  4.54E-13
             1.04E-12  8.37E-13  4.37E-13  1.88E-13  5.35E-14  1.97E-14  7.10E-15  1.82E-15  6.45E-16
     6       0.00E+00  0.00E+00  0.00E+00  0.00E+00  0.00E+00  2.19E-40  3.02E-26  2.47E-19  3.79E-15  7.23E-14
             1.97E-13  1.71E-13  9.13E-14  3.97E-14  1.14E-14  4.19E-15  1.51E-15  3.87E-16  1.38E-16
     7       0.00E+00  0.00E+00  0.00E+00  0.00E+00  0.00E+00  7.14E-42  3.29E-27  5.81E-20  2.03E-15  4.82E-14
             1.44E-13  1.31E-13  7.11E-14  3.11E-14  8.96E-15  3.31E-15  1.19E-15  3.06E-16  1.09E-16
     8       0.00E+00  0.00E+00  0.00E+00  0.00E+00  0.00E+00  4.68E-42  2.05E-27  4.41E-20  2.16E-15  5.39E-14
             1.62E-13  1.49E-13  8.11E-14  3.55E-14  1.02E-14  3.78E-15  1.36E-15  3.50E-16  1.24E-16
     9       0.00E+00  0.00E+00  0.00E+00  0.00E+00  0.00E+00  1.55E-42  3.57E-27  1.23E-19  4.98E-15  1.30E-13
             4.10E-13  3.88E-13  2.14E-13  9.42E-14  2.72E-14  1.01E-14  3.63E-15  9.32E-16  3.31E-16
    10       0.00E+00  0.00E+00  0.00E+00  0.00E+00  0.00E+00  1.89E-42  4.24E-27  1.52E-19  7.11E-15  1.92E-13
             6.13E-13  5.84E-13  3.22E-13  1.42E-13  4.10E-14  1.52E-14  5.48E-15  1.41E-15  4.99E-16
    11       0.00E+00  0.00E+00  0.00E+00  0.00E+00  0.00E+00  4.74E-43  2.21E-27  1.03E-19  4.16E-15  1.09E-13
             3.49E-13  3.35E-13  1.85E-13  8.16E-14  2.36E-14  8.73E-15  3.16E-15  8.09E-16  2.87E-16
    12       0.00E+00  0.00E+00  0.00E+00  0.00E+00  0.00E+00  7.34E-43  3.49E-27  1.70E-19  8.07E-15  2.23E-13
             7.24E-13  7.00E-13  3.87E-13  1.71E-13  4.96E-14  1.83E-14  6.63E-15  1.70E-15  6.04E-16
    13       0.00E+00  0.00E+00  0.00E+00  0.00E+00  0.00E+00  0.00E+00  8.51E-29  9.12E-21  3.24E-16  6.76E-15
             1.93E-14  1.75E-14  9.50E-15  4.17E-15  1.20E-15  4.43E-16  1.60E-16  4.10E-17  1.46E-17
    14       0.00E+00  0.00E+00  0.00E+00  0.00E+00  0.00E+00  0.00E+00  2.89E-29  4.49E-21  2.91E-16  8.72E-15
             3.02E-14  3.05E-14  1.71E-14  7.65E-15  2.22E-15  8.24E-16  2.98E-16  7.65E-17  2.72E-17
    15       0.00E+00  0.00E+00  0.00E+00  0.00E+00  0.00E+00  0.00E+00  1.41E-29  2.59E-21  3.79E-16  1.47E-14
             5.60E-14  5.92E-14  3.37E-14  1.51E-14  4.42E-15  1.64E-15  5.94E-16  1.52E-16  5.42E-17
    16       0.00E+00  0.00E+00  0.00E+00  0.00E+00  0.00E+00  0.00E+00  5.29E-29  1.22E-20  1.15E-15  3.98E-14
             1.47E-13  1.54E-13  8.78E-14  3.94E-14  1.15E-14  4.27E-15  1.54E-15  3.96E-16  1.41E-16
    17       0.00E+00  0.00E+00  0.00E+00  0.00E+00  0.00E+00  0.00E+00  5.63E-29  1.41E-20  2.13E-15  8.57E-14
             3.34E-13  3.59E-13  2.06E-13  9.26E-14  2.71E-14  1.00E-14  3.64E-15  9.34E-16  3.32E-16
    18       0.00E+00  0.00E+00  0.00E+00  0.00E+00  0.00E+00  0.00E+00  5.22E-29  1.38E-20  1.17E-15  3.80E-14
             1.37E-13  1.42E-13  8.06E-14  3.61E-14  1.05E-14  3.91E-15  1.41E-15  3.63E-16  1.29E-16
    19       0.00E+00  0.00E+00  0.00E+00  0.00E+00  0.00E+00  0.00E+00  8.65E-29  2.27E-20  1.76E-15  5.44E-14
             1.92E-13  1.96E-13  1.11E-13  4.97E-14  1.45E-14  5.36E-15  1.94E-15  4.98E-16  1.77E-16
    20       0.00E+00  0.00E+00  0.00E+00  0.00E+00  0.00E+00  0.00E+00  1.42E-29  3.78E-21  2.48E-16  6.64E-15
             2.17E-14  2.12E-14  1.18E-14  5.25E-15  1.52E-15  5.64E-16  2.04E-16  5.23E-17  1.86E-17
    21       0.00E+00  0.00E+00  0.00E+00  0.00E+00  0.00E+00  0.00E+00  3.04E-29  8.00E-21  4.83E-16  1.19E-14
             3.69E-14  3.50E-14  1.93E-14  8.53E-15  2.47E-15  9.12E-16  3.30E-16  8.45E-17  3.00E-17
    22       0.00E+00  0.00E+00  0.00E+00  0.00E+00  0.00E+00  0.00E+00  4.77E-30  1.95E-21  1.58E-16  4.43E-15
             1.47E-14  1.46E-14  8.18E-15  3.64E-15  1.06E-15  3.92E-16  1.42E-16  3.63E-17  1.29E-17
    23       0.00E+00  0.00E+00  0.00E+00  0.00E+00  0.00E+00  0.00E+00  2.55E-30  1.28E-21  1.21E-16  3.58E-15
             1.23E-14  1.24E-14  6.97E-15  3.11E-15  9.06E-16  3.36E-16  1.21E-16  3.12E-17  1.11E-17
    24       0.00E+00  0.00E+00  0.00E+00  0.00E+00  0.00E+00  0.00E+00  1.07E-30  5.31E-22  7.93E-17  3.25E-15
             1.31E-14  1.44E-14  8.36E-15  3.78E-15  1.11E-15  4.12E-16  1.49E-16  3.84E-17  1.36E-17
    25       0.00E+00  0.00E+00  0.00E+00  0.00E+00  0.00E+00  0.00E+00  4.78E-30  3.14E-21  5.42E-16  2.29E-14
             9.39E-14  1.05E-13  6.08E-14  2.75E-14  8.09E-15  3.01E-15  1.09E-15  2.80E-16  9.94E-17
    26       0.00E+00  0.00E+00  0.00E+00  0.00E+00  0.00E+00  0.00E+00  5.12E-30  3.46E-21  8.45E-16  4.05E-14
             1.74E-13  1.98E-13  1.16E-13  5.26E-14  1.55E-14  5.75E-15  2.08E-15  5.35E-16  1.90E-16
    27       0.00E+00  0.00E+00  0.00E+00  0.00E+00  0.00E+00  0.00E+00  6.11E-30  4.12E-21  4.59E-16  1.44E-14
             5.07E-14  5.20E-14  2.94E-14  1.32E-14  3.84E-15  1.42E-15  5.15E-16  1.32E-16  4.69E-17
    28       0.00E+00  0.00E+00  0.00E+00  0.00E+00  0.00E+00  0.00E+00  1.06E-29  7.13E-21  7.41E-16  2.16E-14
             7.21E-14  7.15E-14  4.00E-14  1.78E-14  5.17E-15  1.91E-15  6.92E-16  1.78E-16  6.31E-17
    29       0.00E+00  0.00E+00  0.00E+00  0.00E+00  0.00E+00  0.00E+00  1.95E-30  1.35E-21  1.37E-16  3.85E-15
             1.25E-14  1.22E-14  6.77E-15  3.00E-15  8.69E-16  3.22E-16  1.16E-16  2.98E-17  1.06E-17
    30       0.00E+00  0.00E+00  0.00E+00  0.00E+00  0.00E+00  0.00E+00  2.16E-31  1.50E-22  1.53E-17  4.28E-16
             1.40E-15  1.36E-15  7.57E-16  3.36E-16  9.73E-17  3.60E-17  1.30E-17  3.34E-18  1.19E-18
    31       0.00E+00  0.00E+00  0.00E+00  0.00E+00  0.00E+00  0.00E+00  4.72E-30  3.22E-21  3.16E-16  8.47E-15
             2.66E-14  2.51E-14  1.38E-14  6.09E-15  1.76E-15  6.50E-16  2.35E-16  6.03E-17  2.14E-17
    32       0.00E+00  0.00E+00  0.00E+00  0.00E+00  0.00E+00  0.00E+00  2.60E-31  1.78E-22  1.81E-17  5.09E-16
             1.66E-15  1.62E-15  8.99E-16  3.99E-16  1.16E-16  4.28E-17  1.55E-17  3.97E-18  1.41E-18
    33       0.00E+00  0.00E+00  0.00E+00  0.00E+00  0.00E+00  0.00E+00  8.35E-31  7.24E-22  8.62E-17  2.59E-15
             8.81E-15  8.81E-15  4.95E-15  2.20E-15  6.41E-16  2.37E-16  8.59E-17  2.20E-17  7.83E-18
    34       0.00E+00  0.00E+00  0.00E+00  0.00E+00  0.00E+00  0.00E+00  6.04E-31  6.17E-22  8.96E-17  3.10E-15
             1.15E-14  1.22E-14  6.96E-15  3.13E-15  9.16E-16  3.40E-16  1.23E-16  3.16E-17  1.12E-17
    35       0.00E+00  0.00E+00  0.00E+00  0.00E+00  0.00E+00  0.00E+00  2.33E-31  2.34E-22  5.94E-17  2.93E-15
             1.29E-14  1.50E-14  8.83E-15  4.03E-15  1.19E-15  4.42E-16  1.60E-16  4.12E-17  1.46E-17
    36       0.00E+00  0.00E+00  0.00E+00  0.00E+00  0.00E+00  0.00E+00  9.99E-31  1.27E-21  3.78E-16  1.94E-14
             8.67E-14  1.02E-13  6.00E-14  2.74E-14  8.08E-15  3.01E-15  1.09E-15  2.80E-16  9.96E-17
    37       0.00E+00  0.00E+00  0.00E+00  0.00E+00  0.00E+00  0.00E+00  1.12E-30  1.46E-21  5.81E-16  3.25E-14
             1.50E-13  1.78E-13  1.05E-13  4.83E-14  1.43E-14  5.31E-15  1.93E-15  4.95E-16  1.76E-16
    38       0.00E+00  0.00E+00  0.00E+00  0.00E+00  0.00E+00  0.00E+00  1.54E-30  1.88E-21  3.18E-16  1.19E-14
             4.59E-14  4.98E-14  2.87E-14  1.30E-14  3.80E-15  1.41E-15  5.12E-16  1.31E-16  4.67E-17
    39       0.00E+00  0.00E+00  0.00E+00  0.00E+00  0.00E+00  0.00E+00  2.75E-30  3.36E-21  5.20E-16  1.78E-14
             6.55E-14  6.88E-14  3.92E-14  1.76E-14  5.15E-15  1.91E-15  6.92E-16  1.78E-16  6.31E-17
    40       0.00E+00  0.00E+00  0.00E+00  0.00E+00  0.00E+00  0.00E+00  5.07E-31  6.29E-22  9.46E-17  3.12E-15
             1.11E-14  1.15E-14  6.49E-15  2.91E-15  8.47E-16  3.14E-16  1.14E-16  2.92E-17  1.04E-17
    41       0.00E+00  0.00E+00  0.00E+00  0.00E+00  0.00E+00  0.00E+00  1.29E-30  1.57E-21  2.23E-16  6.86E-15
             2.32E-14  2.31E-14  1.29E-14  5.75E-15  1.67E-15  6.18E-16  2.24E-16  5.74E-17  2.04E-17
    42       0.00E+00  0.00E+00  0.00E+00  0.00E+00  0.00E+00  0.00E+00  8.44E-32  1.04E-22  1.53E-17  4.92E-16
             1.73E-15  1.76E-15  9.92E-16  4.44E-16  1.29E-16  4.79E-17  1.73E-17  4.45E-18  1.58E-18
    43       0.00E+00  0.00E+00  0.00E+00  0.00E+00  0.00E+00  0.00E+00  2.41E-33  3.01E-24  5.06E-19  1.88E-17
             7.24E-17  7.86E-17  4.53E-17  2.05E-17  6.00E-18  2.23E-18  8.08E-19  2.07E-19  7.37E-20
    44       0.00E+00  0.00E+00  0.00E+00  0.00E+00  0.00E+00  0.00E+00  1.04E-31  1.27E-22  1.86E-17  5.96E-16
             2.09E-15  2.13E-15  1.20E-15  5.36E-16  1.56E-16  5.78E-17  2.09E-17  5.37E-18  1.91E-18
    45       0.00E+00  0.00E+00  0.00E+00  0.00E+00  0.00E+00  0.00E+00  2.83E-33  3.53E-24  5.92E-19  2.19E-17
             8.46E-17  9.19E-17  5.30E-17  2.39E-17  7.02E-18  2.61E-18  9.45E-19  2.43E-19  8.62E-20
    46       0.00E+00  0.00E+00  0.00E+00  0.00E+00  0.00E+00  0.00E+00  2.56E-31  3.56E-22  5.44E-17  1.73E-15
             5.96E-15  6.00E-15  3.37E-15  1.50E-15  4.37E-16  1.62E-16  5.86E-17  1.50E-17  5.34E-18
    47       0.00E+00  0.00E+00  0.00E+00  0.00E+00  0.00E+00  0.00E+00  2.35E-31  3.70E-22  6.29E-17  2.12E-15
             7.59E-15  7.83E-15  4.44E-15  1.99E-15  5.79E-16  2.15E-16  7.78E-17  2.00E-17  7.09E-18
    48       0.00E+00  0.00E+00  0.00E+00  0.00E+00  0.00E+00  0.00E+00  8.81E-32  1.29E-22  3.08E-17  1.44E-15
             6.23E-15  7.23E-15  4.26E-15  1.95E-15  5.74E-16  2.14E-16  7.74E-17  1.99E-17  7.07E-18
    49       0.00E+00  0.00E+00  0.00E+00  0.00E+00  0.00E+00  0.00E+00  3.30E-31  6.44E-22  2.73E-16  1.57E-14
             7.40E-14  8.93E-14  5.32E-14  2.44E-14  7.23E-15  2.69E-15  9.78E-16  2.51E-16  8.93E-17
    50       0.00E+00  0.00E+00  0.00E+00  0.00E+00  0.00E+00  0.00E+00  3.92E-31  7.76E-22  4.26E-16  2.63E-14
             1.27E-13  1.55E-13  9.24E-14  4.25E-14  1.26E-14  4.69E-15  1.70E-15  4.38E-16  1.56E-16
    51       0.00E+00  0.00E+00  0.00E+00  0.00E+00  0.00E+00  0.00E+00  5.86E-31  1.04E-21  2.05E-16  7.74E-15
             2.99E-14  3.24E-14  1.87E-14  8.43E-15  2.47E-15  9.18E-16  3.33E-16  8.54E-17  3.03E-17
    52       0.00E+00  0.00E+00  0.00E+00  0.00E+00  0.00E+00  0.00E+00  1.06E-30  1.90E-21  3.60E-16  1.29E-14
             4.84E-14  5.13E-14  2.94E-14  1.32E-14  3.86E-15  1.43E-15  5.19E-16  1.33E-16  4.73E-17
    53       0.00E+00  0.00E+00  0.00E+00  0.00E+00  0.00E+00  0.00E+00  1.90E-31  3.43E-22  6.19E-17  2.08E-15
             7.40E-15  7.58E-15  4.28E-15  1.91E-15  5.58E-16  2.07E-16  7.48E-17  1.92E-17  6.82E-18
    54       0.00E+00  0.00E+00  0.00E+00  0.00E+00  0.00E+00  0.00E+00  4.99E-31  8.89E-22  1.54E-16  4.98E-15
             1.71E-14  1.71E-14  9.56E-15  4.26E-15  1.24E-15  4.58E-16  1.66E-16  4.25E-17  1.51E-17
    55       0.00E+00  0.00E+00  0.00E+00  0.00E+00  0.00E+00  0.00E+00  3.69E-32  6.61E-23  1.16E-17  3.78E-16
             1.31E-15  1.31E-15  7.38E-16  3.29E-16  9.55E-17  3.54E-17  1.28E-17  3.28E-18  1.17E-18
    56       0.00E+00  0.00E+00  0.00E+00  0.00E+00  0.00E+00  0.00E+00  1.73E-33  3.11E-24  5.61E-19  1.90E-17
             6.79E-17  6.98E-17  3.95E-17  1.77E-17  5.15E-18  1.91E-18  6.91E-19  1.77E-19  6.30E-20
    57       0.00E+00  0.00E+00  0.00E+00  0.00E+00  0.00E+00  0.00E+00  4.70E-32  8.37E-23  1.46E-17  4.75E-16
             1.64E-15  1.65E-15  9.23E-16  4.11E-16  1.19E-16  4.42E-17  1.60E-17  4.11E-18  1.46E-18
    58       0.00E+00  0.00E+00  0.00E+00  0.00E+00  0.00E+00  0.00E+00  2.03E-33  3.63E-24  6.55E-19  2.22E-17
             7.93E-17  8.15E-17  4.61E-17  2.06E-17  6.01E-18  2.23E-18  8.07E-19  2.07E-19  7.36E-20

                                                                                     --------------------------
                                                                                     PRTF= 1  LVLPRT= (1S  0.0)
   ILREP
   -----
     4       0.00E+00  0.00E+00  0.00E+00  0.00E+00  0.00E+00  1.49E-28  1.68E-20  1.57E-16  7.60E-14  4.79E-13
             7.78E-13  5.10E-13  2.49E-13  1.04E-13  2.90E-14  1.06E-14  3.81E-15  9.73E-16  3.45E-16
     5       0.00E+00  0.00E+00  0.00E+00  0.00E+00  0.00E+00  3.64E-31  1.18E-21  6.75E-17  9.08E-14  8.26E-13
             1.63E-12  1.20E-12  6.12E-13  2.60E-13  7.34E-14  2.69E-14  9.69E-15  2.48E-15  8.80E-16
     6       0.00E+00  0.00E+00  0.00E+00  0.00E+00  0.00E+00  4.19E-31  1.05E-22  2.05E-17  6.36E-14  7.90E-13
             1.80E-12  1.44E-12  7.52E-13  3.23E-13  9.19E-14  3.38E-14  1.22E-14  3.12E-15  1.11E-15
     7       0.00E+00  0.00E+00  0.00E+00  0.00E+00  0.00E+00  2.19E-40  3.02E-26  2.47E-19  3.79E-15  7.23E-14
             1.97E-13  1.71E-13  9.13E-14  3.97E-14  1.14E-14  4.19E-15  1.51E-15  3.87E-16  1.38E-16
     8       0.00E+00  0.00E+00  0.00E+00  0.00E+00  0.00E+00  1.18E-41  5.34E-27  1.02E-19  4.18E-15  1.02E-13
             3.06E-13  2.80E-13  1.52E-13  6.67E-14  1.92E-14  7.08E-15  2.56E-15  6.56E-16  2.33E-16
     9       0.00E+00  0.00E+00  0.00E+00  0.00E+00  0.00E+00  3.44E-42  7.81E-27  2.75E-19  1.21E-14  3.22E-13
             1.02E-12  9.73E-13  5.35E-13  2.36E-13  6.83E-14  2.52E-14  9.12E-15  2.34E-15  8.30E-16
    10       0.00E+00  0.00E+00  0.00E+00  0.00E+00  0.00E+00  1.21E-42  5.70E-27  2.73E-19  1.22E-14  3.32E-13
             1.07E-12  1.03E-12  5.72E-13  2.53E-13  7.32E-14  2.71E-14  9.78E-15  2.51E-15  8.91E-16
    11       0.00E+00  0.00E+00  0.00E+00  0.00E+00  0.00E+00  0.00E+00  8.51E-29  9.12E-21  3.24E-16  6.76E-15
             1.93E-14  1.75E-14  9.50E-15  4.17E-15  1.20E-15  4.43E-16  1.60E-16  4.10E-17  1.46E-17
    12       0.00E+00  0.00E+00  0.00E+00  0.00E+00  0.00E+00  0.00E+00  4.30E-29  7.08E-21  6.70E-16  2.34E-14
             8.62E-14  8.97E-14  5.09E-14  2.28E-14  6.65E-15  2.46E-15  8.92E-16  2.29E-16  8.13E-17
    13       0.00E+00  0.00E+00  0.00E+00  0.00E+00  0.00E+00  0.00E+00  1.09E-28  2.63E-20  3.28E-15  1.25E-13
             4.81E-13  5.13E-13  2.93E-13  1.32E-13  3.86E-14  1.43E-14  5.18E-15  1.33E-15  4.73E-16
    14       0.00E+00  0.00E+00  0.00E+00  0.00E+00  0.00E+00  0.00E+00  1.39E-28  3.64E-20  2.93E-15  9.24E-14
             3.29E-13  3.39E-13  1.92E-13  8.58E-14  2.50E-14  9.27E-15  3.36E-15  8.61E-16  3.06E-16
    15       0.00E+00  0.00E+00  0.00E+00  0.00E+00  0.00E+00  0.00E+00  4.45E-29  1.18E-20  7.31E-16  1.86E-14
             5.86E-14  5.62E-14  3.11E-14  1.38E-14  3.99E-15  1.48E-15  5.34E-16  1.37E-16  4.86E-17
    16       0.00E+00  0.00E+00  0.00E+00  0.00E+00  0.00E+00  0.00E+00  4.77E-30  1.95E-21  1.58E-16  4.43E-15
             1.47E-14  1.46E-14  8.18E-15  3.64E-15  1.06E-15  3.92E-16  1.42E-16  3.63E-17  1.29E-17
    17       0.00E+00  0.00E+00  0.00E+00  0.00E+00  0.00E+00  0.00E+00  3.62E-30  1.81E-21  2.00E-16  6.83E-15
             2.54E-14  2.68E-14  1.53E-14  6.90E-15  2.02E-15  7.48E-16  2.71E-16  6.95E-17  2.47E-17
    18       0.00E+00  0.00E+00  0.00E+00  0.00E+00  0.00E+00  0.00E+00  9.90E-30  6.61E-21  1.39E-15  6.35E-14
             2.67E-13  3.02E-13  1.76E-13  8.01E-14  2.36E-14  8.76E-15  3.17E-15  8.15E-16  2.90E-16
    19       0.00E+00  0.00E+00  0.00E+00  0.00E+00  0.00E+00  0.00E+00  1.67E-29  1.13E-20  1.20E-15  3.59E-14
             1.23E-13  1.23E-13  6.94E-14  3.10E-14  9.01E-15  3.34E-15  1.21E-15  3.10E-16  1.10E-16
    20       0.00E+00  0.00E+00  0.00E+00  0.00E+00  0.00E+00  0.00E+00  6.66E-30  4.57E-21  4.53E-16  1.23E-14
             3.91E-14  3.73E-14  2.06E-14  9.09E-15  2.63E-15  9.72E-16  3.51E-16  9.01E-17  3.20E-17
    21       0.00E+00  0.00E+00  0.00E+00  0.00E+00  0.00E+00  0.00E+00  4.77E-31  3.28E-22  3.34E-17  9.37E-16
             3.06E-15  2.98E-15  1.66E-15  7.34E-16  2.13E-16  7.88E-17  2.85E-17  7.31E-18  2.59E-18
    22       0.00E+00  0.00E+00  0.00E+00  0.00E+00  0.00E+00  0.00E+00  8.35E-31  7.24E-22  8.62E-17  2.59E-15
             8.81E-15  8.81E-15  4.95E-15  2.20E-15  6.41E-16  2.37E-16  8.59E-17  2.20E-17  7.83E-18
    23       0.00E+00  0.00E+00  0.00E+00  0.00E+00  0.00E+00  0.00E+00  8.37E-31  8.51E-22  1.49E-16  6.04E-15
             2.44E-14  2.72E-14  1.58E-14  7.16E-15  2.10E-15  7.82E-16  2.83E-16  7.28E-17  2.59E-17
    24       0.00E+00  0.00E+00  0.00E+00  0.00E+00  0.00E+00  0.00E+00  2.12E-30  2.73E-21  9.60E-16  5.20E-14
             2.36E-13  2.79E-13  1.65E-13  7.57E-14  2.23E-14  8.32E-15  3.02E-15  7.75E-16  2.76E-16
    25       0.00E+00  0.00E+00  0.00E+00  0.00E+00  0.00E+00  0.00E+00  4.29E-30  5.24E-21  8.37E-16  2.97E-14
             1.11E-13  1.19E-13  6.79E-14  3.06E-14  8.95E-15  3.32E-15  1.20E-15  3.09E-16  1.10E-16
    26       0.00E+00  0.00E+00  0.00E+00  0.00E+00  0.00E+00  0.00E+00  1.79E-30  2.20E-21  3.17E-16  9.97E-15
             3.44E-14  3.46E-14  1.94E-14  8.65E-15  2.52E-15  9.32E-16  3.37E-16  8.65E-17  3.07E-17
    27       0.00E+00  0.00E+00  0.00E+00  0.00E+00  0.00E+00  0.00E+00  1.88E-31  2.31E-22  3.39E-17  1.09E-15
             3.81E-15  3.88E-15  2.19E-15  9.79E-16  2.85E-16  1.06E-16  3.83E-17  9.81E-18  3.49E-18
    28       0.00E+00  0.00E+00  0.00E+00  0.00E+00  0.00E+00  0.00E+00  5.24E-33  6.54E-24  1.10E-18  4.07E-17
             1.57E-16  1.70E-16  9.83E-17  4.44E-17  1.30E-17  4.84E-18  1.75E-18  4.50E-19  1.60E-19
    29       0.00E+00  0.00E+00  0.00E+00  0.00E+00  0.00E+00  0.00E+00  2.56E-31  3.56E-22  5.44E-17  1.73E-15
             5.96E-15  6.00E-15  3.37E-15  1.50E-15  4.37E-16  1.62E-16  5.86E-17  1.50E-17  5.34E-18
    30       0.00E+00  0.00E+00  0.00E+00  0.00E+00  0.00E+00  0.00E+00  3.23E-31  4.99E-22  9.37E-17  3.55E-15
             1.38E-14  1.51E-14  8.70E-15  3.93E-15  1.15E-15  4.28E-16  1.55E-16  3.98E-17  1.42E-17
    31       0.00E+00  0.00E+00  0.00E+00  0.00E+00  0.00E+00  0.00E+00  7.23E-31  1.42E-21  6.99E-16  4.20E-14
             2.01E-13  2.44E-13  1.46E-13  6.69E-14  1.98E-14  7.39E-15  2.68E-15  6.89E-16  2.45E-16
    32       0.00E+00  0.00E+00  0.00E+00  0.00E+00  0.00E+00  0.00E+00  1.65E-30  2.94E-21  5.65E-16  2.07E-14
             7.83E-14  8.37E-14  4.80E-14  2.16E-14  6.33E-15  2.35E-15  8.52E-16  2.19E-16  7.77E-17
    33       0.00E+00  0.00E+00  0.00E+00  0.00E+00  0.00E+00  0.00E+00  6.90E-31  1.23E-21  2.16E-16  7.06E-15
             2.45E-14  2.47E-14  1.38E-14  6.17E-15  1.79E-15  6.64E-16  2.40E-16  6.17E-17  2.19E-17
    34       0.00E+00  0.00E+00  0.00E+00  0.00E+00  0.00E+00  0.00E+00  8.39E-32  1.50E-22  2.62E-17  8.52E-16
             2.95E-15  2.96E-15  1.66E-15  7.40E-16  2.15E-16  7.96E-17  2.88E-17  7.39E-18  2.62E-18
    35       0.00E+00  0.00E+00  0.00E+00  0.00E+00  0.00E+00  0.00E+00  3.76E-33  6.74E-24  1.22E-18  4.12E-17
             1.47E-16  1.51E-16  8.56E-17  3.83E-17  1.12E-17  4.14E-18  1.50E-18  3.84E-19  1.37E-19
    37       0.00E+00  0.00E+00  0.00E+00  0.00E+00  0.00E+00  0.00E+00  1.08E-31  2.05E-22  3.84E-17  1.32E-15
             4.76E-15  4.92E-15  2.79E-15  1.25E-15  3.65E-16  1.35E-16  4.89E-17  1.26E-17  4.46E-18
    38       0.00E+00  0.00E+00  0.00E+00  0.00E+00  0.00E+00  0.00E+00  1.65E-31  3.44E-22  7.86E-17  3.22E-15
             1.30E-14  1.45E-14  8.44E-15  3.83E-15  1.13E-15  4.18E-16  1.52E-16  3.89E-17  1.38E-17
    39       0.00E+00  0.00E+00  0.00E+00  0.00E+00  0.00E+00  0.00E+00  3.23E-31  8.61E-22  5.56E-16  3.62E-14
             1.79E-13  2.22E-13  1.33E-13  6.15E-14  1.83E-14  6.81E-15  2.47E-15  6.35E-16  2.26E-16
    40       0.00E+00  0.00E+00  0.00E+00  0.00E+00  0.00E+00  0.00E+00  8.05E-31  1.86E-21  4.34E-16  1.74E-14
             6.90E-14  7.62E-14  4.42E-14  2.00E-14  5.87E-15  2.18E-15  7.91E-16  2.03E-16  7.22E-17
    41       0.00E+00  0.00E+00  0.00E+00  0.00E+00  0.00E+00  0.00E+00  3.31E-31  7.67E-22  1.60E-16  5.60E-15
             2.03E-14  2.09E-14  1.19E-14  5.32E-15  1.55E-15  5.75E-16  2.08E-16  5.34E-17  1.90E-17
    42       0.00E+00  0.00E+00  0.00E+00  0.00E+00  0.00E+00  0.00E+00  4.33E-32  1.00E-22  2.07E-17  7.25E-16
             2.61E-15  2.69E-15  1.53E-15  6.83E-16  1.99E-16  7.38E-17  2.67E-17  6.85E-18  2.43E-18
    43       0.00E+00  0.00E+00  0.00E+00  0.00E+00  0.00E+00  0.00E+00  2.42E-33  5.62E-24  1.20E-18  4.38E-17
             1.63E-16  1.72E-16  9.80E-17  4.41E-17  1.29E-17  4.78E-18  1.73E-18  4.44E-19  1.58E-19
    46       0.00E+00  0.00E+00  0.00E+00  0.00E+00  0.00E+00  0.00E+00  5.48E-32  1.30E-22  2.83E-17  1.04E-15
             3.87E-15  4.11E-15  2.35E-15  1.06E-15  3.09E-16  1.15E-16  4.15E-17  1.07E-17  3.79E-18
    47       0.00E+00  0.00E+00  0.00E+00  0.00E+00  0.00E+00  0.00E+00  1.00E-31  2.58E-22  6.78E-17  2.93E-15
             1.22E-14  1.39E-14  8.12E-15  3.70E-15  1.09E-15  4.05E-16  1.47E-16  3.77E-17  1.34E-17
    48       0.00E+00  0.00E+00  0.00E+00  0.00E+00  0.00E+00  0.00E+00  1.71E-31  5.73E-22  4.57E-16  3.15E-14
             1.60E-13  2.01E-13  1.21E-13  5.60E-14  1.66E-14  6.21E-15  2.25E-15  5.80E-16  2.06E-16
    49       0.00E+00  0.00E+00  0.00E+00  0.00E+00  0.00E+00  0.00E+00  4.56E-31  1.28E-21  3.45E-16  1.48E-14
             6.14E-14  6.94E-14  4.06E-14  1.85E-14  5.43E-15  2.02E-15  7.33E-16  1.88E-16  6.69E-17
    50       0.00E+00  0.00E+00  0.00E+00  0.00E+00  0.00E+00  0.00E+00  1.84E-31  5.13E-22  1.21E-16  4.51E-15
             1.69E-14  1.79E-14  1.02E-14  4.60E-15  1.35E-15  4.99E-16  1.81E-16  4.64E-17  1.65E-17
    51       0.00E+00  0.00E+00  0.00E+00  0.00E+00  0.00E+00  0.00E+00  2.50E-32  6.98E-23  1.64E-17  6.08E-16
             2.27E-15  2.40E-15  1.37E-15  6.15E-16  1.80E-16  6.67E-17  2.41E-17  6.20E-18  2.20E-18
    52       0.00E+00  0.00E+00  0.00E+00  0.00E+00  0.00E+00  0.00E+00  1.59E-33  4.45E-24  1.09E-18  4.19E-17
             1.62E-16  1.74E-16  1.00E-16  4.53E-17  1.33E-17  4.92E-18  1.78E-18  4.58E-19  1.63E-19

   INREP
   -----
     3       0.00E+00  0.00E+00  0.00E+00  0.00E+00  0.00E+00  1.50E-28  1.81E-20  2.45E-16  2.30E-13  2.10E-12
             4.22E-12  3.16E-12  1.61E-12  6.87E-13  1.94E-13  7.13E-14  2.57E-14  6.57E-15  2.33E-15
     4       0.00E+00  0.00E+00  0.00E+00  0.00E+00  0.00E+00  2.35E-40  4.90E-26  8.97E-19  3.23E-14  8.28E-13
             2.60E-12  2.46E-12  1.35E-12  5.96E-13  1.72E-13  6.36E-14  2.30E-14  5.89E-15  2.09E-15
     5       0.00E+00  0.00E+00  0.00E+00  0.00E+00  0.00E+00  0.00E+00  4.21E-28  9.07E-20  7.94E-15  2.67E-13
             9.74E-13  1.02E-12  5.77E-13  2.59E-13  7.54E-14  2.80E-14  1.01E-14  2.60E-15  9.23E-16
     6       0.00E+00  0.00E+00  0.00E+00  0.00E+00  0.00E+00  0.00E+00  4.21E-29  2.65E-20  3.43E-15  1.24E-13
             4.72E-13  5.08E-13  2.92E-13  1.31E-13  3.85E-14  1.43E-14  5.17E-15  1.33E-15  4.72E-16
     7       0.00E+00  0.00E+00  0.00E+00  0.00E+00  0.00E+00  0.00E+00  1.01E-29  1.20E-20  2.38E-15  1.01E-13
             4.19E-13  4.73E-13  2.76E-13  1.25E-13  3.69E-14  1.37E-14  4.97E-15  1.28E-15  4.53E-16
     8       0.00E+00  0.00E+00  0.00E+00  0.00E+00  0.00E+00  0.00E+00  3.73E-30  6.60E-21  1.66E-15  7.59E-14
             3.26E-13  3.76E-13  2.21E-13  1.01E-13  2.98E-14  1.11E-14  4.02E-15  1.03E-15  3.67E-16
     9       0.00E+00  0.00E+00  0.00E+00  0.00E+00  0.00E+00  0.00E+00  1.78E-30  4.15E-21  1.29E-15  6.45E-14
             2.89E-13  3.41E-13  2.02E-13  9.27E-14  2.74E-14  1.02E-14  3.70E-15  9.51E-16  3.38E-16
    10       0.00E+00  0.00E+00  0.00E+00  0.00E+00  0.00E+00  0.00E+00  9.92E-31  2.82E-21  1.04E-15  5.54E-14
             2.56E-13  3.09E-13  1.84E-13  8.45E-14  2.50E-14  9.32E-15  3.38E-15  8.69E-16  3.09E-16
    11       0.00E+00  0.00E+00  0.00E+00  0.00E+00  0.00E+00  0.00E+00  6.16E-31  2.03E-21  8.52E-16  4.81E-14
             2.28E-13  2.78E-13  1.67E-13  7.67E-14  2.27E-14  8.47E-15  3.08E-15  7.90E-16  2.81E-16
    12       0.00E+00  0.00E+00  0.00E+00  0.00E+00  0.00E+00  0.00E+00  4.12E-31  1.52E-21  6.97E-16  4.07E-14
             1.96E-13  2.42E-13  1.45E-13  6.69E-14  1.98E-14  7.40E-15  2.69E-15  6.90E-16  2.45E-16
    13       0.00E+00  0.00E+00  0.00E+00  0.00E+00  0.00E+00  0.00E+00  2.91E-31  1.17E-21  5.75E-16  3.45E-14
             1.68E-13  2.09E-13  1.26E-13  5.80E-14  1.72E-14  6.42E-15  2.33E-15  5.99E-16  2.13E-16
    14       0.00E+00  0.00E+00  0.00E+00  0.00E+00  0.00E+00  0.00E+00  2.15E-31  9.23E-22  4.85E-16  2.98E-14
             1.47E-13  1.84E-13  1.11E-13  5.12E-14  1.52E-14  5.68E-15  2.06E-15  5.30E-16  1.88E-16
    15       0.00E+00  0.00E+00  0.00E+00  0.00E+00  0.00E+00  0.00E+00  1.63E-31  7.44E-22  4.19E-16  2.65E-14
             1.32E-13  1.66E-13  1.00E-13  4.64E-14  1.38E-14  5.15E-15  1.87E-15  4.80E-16  1.71E-16
    16       0.00E+00  0.00E+00  0.00E+00  0.00E+00  0.00E+00  0.00E+00  1.27E-31  6.08E-22  3.62E-16  2.34E-14
             1.18E-13  1.49E-13  8.99E-14  4.16E-14  1.24E-14  4.62E-15  1.68E-15  4.31E-16  1.53E-16
    17       0.00E+00  0.00E+00  0.00E+00  0.00E+00  0.00E+00  0.00E+00  7.29E-32  3.74E-22  2.53E-16  1.71E-14
             8.81E-14  1.12E-13  6.83E-14  3.16E-14  9.42E-15  3.51E-15  1.28E-15  3.28E-16  1.17E-16
    18       0.00E+00  0.00E+00  0.00E+00  0.00E+00  0.00E+00  0.00E+00  4.82E-32  2.62E-22  1.97E-16  1.38E-14
             7.21E-14  9.27E-14  5.64E-14  2.62E-14  7.79E-15  2.91E-15  1.06E-15  2.72E-16  9.66E-17
    19       0.00E+00  0.00E+00  0.00E+00  0.00E+00  0.00E+00  0.00E+00  3.58E-32  2.03E-22  1.60E-16  1.14E-14
             5.99E-14  7.73E-14  4.71E-14  2.19E-14  6.51E-15  2.43E-15  8.84E-16  2.27E-16  8.08E-17
    20       0.00E+00  0.00E+00  0.00E+00  0.00E+00  0.00E+00  0.00E+00  2.42E-32  1.43E-22  1.19E-16  8.66E-15
             4.58E-14  5.92E-14  3.61E-14  1.68E-14  5.00E-15  1.87E-15  6.79E-16  1.75E-16  6.21E-17
    21       0.00E+00  0.00E+00  0.00E+00  0.00E+00  0.00E+00  0.00E+00  1.51E-32  9.32E-23  8.28E-17  6.12E-15
             3.26E-14  4.23E-14  2.59E-14  1.20E-14  3.58E-15  1.34E-15  4.86E-16  1.25E-16  4.45E-17
    22       0.00E+00  0.00E+00  0.00E+00  0.00E+00  0.00E+00  0.00E+00  6.35E-33  4.42E-23  4.79E-17  3.71E-15
             2.01E-14  2.63E-14  1.61E-14  7.50E-15  2.24E-15  8.36E-16  3.04E-16  7.81E-17  2.78E-17
    23       0.00E+00  0.00E+00  0.00E+00  0.00E+00  0.00E+00  0.00E+00  4.75E-33  3.33E-23  3.62E-17  2.81E-15
             1.52E-14  2.00E-14  1.22E-14  5.69E-15  1.70E-15  6.34E-16  2.31E-16  5.93E-17  2.11E-17
    24       0.00E+00  0.00E+00  0.00E+00  0.00E+00  0.00E+00  0.00E+00  3.23E-33  2.28E-23  2.48E-17  1.93E-15
             1.04E-14  1.37E-14  8.39E-15  3.90E-15  1.16E-15  4.35E-16  1.58E-16  4.07E-17  1.45E-17
    25       0.00E+00  0.00E+00  0.00E+00  0.00E+00  0.00E+00  0.00E+00  2.56E-33  1.82E-23  1.97E-17  1.53E-15
             8.29E-15  1.09E-14  6.66E-15  3.10E-15  9.25E-16  3.46E-16  1.26E-16  3.23E-17  1.15E-17
    26       0.00E+00  0.00E+00  0.00E+00  0.00E+00  0.00E+00  0.00E+00  1.87E-33  1.33E-23  1.43E-17  1.11E-15
             6.03E-15  7.91E-15  4.85E-15  2.26E-15  6.73E-16  2.51E-16  9.14E-17  2.35E-17  8.36E-18
    27       0.00E+00  0.00E+00  0.00E+00  0.00E+00  0.00E+00  0.00E+00  1.41E-33  1.00E-23  1.07E-17  8.32E-16
             4.51E-15  5.92E-15  3.62E-15  1.69E-15  5.03E-16  1.88E-16  6.83E-17  1.76E-17  6.25E-18
    28       0.00E+00  0.00E+00  0.00E+00  0.00E+00  0.00E+00  0.00E+00  9.63E-34  6.83E-24  7.28E-18  5.63E-16
             3.05E-15  4.00E-15  2.45E-15  1.14E-15  3.41E-16  1.27E-16  4.63E-17  1.19E-17  4.23E-18
    29       0.00E+00  0.00E+00  0.00E+00  0.00E+00  0.00E+00  0.00E+00  6.41E-34  4.54E-24  4.80E-18  3.71E-16
             2.01E-15  2.63E-15  1.61E-15  7.51E-16  2.24E-16  8.37E-17  3.04E-17  7.82E-18  2.78E-18
    30       0.00E+00  0.00E+00  0.00E+00  0.00E+00  0.00E+00  0.00E+00  3.53E-34  2.50E-24  2.61E-18  2.01E-16
             1.09E-15  1.43E-15  8.75E-16  4.07E-16  1.21E-16  4.54E-17  1.65E-17  4.24E-18  1.51E-18
    31       0.00E+00  0.00E+00  0.00E+00  0.00E+00  0.00E+00  0.00E+00  2.19E-34  1.55E-24  1.61E-18  1.24E-16
             6.71E-16  8.80E-16  5.39E-16  2.51E-16  7.48E-17  2.80E-17  1.02E-17  2.61E-18  9.29E-19
    32       0.00E+00  0.00E+00  0.00E+00  0.00E+00  0.00E+00  0.00E+00  1.08E-34  7.67E-25  7.95E-19  6.11E-17
             3.31E-16  4.33E-16  2.65E-16  1.23E-16  3.68E-17  1.38E-17  5.00E-18  1.29E-18  4.57E-19
    33       0.00E+00  0.00E+00  0.00E+00  0.00E+00  0.00E+00  0.00E+00  7.49E-35  5.30E-25  5.49E-19  4.22E-17
             2.28E-16  2.99E-16  1.83E-16  8.52E-17  2.54E-17  9.50E-18  3.45E-18  8.88E-19  3.16E-19
    34       0.00E+00  0.00E+00  0.00E+00  0.00E+00  0.00E+00  0.00E+00  4.62E-35  3.27E-25  3.39E-19  2.60E-17
             1.41E-16  1.84E-16  1.13E-16  5.25E-17  1.57E-17  5.85E-18  2.13E-18  5.47E-19  1.94E-19
    35       0.00E+00  0.00E+00  0.00E+00  0.00E+00  0.00E+00  0.00E+00  2.86E-35  2.02E-25  2.09E-19  1.61E-17
             8.68E-17  1.14E-16  6.96E-17  3.24E-17  9.67E-18  3.61E-18  1.31E-18  3.38E-19  1.20E-19
    36       0.00E+00  0.00E+00  0.00E+00  0.00E+00  0.00E+00  0.00E+00  1.36E-35  9.63E-26  1.00E-19  7.70E-18
             4.16E-17  5.46E-17  3.34E-17  1.56E-17  4.64E-18  1.73E-18  6.30E-19  1.62E-19  5.76E-20
    37       0.00E+00  0.00E+00  0.00E+00  0.00E+00  0.00E+00  0.00E+00  8.34E-36  5.92E-26  6.15E-20  4.73E-18
             2.56E-17  3.35E-17  2.05E-17  9.56E-18  2.85E-18  1.06E-18  3.87E-19  9.95E-20  3.54E-20
    38       0.00E+00  0.00E+00  0.00E+00  0.00E+00  0.00E+00  0.00E+00  4.03E-36  2.86E-26  2.97E-20  2.28E-18
             1.24E-17  1.62E-17  9.91E-18  4.61E-18  1.38E-18  5.14E-19  1.87E-19  4.81E-20  1.71E-20
    39       0.00E+00  0.00E+00  0.00E+00  0.00E+00  0.00E+00  0.00E+00  2.40E-36  1.70E-26  1.77E-20  1.36E-18
             7.35E-18  9.63E-18  5.90E-18  2.75E-18  8.19E-19  3.06E-19  1.11E-19  2.86E-20  1.02E-20
    40       0.00E+00  0.00E+00  0.00E+00  0.00E+00  0.00E+00  0.00E+00  1.07E-36  7.59E-27  7.90E-21  6.07E-19
             3.28E-18  4.30E-18  2.63E-18  1.23E-18  3.66E-19  1.37E-19  4.97E-20  1.28E-20  4.54E-21
    41       0.00E+00  0.00E+00  0.00E+00  0.00E+00  0.00E+00  0.00E+00  6.88E-37  4.88E-27  5.08E-21  3.90E-19
             2.11E-18  2.77E-18  1.69E-18  7.88E-19  2.35E-19  8.79E-20  3.19E-20  8.21E-21  2.92E-21
    42       0.00E+00  0.00E+00  0.00E+00  0.00E+00  0.00E+00  0.00E+00  3.68E-37  2.61E-27  2.72E-21  2.09E-19
             1.13E-18  1.48E-18  9.06E-19  4.22E-19  1.26E-19  4.70E-20  1.71E-20  4.39E-21  1.56E-21



    T(K)     ALFT( 1)  ALFT( 2)  ALFT( 3)  ALFT( 4)  ALFT( 5)  ALFT( 6)  ALFT( 7)  ALFT( 8)  ALFT( 9)  ALFT(10)
    ----     --------  --------  --------  --------  --------  --------  --------  --------  --------  --------
  6.40E+02   0.00E+00
  1.28E+03   0.00E+00
  3.20E+03   0.00E+00
  6.40E+03   0.00E+00
  1.28E+04   0.00E+00
  3.20E+04   1.50E-28
  6.40E+04   1.81E-20
  1.28E+05   2.46E-16
  3.20E+05   2.87E-13
  6.40E+05   4.06E-12
  1.28E+06   1.18E-11
  3.20E+06   1.16E-11
  6.40E+06   6.48E-12
  1.28E+07   2.89E-12
  3.20E+07   8.43E-13
  6.40E+07   3.12E-13
  1.28E+08   1.13E-13
  3.20E+08   2.90E-14
  6.40E+08   1.03E-14

C--------------------------------------------------------------------------------------------------------------
C
C Ne-like target, 2l->3l core excitations.                                   
C
C--------------------------------------------------------------------------------------------------------------
