  1  1  1   1.0000   0.0000   0.0000   0.0000   0.0000   0.0000   0.0000
  2  1  1   1.0000   0.0000   0.0000   0.0000   0.0000   0.0000   0.0000
  2  2  1   1.0000   0.0000   0.0000   0.0000   0.0000   0.0000   0.0000
  3  1  1   0.0026   0.9974   0.0000   0.0000   0.0000   0.0000   0.0000
  3  1  2   1.0000   0.0000   0.0000   0.0000   0.0000   0.0000   0.0000
  3  1  3   1.0000   0.0000   0.0000   0.0000   0.0000   0.0000   0.0000
  3  2  1   0.0019   0.9981   0.0000   0.0000   0.0000   0.0000   0.0000
  3  2  2   1.0000   0.0000   0.0000   0.0000   0.0000   0.0000   0.0000
  3  2  3   1.0000   0.0000   0.0000   0.0000   0.0000   0.0000   0.0000
  3  3  1   0.0000   1.0000   0.0000   0.0000   0.0000   0.0000   0.0000
  3  3  2   1.0000   0.0000   0.0000   0.0000   0.0000   0.0000   0.0000
  3  4  1   1.0000   0.0000   0.0000   0.0000   0.0000   0.0000   0.0000
  3  4  2   1.0000   0.0000   0.0000   0.0000   0.0000   0.0000   0.0000
  3  5  1   1.0000   0.0000   0.0000   0.0000   0.0000   0.0000   0.0000
  3  6  1   1.0000   0.0000   0.0000   0.0000   0.0000   0.0000   0.0000
  4  1  1   0.0060   0.9940   0.0000   0.0000   0.0000   0.0000   0.0000
  4  1  2   1.0000   0.0000   0.0000   0.0000   0.0000   0.0000   0.0000
  4  1  3   1.0000   0.0000   0.0000   0.0000   0.0000   0.0000   0.0000
  4  2  1   0.0071   0.9929   0.0000   0.0000   0.0000   0.0000   0.0000
  4  2  2   1.0000   0.0000   0.0000   0.0000   0.0000   0.0000   0.0000
  4  2  3   1.0000   0.0000   0.0000   0.0000   0.0000   0.0000   0.0000
  4  3  1   0.0052   0.9948   0.0000   0.0000   0.0000   0.0000   0.0000
  4  3  2   1.0000   0.0000   0.0000   0.0000   0.0000   0.0000   0.0000
  4  3  3   1.0000   0.0000   0.0000   0.0000   0.0000   0.0000   0.0000
  4  4  1   0.0000   1.0000   0.0000   0.0000   0.0000   0.0000   0.0000
  4  4  2   1.0000   0.0000   0.0000   0.0000   0.0000   0.0000   0.0000
  4  5  1   1.0000   0.0000   0.0000   0.0000   0.0000   0.0000   0.0000
  4  5  2   1.0000   0.0000   0.0000   0.0000   0.0000   0.0000   0.0000
  4  6  1   1.0000   0.0000   0.0000   0.0000   0.0000   0.0000   0.0000
  4  7  1   1.0000   0.0000   0.0000   0.0000   0.0000   0.0000   0.0000
  5  1  1   0.0094   0.9906   0.0000   0.0000   0.0000   0.0000   0.0000
  5  1  2   1.0000   0.0000   0.0000   0.0000   0.0000   0.0000   0.0000
  5  1  3   1.0000   0.0000   0.0000   0.0000   0.0000   0.0000   0.0000
  5  2  1   0.0109   0.9891   0.0000   0.0000   0.0000   0.0000   0.0000
  5  2  2   1.0000   0.0000   0.0000   0.0000   0.0000   0.0000   0.0000
  5  2  3   1.0000   0.0000   0.0000   0.0000   0.0000   0.0000   0.0000
  5  3  1   0.0129   0.9871   0.0000   0.0000   0.0000   0.0000   0.0000
  5  3  2   1.0000   0.0000   0.0000   0.0000   0.0000   0.0000   0.0000
  5  3  3   1.0000   0.0000   0.0000   0.0000   0.0000   0.0000   0.0000
  5  4  1   0.0096   0.9904   0.0000   0.0000   0.0000   0.0000   0.0000
  5  4  2   1.0000   0.0000   0.0000   0.0000   0.0000   0.0000   0.0000
  5  4  3   1.0000   0.0000   0.0000   0.0000   0.0000   0.0000   0.0000
  5  5  1   0.0000   1.0000   0.0000   0.0000   0.0000   0.0000   0.0000
  5  5  2   1.0000   0.0000   0.0000   0.0000   0.0000   0.0000   0.0000
  5  6  1   1.0000   0.0000   0.0000   0.0000   0.0000   0.0000   0.0000
  5  6  2   1.0000   0.0000   0.0000   0.0000   0.0000   0.0000   0.0000
  5  7  1   1.0000   0.0000   0.0000   0.0000   0.0000   0.0000   0.0000
  5  8  1   1.0000   0.0000   0.0000   0.0000   0.0000   0.0000   0.0000
  6  1  1   0.0182   0.9818   0.0000   0.0000   0.0000   0.0000   0.0000
  6  1  2   1.0000   0.0000   0.0000   0.0000   0.0000   0.0000   0.0000
  6  1  3   1.0000   0.0000   0.0000   0.0000   0.0000   0.0000   0.0000
  6  2  1   0.0204   0.9796   0.0000   0.0000   0.0000   0.0000   0.0000
  6  2  2   1.0000   0.0000   0.0000   0.0000   0.0000   0.0000   0.0000
  6  2  3   1.0000   0.0000   0.0000   0.0000   0.0000   0.0000   0.0000
  6  3  1   0.0232   0.9768   0.0000   0.0000   0.0000   0.0000   0.0000
  6  3  2   1.0000   0.0000   0.0000   0.0000   0.0000   0.0000   0.0000
  6  3  3   1.0000   0.0000   0.0000   0.0000   0.0000   0.0000   0.0000
  6  4  1   0.0268   0.9732   0.0000   0.0000   0.0000   0.0000   0.0000
  6  4  2   1.0000   0.0000   0.0000   0.0000   0.0000   0.0000   0.0000
  6  4  3   1.0000   0.0000   0.0000   0.0000   0.0000   0.0000   0.0000
  6  5  1   0.0312   0.9688   0.0000   0.0000   0.0000   0.0000   0.0000
  6  5  2   1.0000   0.0000   0.0000   0.0000   0.0000   0.0000   0.0000
  6  5  3   1.0000   0.0000   0.0000   0.0000   0.0000   0.0000   0.0000
  6  6  1   0.0229   0.9771   0.0000   0.0000   0.0000   0.0000   0.0000
  6  6  2   1.0000   0.0000   0.0000   0.0000   0.0000   0.0000   0.0000
  6  6  3   1.0000   0.0000   0.0000   0.0000   0.0000   0.0000   0.0000
  6  7  1   0.0000   1.0000   0.0000   0.0000   0.0000   0.0000   0.0000
  6  7  2   1.0000   0.0000   0.0000   0.0000   0.0000   0.0000   0.0000
  6  8  1   1.0000   0.0000   0.0000   0.0000   0.0000   0.0000   0.0000
  6  8  2   1.0000   0.0000   0.0000   0.0000   0.0000   0.0000   0.0000
  6  9  1   1.0000   0.0000   0.0000   0.0000   0.0000   0.0000   0.0000
  6 10  1   1.0000   0.0000   0.0000   0.0000   0.0000   0.0000   0.0000
  7  1  1   0.0260   0.6342   0.3398   0.0000   0.0000   0.0000   0.0000
  7  1  2   0.0001   0.9999   0.0000   0.0000   0.0000   0.0000   0.0000
  7  1  3   1.0000   0.0000   0.0000   0.0000   0.0000   0.0000   0.0000
  7  1  4   1.0000   0.0000   0.0000   0.0000   0.0000   0.0000   0.0000
  7  2  1   0.0263   0.9737   0.0000   0.0000   0.0000   0.0000   0.0000
  7  2  2   1.0000   0.0000   0.0000   0.0000   0.0000   0.0000   0.0000
  7  2  3   1.0000   0.0000   0.0000   0.0000   0.0000   0.0000   0.0000
  7  3  1   0.0296   0.9704   0.0000   0.0000   0.0000   0.0000   0.0000
  7  3  2   1.0000   0.0000   0.0000   0.0000   0.0000   0.0000   0.0000
  7  3  3   1.0000   0.0000   0.0000   0.0000   0.0000   0.0000   0.0000
  7  4  1   0.0338   0.9662   0.0000   0.0000   0.0000   0.0000   0.0000
  7  4  2   1.0000   0.0000   0.0000   0.0000   0.0000   0.0000   0.0000
  7  4  3   1.0000   0.0000   0.0000   0.0000   0.0000   0.0000   0.0000
  7  5  1   0.0393   0.9607   0.0000   0.0000   0.0000   0.0000   0.0000
  7  5  2   1.0000   0.0000   0.0000   0.0000   0.0000   0.0000   0.0000
  7  5  3   1.0000   0.0000   0.0000   0.0000   0.0000   0.0000   0.0000
  7  6  1   0.0466   0.9534   0.0000   0.0000   0.0000   0.0000   0.0000
  7  6  2   1.0000   0.0000   0.0000   0.0000   0.0000   0.0000   0.0000
  7  6  3   1.0000   0.0000   0.0000   0.0000   0.0000   0.0000   0.0000
  7  7  1   0.0352   0.9648   0.0000   0.0000   0.0000   0.0000   0.0000
  7  7  2   1.0000   0.0000   0.0000   0.0000   0.0000   0.0000   0.0000
  7  7  3   1.0000   0.0000   0.0000   0.0000   0.0000   0.0000   0.0000
  7  8  1   0.0000   1.0000   0.0000   0.0000   0.0000   0.0000   0.0000
  7  8  2   1.0000   0.0000   0.0000   0.0000   0.0000   0.0000   0.0000
  7  9  1   1.0000   0.0000   0.0000   0.0000   0.0000   0.0000   0.0000
  7  9  2   1.0000   0.0000   0.0000   0.0000   0.0000   0.0000   0.0000
  7 10  1   1.0000   0.0000   0.0000   0.0000   0.0000   0.0000   0.0000
  7 11  1   1.0000   0.0000   0.0000   0.0000   0.0000   0.0000   0.0000
  8  1  1   0.0001   0.0544   0.8645   0.0810   0.0000   0.0000   0.0000
  8  1  2   0.0000   1.0000   0.0000   0.0000   0.0000   0.0000   0.0000
  8  1  3   0.0033   0.9967   0.0000   0.0000   0.0000   0.0000   0.0000
  8  1  4   1.0000   0.0000   0.0000   0.0000   0.0000   0.0000   0.0000
  8  2  1   0.0341   0.6100   0.3559   0.0000   0.0000   0.0000   0.0000
  8  2  2   0.0001   0.9999   0.0000   0.0000   0.0000   0.0000   0.0000
  8  2  3   1.0000   0.0000   0.0000   0.0000   0.0000   0.0000   0.0000
  8  2  4   1.0000   0.0000   0.0000   0.0000   0.0000   0.0000   0.0000
  8  3  1   0.0346   0.9654   0.0000   0.0000   0.0000   0.0000   0.0000
  8  3  2   1.0000   0.0000   0.0000   0.0000   0.0000   0.0000   0.0000
  8  3  3   1.0000   0.0000   0.0000   0.0000   0.0000   0.0000   0.0000
  8  4  1   0.0386   0.9614   0.0000   0.0000   0.0000   0.0000   0.0000
  8  4  2   1.0000   0.0000   0.0000   0.0000   0.0000   0.0000   0.0000
  8  4  3   1.0000   0.0000   0.0000   0.0000   0.0000   0.0000   0.0000
  8  5  1   0.0436   0.9564   0.0000   0.0000   0.0000   0.0000   0.0000
  8  5  2   1.0000   0.0000   0.0000   0.0000   0.0000   0.0000   0.0000
  8  5  3   1.0000   0.0000   0.0000   0.0000   0.0000   0.0000   0.0000
  8  6  1   0.0497   0.9503   0.0000   0.0000   0.0000   0.0000   0.0000
  8  6  2   1.0000   0.0000   0.0000   0.0000   0.0000   0.0000   0.0000
  8  6  3   1.0000   0.0000   0.0000   0.0000   0.0000   0.0000   0.0000
  8  7  1   0.0569   0.9431   0.0000   0.0000   0.0000   0.0000   0.0000
  8  7  2   1.0000   0.0000   0.0000   0.0000   0.0000   0.0000   0.0000
  8  7  3   1.0000   0.0000   0.0000   0.0000   0.0000   0.0000   0.0000
  8  8  1   0.0424   0.9576   0.0000   0.0000   0.0000   0.0000   0.0000
  8  8  2   1.0000   0.0000   0.0000   0.0000   0.0000   0.0000   0.0000
  8  8  3   1.0000   0.0000   0.0000   0.0000   0.0000   0.0000   0.0000
  8  9  1   0.0000   1.0000   0.0000   0.0000   0.0000   0.0000   0.0000
  8  9  2   1.0000   0.0000   0.0000   0.0000   0.0000   0.0000   0.0000
  8 10  1   1.0000   0.0000   0.0000   0.0000   0.0000   0.0000   0.0000
  8 10  2   1.0000   0.0000   0.0000   0.0000   0.0000   0.0000   0.0000
  8 11  1   1.0000   0.0000   0.0000   0.0000   0.0000   0.0000   0.0000
  8 12  1   1.0000   0.0000   0.0000   0.0000   0.0000   0.0000   0.0000
  9  1  1   0.0005   0.0391   0.6272   0.3332   0.0000   0.0000   0.0000
  9  1  2   0.0000   0.0272   0.9728   0.0000   0.0000   0.0000   0.0000
  9  1  3   0.0024   0.9976   0.0000   0.0000   0.0000   0.0000   0.0000
  9  1  4   1.0000   0.0000   0.0000   0.0000   0.0000   0.0000   0.0000
  9  1  5   1.0000   0.0000   0.0000   0.0000   0.0000   0.0000   0.0000
  9  2  1   0.0002   0.0643   0.9355   0.0000   0.0000   0.0000   0.0000
  9  2  2   0.0000   1.0000   0.0000   0.0000   0.0000   0.0000   0.0000
  9  2  3   0.0064   0.9936   0.0000   0.0000   0.0000   0.0000   0.0000
  9  2  4   1.0000   0.0000   0.0000   0.0000   0.0000   0.0000   0.0000
  9  3  1   0.0389   0.9611   0.0000   0.0000   0.0000   0.0000   0.0000
  9  3  2   0.0002   0.9998   0.0000   0.0000   0.0000   0.0000   0.0000
  9  3  3   1.0000   0.0000   0.0000   0.0000   0.0000   0.0000   0.0000
  9  3  4   1.0000   0.0000   0.0000   0.0000   0.0000   0.0000   0.0000
  9  4  1   0.0397   0.9603   0.0000   0.0000   0.0000   0.0000   0.0000
  9  4  2   1.0000   0.0000   0.0000   0.0000   0.0000   0.0000   0.0000
  9  4  3   1.0000   0.0000   0.0000   0.0000   0.0000   0.0000   0.0000
  9  5  1   0.0442   0.9558   0.0000   0.0000   0.0000   0.0000   0.0000
  9  5  2   1.0000   0.0000   0.0000   0.0000   0.0000   0.0000   0.0000
  9  5  3   1.0000   0.0000   0.0000   0.0000   0.0000   0.0000   0.0000
  9  6  1   0.0499   0.9501   0.0000   0.0000   0.0000   0.0000   0.0000
  9  6  2   1.0000   0.0000   0.0000   0.0000   0.0000   0.0000   0.0000
  9  6  3   1.0000   0.0000   0.0000   0.0000   0.0000   0.0000   0.0000
  9  7  1   0.0568   0.9432   0.0000   0.0000   0.0000   0.0000   0.0000
  9  7  2   1.0000   0.0000   0.0000   0.0000   0.0000   0.0000   0.0000
  9  7  3   1.0000   0.0000   0.0000   0.0000   0.0000   0.0000   0.0000
  9  8  1   0.0650   0.9350   0.0000   0.0000   0.0000   0.0000   0.0000
  9  8  2   1.0000   0.0000   0.0000   0.0000   0.0000   0.0000   0.0000
  9  8  3   1.0000   0.0000   0.0000   0.0000   0.0000   0.0000   0.0000
  9  9  1   0.0484   0.9516   0.0000   0.0000   0.0000   0.0000   0.0000
  9  9  2   1.0000   0.0000   0.0000   0.0000   0.0000   0.0000   0.0000
  9  9  3   1.0000   0.0000   0.0000   0.0000   0.0000   0.0000   0.0000
  9 10  1   0.0000   1.0000   0.0000   0.0000   0.0000   0.0000   0.0000
  9 10  2   1.0000   0.0000   0.0000   0.0000   0.0000   0.0000   0.0000
  9 11  1   1.0000   0.0000   0.0000   0.0000   0.0000   0.0000   0.0000
  9 11  2   1.0000   0.0000   0.0000   0.0000   0.0000   0.0000   0.0000
  9 12  1   1.0000   0.0000   0.0000   0.0000   0.0000   0.0000   0.0000
  9 13  1   1.0000   0.0000   0.0000   0.0000   0.0000   0.0000   0.0000
 10  1  1   0.0012   0.0438   0.0548   0.8643   0.0359   0.0000   0.0000
 10  1  2   0.0000   0.0304   0.9696   0.0000   0.0000   0.0000   0.0000
 10  1  3   0.0021   0.9980   0.0000   0.0000   0.0000   0.0000   0.0000
 10  1  4   1.0000   0.0000   0.0000   0.0000   0.0000   0.0000   0.0000
 10  1  5   1.0000   0.0000   0.0000   0.0000   0.0000   0.0000   0.0000
 10  2  1   0.0007   0.0442   0.6460   0.3091   0.0000   0.0000   0.0000
 10  2  2   0.0000   0.0333   0.9667   0.0000   0.0000   0.0000   0.0000
 10  2  3   0.0033   0.9967   0.0000   0.0000   0.0000   0.0000   0.0000
 10  2  4   1.0000   0.0000   0.0000   0.0000   0.0000   0.0000   0.0000
 10  2  5   1.0000   0.0000   0.0000   0.0000   0.0000   0.0000   0.0000
 10  3  1   0.0003   0.0775   0.9222   0.0000   0.0000   0.0000   0.0000
 10  3  2   0.0000   1.0000   0.0000   0.0000   0.0000   0.0000   0.0000
 10  3  3   0.0081   0.9919   0.0000   0.0000   0.0000   0.0000   0.0000
 10  3  4   1.0000   0.0000   0.0000   0.0000   0.0000   0.0000   0.0000
 10  4  1   0.0442   0.9558   0.0000   0.0000   0.0000   0.0000   0.0000
 10  4  2   1.0000   0.0000   0.0000   0.0000   0.0000   0.0000   0.0000
 10  4  3   1.0000   0.0000   0.0000   0.0000   0.0000   0.0000   0.0000
 10  4  4   1.0000   0.0000   0.0000   0.0000   0.0000   0.0000   0.0000
 10  5  1   0.0449   0.9551   0.0000   0.0000   0.0000   0.0000   0.0000
 10  5  2   1.0000   0.0000   0.0000   0.0000   0.0000   0.0000   0.0000
 10  5  3   1.0000   0.0000   0.0000   0.0000   0.0000   0.0000   0.0000
 10  6  1   0.0507   0.9493   0.0000   0.0000   0.0000   0.0000   0.0000
 10  6  2   1.0000   0.0000   0.0000   0.0000   0.0000   0.0000   0.0000
 10  6  3   1.0000   0.0000   0.0000   0.0000   0.0000   0.0000   0.0000
 10  7  1   0.0586   0.9414   0.0000   0.0000   0.0000   0.0000   0.0000
 10  7  2   1.0000   0.0000   0.0000   0.0000   0.0000   0.0000   0.0000
 10  7  3   1.0000   0.0000   0.0000   0.0000   0.0000   0.0000   0.0000
 10  8  1   0.0699   0.9301   0.0000   0.0000   0.0000   0.0000   0.0000
 10  8  2   1.0000   0.0000   0.0000   0.0000   0.0000   0.0000   0.0000
 10  8  3   1.0000   0.0000   0.0000   0.0000   0.0000   0.0000   0.0000
 10  9  1   0.0890   0.9110   0.0000   0.0000   0.0000   0.0000   0.0000
 10  9  2   1.0000   0.0000   0.0000   0.0000   0.0000   0.0000   0.0000
 10  9  3   1.0000   0.0000   0.0000   0.0000   0.0000   0.0000   0.0000
 10 10  1   0.0768   0.9232   0.0000   0.0000   0.0000   0.0000   0.0000
 10 10  2   1.0000   0.0000   0.0000   0.0000   0.0000   0.0000   0.0000
 10 10  3   1.0000   0.0000   0.0000   0.0000   0.0000   0.0000   0.0000
 10 11  1   0.0000   1.0000   0.0000   0.0000   0.0000   0.0000   0.0000
 10 11  2   1.0000   0.0000   0.0000   0.0000   0.0000   0.0000   0.0000
 10 12  1   1.0000   0.0000   0.0000   0.0000   0.0000   0.0000   0.0000
 10 12  2   1.0000   0.0000   0.0000   0.0000   0.0000   0.0000   0.0000
 10 13  1   1.0000   0.0000   0.0000   0.0000   0.0000   0.0000   0.0000
 10 14  1   1.0000   0.0000   0.0000   0.0000   0.0000   0.0000   0.0000
 11  1  1   0.0046   0.0812   0.0831   0.5600   0.2385   0.0326   0.0000
 11  1  2   0.0001   0.0336   0.9663   0.0000   0.0000   0.0000   0.0000
 11  1  3   0.0004   0.9996   0.0000   0.0000   0.0000   0.0000   0.0000
 11  1  4   1.0000   0.0000   0.0000   0.0000   0.0000   0.0000   0.0000
 11  1  5   1.0000   0.0000   0.0000   0.0000   0.0000   0.0000   0.0000
 11  2  1   0.0036   0.0816   0.0719   0.5697   0.2732   0.0000   0.0000
 11  2  2   0.0001   0.0316   0.9683   0.0000   0.0000   0.0000   0.0000
 11  2  3   0.0007   0.9993   0.0000   0.0000   0.0000   0.0000   0.0000
 11  2  4   1.0000   0.0000   0.0000   0.0000   0.0000   0.0000   0.0000
 11  2  5   1.0000   0.0000   0.0000   0.0000   0.0000   0.0000   0.0000
 11  3  1   0.0028   0.0824   0.0708   0.8440   0.0000   0.0000   0.0000
 11  3  2   0.0001   0.0339   0.9660   0.0000   0.0000   0.0000   0.0000
 11  3  3   0.0040   0.9961   0.0000   0.0000   0.0000   0.0000   0.0000
 11  3  4   1.0000   0.0000   0.0000   0.0000   0.0000   0.0000   0.0000
 11  3  5   1.0000   0.0000   0.0000   0.0000   0.0000   0.0000   0.0000
 11  4  1   0.0019   0.0840   0.9141   0.0000   0.0000   0.0000   0.0000
 11  4  2   0.0003   0.1465   0.8532   0.0000   0.0000   0.0000   0.0000
 11  4  3   0.0061   0.9939   0.0000   0.0000   0.0000   0.0000   0.0000
 11  4  4   1.0000   0.0000   0.0000   0.0000   0.0000   0.0000   0.0000
 11  4  5   1.0000   0.0000   0.0000   0.0000   0.0000   0.0000   0.0000
 11  5  1   0.0012   0.1271   0.8717   0.0000   0.0000   0.0000   0.0000
 11  5  2   0.0001   0.9999   0.0000   0.0000   0.0000   0.0000   0.0000
 11  5  3   0.0138   0.9862   0.0000   0.0000   0.0000   0.0000   0.0000
 11  5  4   1.0000   0.0000   0.0000   0.0000   0.0000   0.0000   0.0000
 11  6  1   0.0859   0.9141   0.0000   0.0000   0.0000   0.0000   0.0000
 11  6  2   1.0000   0.0000   0.0000   0.0000   0.0000   0.0000   0.0000
 11  6  3   1.0000   0.0000   0.0000   0.0000   0.0000   0.0000   0.0000
 11  6  4   1.0000   0.0000   0.0000   0.0000   0.0000   0.0000   0.0000
 11  7  1   0.0875   0.9125   0.0000   0.0000   0.0000   0.0000   0.0000
 11  7  2   1.0000   0.0000   0.0000   0.0000   0.0000   0.0000   0.0000
 11  7  3   1.0000   0.0000   0.0000   0.0000   0.0000   0.0000   0.0000
 11  8  1   0.0984   0.9016   0.0000   0.0000   0.0000   0.0000   0.0000
 11  8  2   1.0000   0.0000   0.0000   0.0000   0.0000   0.0000   0.0000
 11  8  3   1.0000   0.0000   0.0000   0.0000   0.0000   0.0000   0.0000
 11  9  1   0.1127   0.8873   0.0000   0.0000   0.0000   0.0000   0.0000
 11  9  2   1.0000   0.0000   0.0000   0.0000   0.0000   0.0000   0.0000
 11  9  3   1.0000   0.0000   0.0000   0.0000   0.0000   0.0000   0.0000
 11 10  1   0.1330   0.8670   0.0000   0.0000   0.0000   0.0000   0.0000
 11 10  2   1.0000   0.0000   0.0000   0.0000   0.0000   0.0000   0.0000
 11 10  3   1.0000   0.0000   0.0000   0.0000   0.0000   0.0000   0.0000
 11 11  1   0.1661   0.8339   0.0000   0.0000   0.0000   0.0000   0.0000
 11 11  2   1.0000   0.0000   0.0000   0.0000   0.0000   0.0000   0.0000
 11 11  3   1.0000   0.0000   0.0000   0.0000   0.0000   0.0000   0.0000
 11 12  1   0.1446   0.8554   0.0000   0.0000   0.0000   0.0000   0.0000
 11 12  2   1.0000   0.0000   0.0000   0.0000   0.0000   0.0000   0.0000
 11 12  3   1.0000   0.0000   0.0000   0.0000   0.0000   0.0000   0.0000
 11 13  1   0.0000   1.0000   0.0000   0.0000   0.0000   0.0000   0.0000
 11 13  2   1.0000   0.0000   0.0000   0.0000   0.0000   0.0000   0.0000
 11 14  1   1.0000   0.0000   0.0000   0.0000   0.0000   0.0000   0.0000
 11 14  2   1.0000   0.0000   0.0000   0.0000   0.0000   0.0000   0.0000
 11 15  1   1.0000   0.0000   0.0000   0.0000   0.0000   0.0000   0.0000
 11 16  1   1.0000   0.0000   0.0000   0.0000   0.0000   0.0000   0.0000
 12  1  1   0.0102   0.1172   0.1001   0.5172   0.2009   0.0544   0.0000
 12  1  2   0.0005   0.0361   0.9634   0.0000   0.0000   0.0000   0.0000
 12  1  3   0.0003   0.9997   0.0000   0.0000   0.0000   0.0000   0.0000
 12  1  4   1.0000   0.0000   0.0000   0.0000   0.0000   0.0000   0.0000
 12  1  5   1.0000   0.0000   0.0000   0.0000   0.0000   0.0000   0.0000
 12  2  1   0.0087   0.1181   0.0885   0.5243   0.2072   0.0532   0.0000
 12  2  2   0.0004   0.0348   0.9648   0.0000   0.0000   0.0000   0.0000
 12  2  3   0.0004   0.9996   0.0000   0.0000   0.0000   0.0000   0.0000
 12  2  4   1.0000   0.0000   0.0000   0.0000   0.0000   0.0000   0.0000
 12  2  5   1.0000   0.0000   0.0000   0.0000   0.0000   0.0000   0.0000
 12  3  1   0.0072   0.1193   0.0777   0.5423   0.2535   0.0000   0.0000
 12  3  2   0.0004   0.0334   0.9662   0.0000   0.0000   0.0000   0.0000
 12  3  3   0.0006   0.9994   0.0000   0.0000   0.0000   0.0000   0.0000
 12  3  4   1.0000   0.0000   0.0000   0.0000   0.0000   0.0000   0.0000
 12  3  5   1.0000   0.0000   0.0000   0.0000   0.0000   0.0000   0.0000
 12  4  1   0.0056   0.1211   0.1005   0.7728   0.0000   0.0000   0.0000
 12  4  2   0.0004   0.0413   0.9583   0.0000   0.0000   0.0000   0.0000
 12  4  3   0.0013   0.9987   0.0000   0.0000   0.0000   0.0000   0.0000
 12  4  4   1.0000   0.0000   0.0000   0.0000   0.0000   0.0000   0.0000
 12  4  5   1.0000   0.0000   0.0000   0.0000   0.0000   0.0000   0.0000
 12  5  1   0.0047   0.1225   0.1092   0.7636   0.0000   0.0000   0.0000
 12  5  2   0.0102   0.9898   0.0000   0.0000   0.0000   0.0000   0.0000
 12  5  3   0.0067   0.9934   0.0000   0.0000   0.0000   0.0000   0.0000
 12  5  4   1.0000   0.0000   0.0000   0.0000   0.0000   0.0000   0.0000
 12  5  5   1.0000   0.0000   0.0000   0.0000   0.0000   0.0000   0.0000
 12  6  1   0.0035   0.1249   0.8716   0.0000   0.0000   0.0000   0.0000
 12  6  2   0.0077   0.9923   0.0000   0.0000   0.0000   0.0000   0.0000
 12  6  3   0.0103   0.9897   0.0000   0.0000   0.0000   0.0000   0.0000
 12  6  4   1.0000   0.0000   0.0000   0.0000   0.0000   0.0000   0.0000
 12  6  5   1.0000   0.0000   0.0000   0.0000   0.0000   0.0000   0.0000
 12  7  1   0.0029   0.1689   0.8282   0.0000   0.0000   0.0000   0.0000
 12  7  2   0.0002   0.9998   0.0000   0.0000   0.0000   0.0000   0.0000
 12  7  3   0.0230   0.9770   0.0000   0.0000   0.0000   0.0000   0.0000
 12  7  4   1.0000   0.0000   0.0000   0.0000   0.0000   0.0000   0.0000
 12  8  1   0.1284   0.8716   0.0000   0.0000   0.0000   0.0000   0.0000
 12  8  2   1.0000   0.0000   0.0000   0.0000   0.0000   0.0000   0.0000
 12  8  3   1.0000   0.0000   0.0000   0.0000   0.0000   0.0000   0.0000
 12  8  4   1.0000   0.0000   0.0000   0.0000   0.0000   0.0000   0.0000
 12  9  1   0.1305   0.8695   0.0000   0.0000   0.0000   0.0000   0.0000
 12  9  2   1.0000   0.0000   0.0000   0.0000   0.0000   0.0000   0.0000
 12  9  3   1.0000   0.0000   0.0000   0.0000   0.0000   0.0000   0.0000
 12 10  1   0.1447   0.8553   0.0000   0.0000   0.0000   0.0000   0.0000
 12 10  2   1.0000   0.0000   0.0000   0.0000   0.0000   0.0000   0.0000
 12 10  3   1.0000   0.0000   0.0000   0.0000   0.0000   0.0000   0.0000
 12 11  1   0.1623   0.8377   0.0000   0.0000   0.0000   0.0000   0.0000
 12 11  2   1.0000   0.0000   0.0000   0.0000   0.0000   0.0000   0.0000
 12 11  3   1.0000   0.0000   0.0000   0.0000   0.0000   0.0000   0.0000
 12 12  1   0.1843   0.8157   0.0000   0.0000   0.0000   0.0000   0.0000
 12 12  2   1.0000   0.0000   0.0000   0.0000   0.0000   0.0000   0.0000
 12 12  3   1.0000   0.0000   0.0000   0.0000   0.0000   0.0000   0.0000
 12 13  1   0.2116   0.7884   0.0000   0.0000   0.0000   0.0000   0.0000
 12 13  2   1.0000   0.0000   0.0000   0.0000   0.0000   0.0000   0.0000
 12 13  3   1.0000   0.0000   0.0000   0.0000   0.0000   0.0000   0.0000
 12 14  1   0.1671   0.8329   0.0000   0.0000   0.0000   0.0000   0.0000
 12 14  2   1.0000   0.0000   0.0000   0.0000   0.0000   0.0000   0.0000
 12 14  3   1.0000   0.0000   0.0000   0.0000   0.0000   0.0000   0.0000
 12 15  1   0.0000   1.0000   0.0000   0.0000   0.0000   0.0000   0.0000
 12 15  2   1.0000   0.0000   0.0000   0.0000   0.0000   0.0000   0.0000
 12 16  1   1.0000   0.0000   0.0000   0.0000   0.0000   0.0000   0.0000
 12 16  2   1.0000   0.0000   0.0000   0.0000   0.0000   0.0000   0.0000
 12 17  1   1.0000   0.0000   0.0000   0.0000   0.0000   0.0000   0.0000
 12 18  1   1.0000   0.0000   0.0000   0.0000   0.0000   0.0000   0.0000
 13  1  1   0.0001   0.0167   0.1317   0.1294   0.4435   0.1713   0.0785
 13  1  2   0.0000   0.0040   0.0523   0.8318   0.1119   0.0000   0.0000
 13  1  3   0.0000   0.0228   0.9659   0.0113   0.0000   0.0000   0.0000
 13  1  4   0.0000   1.0000   0.0000   0.0000   0.0000   0.0000   0.0000
 13  1  5   0.0050   0.9950   0.0000   0.0000   0.0000   0.0000   0.0000
 13  1  6   1.0000   0.0000   0.0000   0.0000   0.0000   0.0000   0.0000
 13  1  7   1.0000   0.0000   0.0000   0.0000   0.0000   0.0000   0.0000
 13  2  1   0.0140   0.1011   0.1030   0.2966   0.3005   0.1455   0.0393
 13  2  2   0.0010   0.0032   0.4185   0.5773   0.0000   0.0000   0.0000
 13  2  3   0.0000   0.7735   0.2265   0.0000   0.0000   0.0000   0.0000
 13  2  4   0.0001   0.9999   0.0000   0.0000   0.0000   0.0000   0.0000
 13  2  5   1.0000   0.0000   0.0000   0.0000   0.0000   0.0000   0.0000
 13  2  6   1.0000   0.0000   0.0000   0.0000   0.0000   0.0000   0.0000
 13  2  7   1.0000   0.0000   0.0000   0.0000   0.0000   0.0000   0.0000
 13  3  1   0.0141   0.1327   0.1196   0.5147   0.1810   0.0379   0.0000
 13  3  2   0.0009   0.0450   0.9541   0.0000   0.0000   0.0000   0.0000
 13  3  3   0.0005   0.9995   0.0000   0.0000   0.0000   0.0000   0.0000
 13  3  4   1.0000   0.0000   0.0000   0.0000   0.0000   0.0000   0.0000
 13  3  5   1.0000   0.0000   0.0000   0.0000   0.0000   0.0000   0.0000
 13  4  1   0.0121   0.1339   0.1089   0.5531   0.1920   0.0000   0.0000
 13  4  2   0.0017   0.0835   0.9148   0.0000   0.0000   0.0000   0.0000
 13  4  3   0.0007   0.9993   0.0000   0.0000   0.0000   0.0000   0.0000
 13  4  4   1.0000   0.0000   0.0000   0.0000   0.0000   0.0000   0.0000
 13  4  5   1.0000   0.0000   0.0000   0.0000   0.0000   0.0000   0.0000
 13  5  1   0.0100   0.1362   0.1327   0.7211   0.0000   0.0000   0.0000
 13  5  2   0.0027   0.1368   0.8605   0.0000   0.0000   0.0000   0.0000
 13  5  3   0.0011   0.9989   0.0000   0.0000   0.0000   0.0000   0.0000
 13  5  4   1.0000   0.0000   0.0000   0.0000   0.0000   0.0000   0.0000
 13  5  5   1.0000   0.0000   0.0000   0.0000   0.0000   0.0000   0.0000
 13  6  1   0.0079   0.1381   0.1255   0.7285   0.0000   0.0000   0.0000
 13  6  2   0.0185   0.9815   0.0000   0.0000   0.0000   0.0000   0.0000
 13  6  3   0.0023   0.9978   0.0000   0.0000   0.0000   0.0000   0.0000
 13  6  4   1.0000   0.0000   0.0000   0.0000   0.0000   0.0000   0.0000
 13  6  5   1.0000   0.0000   0.0000   0.0000   0.0000   0.0000   0.0000
 13  7  1   0.0073   0.1398   0.1429   0.7100   0.0000   0.0000   0.0000
 13  7  2   0.0164   0.9836   0.0000   0.0000   0.0000   0.0000   0.0000
 13  7  3   0.0118   0.9882   0.0000   0.0000   0.0000   0.0000   0.0000
 13  7  4   1.0000   0.0000   0.0000   0.0000   0.0000   0.0000   0.0000
 13  7  5   1.0000   0.0000   0.0000   0.0000   0.0000   0.0000   0.0000
 13  8  1   0.0059   0.1433   0.8508   0.0000   0.0000   0.0000   0.0000
 13  8  2   0.0124   0.9876   0.0000   0.0000   0.0000   0.0000   0.0000
 13  8  3   0.0187   0.9814   0.0000   0.0000   0.0000   0.0000   0.0000
 13  8  4   1.0000   0.0000   0.0000   0.0000   0.0000   0.0000   0.0000
 13  8  5   1.0000   0.0000   0.0000   0.0000   0.0000   0.0000   0.0000
 13  9  1   0.0063   0.2024   0.7913   0.0000   0.0000   0.0000   0.0000
 13  9  2   0.0005   0.9995   0.0000   0.0000   0.0000   0.0000   0.0000
 13  9  3   0.0433   0.9567   0.0000   0.0000   0.0000   0.0000   0.0000
 13  9  4   1.0000   0.0000   0.0000   0.0000   0.0000   0.0000   0.0000
 13 10  1   0.1475   0.8525   0.0000   0.0000   0.0000   0.0000   0.0000
 13 10  2   1.0000   0.0000   0.0000   0.0000   0.0000   0.0000   0.0000
 13 10  3   1.0000   0.0000   0.0000   0.0000   0.0000   0.0000   0.0000
 13 10  4   1.0000   0.0000   0.0000   0.0000   0.0000   0.0000   0.0000
 13 11  1   0.1505   0.8495   0.0000   0.0000   0.0000   0.0000   0.0000
 13 11  2   1.0000   0.0000   0.0000   0.0000   0.0000   0.0000   0.0000
 13 11  3   1.0000   0.0000   0.0000   0.0000   0.0000   0.0000   0.0000
 13 12  1   0.1672   0.8328   0.0000   0.0000   0.0000   0.0000   0.0000
 13 12  2   1.0000   0.0000   0.0000   0.0000   0.0000   0.0000   0.0000
 13 12  3   1.0000   0.0000   0.0000   0.0000   0.0000   0.0000   0.0000
 13 13  1   0.1878   0.8122   0.0000   0.0000   0.0000   0.0000   0.0000
 13 13  2   1.0000   0.0000   0.0000   0.0000   0.0000   0.0000   0.0000
 13 13  3   1.0000   0.0000   0.0000   0.0000   0.0000   0.0000   0.0000
 13 14  1   0.2140   0.7860   0.0000   0.0000   0.0000   0.0000   0.0000
 13 14  2   1.0000   0.0000   0.0000   0.0000   0.0000   0.0000   0.0000
 13 14  3   1.0000   0.0000   0.0000   0.0000   0.0000   0.0000   0.0000
 13 15  1   0.2478   0.7522   0.0000   0.0000   0.0000   0.0000   0.0000
 13 15  2   1.0000   0.0000   0.0000   0.0000   0.0000   0.0000   0.0000
 13 15  3   1.0000   0.0000   0.0000   0.0000   0.0000   0.0000   0.0000
 13 16  1   0.1984   0.8016   0.0000   0.0000   0.0000   0.0000   0.0000
 13 16  2   1.0000   0.0000   0.0000   0.0000   0.0000   0.0000   0.0000
 13 16  3   1.0000   0.0000   0.0000   0.0000   0.0000   0.0000   0.0000
 13 17  1   0.0000   1.0000   0.0000   0.0000   0.0000   0.0000   0.0000
 13 17  2   1.0000   0.0000   0.0000   0.0000   0.0000   0.0000   0.0000
 13 18  1   1.0000   0.0000   0.0000   0.0000   0.0000   0.0000   0.0000
 13 18  2   1.0000   0.0000   0.0000   0.0000   0.0000   0.0000   0.0000
 13 19  1   1.0000   0.0000   0.0000   0.0000   0.0000   0.0000   0.0000
 13 20  1   1.0000   0.0000   0.0000   0.0000   0.0000   0.0000   0.0000
 14  1  1   0.0047   0.1005   0.0984   0.1438   0.0970   0.1598   0.2007
 14  1  2   0.0000   0.0162   0.0893   0.2000   0.3317   0.2495   0.1122
 14  1  3   0.0155   0.2185   0.3091   0.3643   0.0884   0.0043   0.0000
 14  1  4   0.0000   0.0641   0.9359   0.0000   0.0000   0.0000   0.0000
 14  1  5   0.0001   0.9999   0.0000   0.0000   0.0000   0.0000   0.0000
 14  1  6   1.0000   0.0000   0.0000   0.0000   0.0000   0.0000   0.0000
 14  1  7   1.0000   0.0000   0.0000   0.0000   0.0000   0.0000   0.0000
 14  2  1   0.0047   0.1007   0.0976   0.1564   0.1859   0.3242   0.1154
 14  2  2   0.0000   0.0170   0.0953   0.2581   0.4829   0.1409   0.0058
 14  2  3   0.0156   0.2188   0.3069   0.3899   0.0688   0.0001   0.0000
 14  2  4   0.0000   0.0437   0.9563   0.0000   0.0000   0.0000   0.0000
 14  2  5   0.0001   0.9999   0.0000   0.0000   0.0000   0.0000   0.0000
 14  2  6   1.0000   0.0000   0.0000   0.0000   0.0000   0.0000   0.0000
 14  2  7   1.0000   0.0000   0.0000   0.0000   0.0000   0.0000   0.0000
 14  3  1   0.0047   0.1009   0.2220   0.2139   0.3601   0.0858   0.0123
 14  3  2   0.0000   0.0194   0.3687   0.4976   0.1139   0.0004   0.0000
 14  3  3   0.0156   0.2193   0.6484   0.1168   0.0000   0.0000   0.0000
 14  3  4   0.0000   0.0217   0.9783   0.0000   0.0000   0.0000   0.0000
 14  3  5   0.0001   0.9999   0.0000   0.0000   0.0000   0.0000   0.0000
 14  3  6   1.0000   0.0000   0.0000   0.0000   0.0000   0.0000   0.0000
 14  4  1   0.0041   0.3058   0.1243   0.3313   0.1850   0.0398   0.0097
 14  4  2   0.0000   0.0275   0.8295   0.1426   0.0004   0.0000   0.0000
 14  4  3   0.0147   0.8604   0.1189   0.0060   0.0000   0.0000   0.0000
 14  4  4   0.0000   1.0000   0.0000   0.0000   0.0000   0.0000   0.0000
 14  4  5   0.0001   0.9999   0.0000   0.0000   0.0000   0.0000   0.0000
 14  4  6   1.0000   0.0000   0.0000   0.0000   0.0000   0.0000   0.0000
 14  5  1   0.0415   0.2624   0.1625   0.3961   0.1180   0.0195   0.0000
 14  5  2   0.0065   0.0194   0.9741   0.0000   0.0000   0.0000   0.0000
 14  5  3   0.0131   0.8438   0.1431   0.0000   0.0000   0.0000   0.0000
 14  5  4   0.0177   0.9823   0.0000   0.0000   0.0000   0.0000   0.0000
 14  5  5   1.0000   0.0000   0.0000   0.0000   0.0000   0.0000   0.0000
 14  5  6   1.0000   0.0000   0.0000   0.0000   0.0000   0.0000   0.0000
 14  6  1   0.0411   0.3117   0.1167   0.4220   0.1085   0.0000   0.0000
 14  6  2   0.0085   0.1225   0.8690   0.0000   0.0000   0.0000   0.0000
 14  6  3   0.0114   0.9887   0.0000   0.0000   0.0000   0.0000   0.0000
 14  6  4   0.0347   0.9653   0.0000   0.0000   0.0000   0.0000   0.0000
 14  6  5   1.0000   0.0000   0.0000   0.0000   0.0000   0.0000   0.0000
 14  6  6   1.0000   0.0000   0.0000   0.0000   0.0000   0.0000   0.0000
 14  7  1   0.0409   0.3143   0.1492   0.4956   0.0000   0.0000   0.0000
 14  7  2   0.0162   0.2048   0.7790   0.0000   0.0000   0.0000   0.0000
 14  7  3   0.0101   0.9899   0.0000   0.0000   0.0000   0.0000   0.0000
 14  7  4   1.0000   0.0000   0.0000   0.0000   0.0000   0.0000   0.0000
 14  7  5   1.0000   0.0000   0.0000   0.0000   0.0000   0.0000   0.0000
 14  7  6   1.0000   0.0000   0.0000   0.0000   0.0000   0.0000   0.0000
 14  8  1   0.0401   0.3153   0.1487   0.4959   0.0000   0.0000   0.0000
 14  8  2   0.0813   0.9187   0.0000   0.0000   0.0000   0.0000   0.0000
 14  8  3   0.0066   0.9934   0.0000   0.0000   0.0000   0.0000   0.0000
 14  8  4   1.0000   0.0000   0.0000   0.0000   0.0000   0.0000   0.0000
 14  8  5   1.0000   0.0000   0.0000   0.0000   0.0000   0.0000   0.0000
 14  8  6   1.0000   0.0000   0.0000   0.0000   0.0000   0.0000   0.0000
 14  9  1   0.0389   0.3165   0.1471   0.4975   0.0000   0.0000   0.0000
 14  9  2   0.0895   0.9105   0.0000   0.0000   0.0000   0.0000   0.0000
 14  9  3   0.0017   0.9983   0.0000   0.0000   0.0000   0.0000   0.0000
 14  9  4   1.0000   0.0000   0.0000   0.0000   0.0000   0.0000   0.0000
 14  9  5   1.0000   0.0000   0.0000   0.0000   0.0000   0.0000   0.0000
 14 10  1   0.0336   0.3222   0.1357   0.5085   0.0000   0.0000   0.0000
 14 10  2   0.0876   0.9124   0.0000   0.0000   0.0000   0.0000   0.0000
 14 10  3   0.0024   0.9977   0.0000   0.0000   0.0000   0.0000   0.0000
 14 10  4   1.0000   0.0000   0.0000   0.0000   0.0000   0.0000   0.0000
 14 10  5   1.0000   0.0000   0.0000   0.0000   0.0000   0.0000   0.0000
 14 11  1   0.0282   0.3283   0.1267   0.5168   0.0000   0.0000   0.0000
 14 11  2   0.0846   0.9154   0.0000   0.0000   0.0000   0.0000   0.0000
 14 11  3   0.0037   0.9964   0.0000   0.0000   0.0000   0.0000   0.0000
 14 11  4   1.0000   0.0000   0.0000   0.0000   0.0000   0.0000   0.0000
 14 11  5   1.0000   0.0000   0.0000   0.0000   0.0000   0.0000   0.0000
 14 12  1   0.0236   0.3345   0.1299   0.5120   0.0000   0.0000   0.0000
 14 12  2   0.0798   0.9202   0.0000   0.0000   0.0000   0.0000   0.0000
 14 12  3   0.0072   0.9928   0.0000   0.0000   0.0000   0.0000   0.0000
 14 12  4   1.0000   0.0000   0.0000   0.0000   0.0000   0.0000   0.0000
 14 12  5   1.0000   0.0000   0.0000   0.0000   0.0000   0.0000   0.0000
 14 13  1   0.0297   0.3336   0.1792   0.4575   0.0000   0.0000   0.0000
 14 13  2   0.0714   0.9286   0.0000   0.0000   0.0000   0.0000   0.0000
 14 13  3   0.0354   0.9646   0.0000   0.0000   0.0000   0.0000   0.0000
 14 13  4   1.0000   0.0000   0.0000   0.0000   0.0000   0.0000   0.0000
 14 13  5   1.0000   0.0000   0.0000   0.0000   0.0000   0.0000   0.0000
 14 14  1   0.0313   0.3390   0.6297   0.0000   0.0000   0.0000   0.0000
 14 14  2   0.0548   0.9452   0.0000   0.0000   0.0000   0.0000   0.0000
 14 14  3   0.0556   0.9445   0.0000   0.0000   0.0000   0.0000   0.0000
 14 14  4   1.0000   0.0000   0.0000   0.0000   0.0000   0.0000   0.0000
 14 14  5   1.0000   0.0000   0.0000   0.0000   0.0000   0.0000   0.0000
 14 15  1   0.0453   0.3985   0.5562   0.0000   0.0000   0.0000   0.0000
 14 15  2   0.0019   0.9981   0.0000   0.0000   0.0000   0.0000   0.0000
 14 15  3   0.1263   0.8737   0.0000   0.0000   0.0000   0.0000   0.0000
 14 15  4   1.0000   0.0000   0.0000   0.0000   0.0000   0.0000   0.0000
 14 16  1   0.3638   0.6362   0.0000   0.0000   0.0000   0.0000   0.0000
 14 16  2   1.0000   0.0000   0.0000   0.0000   0.0000   0.0000   0.0000
 14 16  3   1.0000   0.0000   0.0000   0.0000   0.0000   0.0000   0.0000
 14 16  4   1.0000   0.0000   0.0000   0.0000   0.0000   0.0000   0.0000
 14 17  1   0.3692   0.6308   0.0000   0.0000   0.0000   0.0000   0.0000
 14 17  2   1.0000   0.0000   0.0000   0.0000   0.0000   0.0000   0.0000
 14 17  3   1.0000   0.0000   0.0000   0.0000   0.0000   0.0000   0.0000
 14 18  1   0.4015   0.5985   0.0000   0.0000   0.0000   0.0000   0.0000
 14 18  2   1.0000   0.0000   0.0000   0.0000   0.0000   0.0000   0.0000
 14 18  3   1.0000   0.0000   0.0000   0.0000   0.0000   0.0000   0.0000
 14 19  1   0.4404   0.5596   0.0000   0.0000   0.0000   0.0000   0.0000
 14 19  2   1.0000   0.0000   0.0000   0.0000   0.0000   0.0000   0.0000
 14 19  3   1.0000   0.0000   0.0000   0.0000   0.0000   0.0000   0.0000
 14 20  1   0.4887   0.5113   0.0000   0.0000   0.0000   0.0000   0.0000
 14 20  2   1.0000   0.0000   0.0000   0.0000   0.0000   0.0000   0.0000
 14 20  3   1.0000   0.0000   0.0000   0.0000   0.0000   0.0000   0.0000
 14 21  1   0.5521   0.4479   0.0000   0.0000   0.0000   0.0000   0.0000
 14 21  2   1.0000   0.0000   0.0000   0.0000   0.0000   0.0000   0.0000
 14 21  3   1.0000   0.0000   0.0000   0.0000   0.0000   0.0000   0.0000
 14 22  1   0.4903   0.5097   0.0000   0.0000   0.0000   0.0000   0.0000
 14 22  2   1.0000   0.0000   0.0000   0.0000   0.0000   0.0000   0.0000
 14 22  3   1.0000   0.0000   0.0000   0.0000   0.0000   0.0000   0.0000
 14 23  1   0.0000   1.0000   0.0000   0.0000   0.0000   0.0000   0.0000
 14 23  2   1.0000   0.0000   0.0000   0.0000   0.0000   0.0000   0.0000
 14 24  1   1.0000   0.0000   0.0000   0.0000   0.0000   0.0000   0.0000
 14 24  2   1.0000   0.0000   0.0000   0.0000   0.0000   0.0000   0.0000
 14 25  1   1.0000   0.0000   0.0000   0.0000   0.0000   0.0000   0.0000
 14 26  1   1.0000   0.0000   0.0000   0.0000   0.0000   0.0000   0.0000
