       2.504e00 4.307E-09   1.377E-05   4.314E-02   6.500E-05   7.345E-01   1.821E-01   1.563E-06   3.001E-02   2.625E-03   1.896E-03   1.398E-04   3.933E-05   1.351E-05   2.262E-04
       2.200e00 4.881E-09   1.505E-05   1.623E-02   2.917E-05   8.493E-01   3.069E-02   1.052E-07   5.083E-02   5.536E-03   4.279E-02   3.942E-03   8.322E-05   9.322E-06   1.367E-04
       2.003e+00 1.857E-07   2.354E-05   1.524E-04   1.940E-05   6.110E-01   1.546E-04   8.938E-10   6.377E-04   1.721E-04   2.087E-01   1.455E-01   2.585E-02   7.087E-03   1.921E-04
        1.934e00 2.688E-07   2.358E-05   1.517E-04   1.598E-05   4.557E-01   1.431E-04   1.221E-09   5.598E-04   2.416E-04   2.917E-01   2.022E-01   3.282E-02   1.325E-02   2.557E-03
         1.957e00 1.992E-07   2.444E-05   1.549E-04   1.872E-05   5.573E-01   1.525E-04   1.043E-09   6.058E-04   1.983E-04   2.366E-01   1.638E-01   2.910E-02   1.077E-02   7.659E-04
       1.904e00 6.908E-07   1.885E-05   1.463E-04   6.692E-06   1.612E-01   1.191E-04   1.825E-09   3.360E-04   3.587E-04   4.555E-01   3.103E-01   3.913E-02   1.807E-02   1.336E-02
       1.805e00 1.731E-06   9.655E-05   1.540E-06   2.324E-08   8.416E-06   1.789E-06   3.091E-10   1.536E-04   2.362E-04   3.352E-01   3.825E-01   6.515E-02   5.050E-02   3.676E-02 
stop
6.77706639e-09 1.09989331e-05 4.03533189e-02 3.42207798e-05 7.44959378e-01 1.67394613e-01 1.84833012e-06 3.11765005e-02 2.83445922e-03 6.79088251e-03 1.17007677e-03 1.47063504e-04 3.51111749e-05 6.00093817e-0
1.857E-07   2.354E-05   1.524E-04   1.940E-05   6.110E-01   1.546E-04   8.938E-10   6.377E-04   1.721E-04   2.087E-01   1.455E-01   2.585E-02   7.087E-03   1.921E-04
2.688E-07   2.358E-05   1.517E-04   1.598E-05   4.557E-01   1.431E-04   1.221E-09   5.598E-04   2.416E-04   2.917E-01   2.022E-01   3.282E-02   1.325E-02   2.557E-03
1.992E-07   2.444E-05   1.549E-04   1.872E-05   5.573E-01   1.525E-04   1.043E-09   6.058E-04   1.983E-04   2.366E-01   1.638E-01   2.910E-02   1.077E-02   7.659E-04
6.908E-07   1.885E-05   1.463E-04   6.692E-06   1.612E-01   1.191E-04   1.825E-09   3.360E-04   3.587E-04   4.555E-01   3.103E-01   3.913E-02   1.807E-02   1.336E-02
1.731E-06   9.655E-05   1.540E-06   2.324E-08   8.416E-06   1.789E-06   3.091E-10   1.536E-04   2.362E-04   3.352E-01   3.825E-01   6.515E-02   5.050E-02   3.676E-02
amean    11.316065437654052     
    1 1.01350636E+10   4.715E+07   2.150E+02   1.537E+00   8.133E+22
    1  1.642E+00  4.715E+07  3.812E-05  8.590E-01  1.112E-06  3.074E-06  1.492E-05  1.110E-05  1.213E-07  4.935E-06  1.704E-05  1.025E-04  9.821E-05  8.873E-05  8.490E-04  2.631E-06  7.699E-07  1.549E-10  3.676E-04  1.311E-05  5.793E-04  7.392E-04  1.784E-03  1.298E-01  6.379E-03  1.422E-04  5.734E-10  2.271E-07
 ab by number 1-14    3.812E-05   8.590E-01   1.112E-06   3.074E-06   1.492E-05   1.110E-05   1.213E-07   4.935E-06   1.704E-05   1.025E-04   9.821E-05   8.873E-05   8.490E-04   5.793E-04
amean    35.309896386046013     
   23 3.85052240E+10   1.770E+08   2.175E+02   1.552E+00   2.632E+22
   23  1.805E+00  1.770E+08  1.731E-06  9.655E-05  1.540E-06  2.324E-08  8.416E-06  1.789E-06  3.091E-10  1.536E-04  2.362E-04  3.352E-01  3.825E-01  6.515E-02  5.050E-02  4.081E-08  1.637E-06  1.112E-07  1.022E-03  5.144E-04  3.676E-02  3.861E-03  2.115E-03  1.199E-01  1.917E-03  2.645E-05  3.793E-12  1.924E-10
 ab by number 1-14    1.805e00 1.731E-06   9.655E-05   1.540E-06   2.324E-08   8.416E-06   1.789E-06   3.091E-10   1.536E-04   2.362E-04   3.352E-01   3.825E-01   6.515E-02   5.050E-02   3.676E-02
amean    28.243648524590022     
   36 4.37786424E+10   1.988E+08   2.202E+02   1.907E+00   4.044E+22
   36  1.904E+00  1.988E+08  6.908E-07  1.885E-05  1.463E-04  6.692E-06  1.612E-01  1.191E-04  1.825E-09  3.360E-04  3.587E-04  4.555E-01  3.103E-01  3.913E-02  1.807E-02  9.969E-07  7.270E-05  4.209E-07  7.306E-04  1.544E-04  1.336E-02  7.430E-05  4.437E-04  1.565E-06  2.601E-06  5.762E-06  6.945E-09  1.417E-09
 ab by number 1-14    1.904e00 6.908E-07   1.885E-05   1.463E-04   6.692E-06   1.612E-01   1.191E-04   1.825E-09   3.360E-04   3.587E-04   4.555E-01   3.103E-01   3.913E-02   1.807E-02   1.336E-02
amean    23.842266966813476     
   40 4.49739382E+10   2.039E+08   2.206E+02   2.132E+00   5.356E+22
   40  1.934E+00  2.039E+08  2.688E-07  2.358E-05  1.517E-04  1.598E-05  4.557E-01  1.431E-04  1.221E-09  5.598E-04  2.416E-04  2.917E-01  2.022E-01  3.282E-02  1.325E-02  1.015E-06  1.497E-04  2.739E-07  3.538E-04  4.388E-05  2.557E-03  1.709E-05  9.118E-05  1.021E-07  2.830E-07  4.388E-06  4.019E-09  1.123E-09
 ab by number 1-14    1.934e00 2.688E-07   2.358E-05   1.517E-04   1.598E-05   4.557E-01   1.431E-04   1.221E-09   5.598E-04   2.416E-04   2.917E-01   2.022E-01   3.282E-02   1.325E-02   2.557E-03
amean    22.355189059238100     
   43 4.57629718E+10   2.072E+08   2.208E+02   2.262E+00   6.058E+22
   43  1.957E+00  2.072E+08  1.992E-07  2.444E-05  1.549E-04  1.872E-05  5.573E-01  1.525E-04  1.043E-09  6.058E-04  1.983E-04  2.366E-01  1.638E-01  2.910E-02  1.077E-02  9.175E-07  1.482E-04  1.898E-07  2.000E-04  1.426E-05  7.659E-04  6.980E-06  7.836E-05  2.174E-08  8.462E-08  3.637E-06  1.671E-08  1.023E-09
 ab by number 1-14    1.957e00 1.992E-07   2.444E-05   1.549E-04   1.872E-05   5.573E-01   1.525E-04   1.043E-09   6.058E-04   1.983E-04   2.366E-01   1.638E-01   2.910E-02   1.077E-02   7.659E-04
amean    21.553678509756409     
   49 4.71900083E+10   2.133E+08   2.212E+02   2.381E+00   6.614E+22
   49  2.003E+00  2.133E+08  1.857E-07  2.354E-05  1.524E-04  1.940E-05  6.110E-01  1.546E-04  8.938E-10  6.377E-04  1.721E-04  2.087E-01  1.455E-01  2.585E-02  7.087E-03  7.166E-07  4.877E-05  2.562E-08  2.350E-05  1.265E-06  1.921E-04  5.164E-06  4.070E-04  1.940E-09  4.839E-08  2.467E-06  1.281E-07  9.093E-10
 ab by number 1-14    2.003e+00 1.857E-07   2.354E-05   1.524E-04   1.940E-05   6.110E-01   1.546E-04   8.938E-10   6.377E-04   1.721E-04   2.087E-01   1.455E-01   2.585E-02   7.087E-03   1.921E-04
   amean    17.112515650560418     
   77 5.32045365E+10   2.403E+08   2.214E+02   1.826E+00   6.390E+22
   77  2.200E+00  2.403E+08  4.881E-09  1.505E-05  1.623E-02  2.917E-05  8.493E-01  3.069E-02  1.052E-07  5.083E-02  5.536E-03  4.279E-02  3.942E-03  8.322E-05  9.322E-06  7.907E-07  3.806E-06  6.552E-07  2.706E-06  1.491E-06  1.367E-04  8.234E-05  1.764E-04  9.317E-11  4.830E-10  2.938E-09  1.181E-05  1.347E-07
 ab by number 1-14    2.200e00 4.881E-09   1.505E-05   1.623E-02   2.917E-05   8.493E-01   3.069E-02   1.052E-07   5.083E-02   5.536E-03   4.279E-02   3.942E-03   8.322E-05   9.322E-06   1.367E-04
   amean    16.785687847292614     
  117 6.09363917E+10   2.760E+08   2.208E+02   1.904E+00   6.791E+22
  117  2.504E+00  2.760E+08  4.307E-09  1.377E-05  4.314E-02  6.500E-05  7.345E-01  1.821E-01  1.563E-06  3.001E-02  2.625E-03  1.896E-03  1.398E-04  3.933E-05  1.351E-05  2.529E-07  2.076E-06  1.375E-07  4.319E-06  1.235E-06  2.262E-04  3.707E-05  1.626E-04  1.451E-11  2.754E-11  1.180E-11  7.154E-06  2.033E-06
 ab by number 1-14    2.504e00 4.307E-09   1.377E-05   4.314E-02   6.500E-05   7.345E-01   1.821E-01   1.563E-06   3.001E-02   2.625E-03   1.896E-03   1.398E-04   3.933E-05   1.351E-05   2.262E-04
  amean    1.4107544061198551     
  747 3.41721117E+13   6.473E+02   5.279E+10   2.291E-08   9.726E+15
  747  1.001E+01  6.473E+02  8.685E-01  1.303E-01  1.595E-04  3.692E-04  4.286E-04  8.718E-05  6.413E-32  4.263E-05  3.628E-06  4.141E-05  1.843E-05  4.265E-06  2.602E-06  1.443E-09  9.988E-08  1.213E-08  5.314E-07  3.841E-07  3.454E-05  9.926E-08  1.998E-06  2.519E-32  2.475E-32  3.207E-32  2.351E-32  1.000E-30
 ab by number 1-14    8.685E-01   1.303E-01   1.595E-04   3.692E-04   4.286E-04   8.718E-05   6.413E-32   4.263E-05   3.628E-06   4.141E-05   1.843E-05   4.265E-06   2.602E-06   3.454E-05
