  1     1            1s2  1  0 S  0.0  1          0.000       0.000000          0.000       0.000000
  2     2          1s.2s  3  0 S  1.0  3    2411262.000      21.973037    2388498.533      21.765600
  3     2          1s.2s  1  0 S  0.0  1    2455024.000      22.371826    2446571.477      22.294800
  4     3          1s.2p  3  1 P  0.0  1    2455162.740      22.373090    2438275.372      22.219200
  5     3          1s.2p  3  1 P  1.0  3    2455150.230      22.372976    2438670.335      22.222799
  6     3          1s.2p  3  1 P  2.0  5    2455286.012      22.374214    2439065.507      22.226400
  7     3          1s.2p  1  1 P  1.0  3    2483371.000      22.630142    2483706.781      22.633202
  8     4          1s.3s  3  0 S  1.0  3    2839562.000      25.875994    2813576.999      25.639200
  9     4          1s.3s  1  0 S  0.0  1    2851180.000      25.981865    2828983.901      25.779598
 10     5          1s.3p  3  1 P  0.0  1    2851418.000      25.984034    2827403.631      25.765198
 11     5          1s.3p  3  1 P  1.0  3    2851418.000      25.984034    2827798.803      25.768799
 12     5          1s.3p  3  1 P  2.0  5    2851418.000      25.984034    2827798.594      25.768797
 13     5          1s.3p  1  1 P  1.0  3    2859375.000      26.056543    2839650.830      25.876802
 14     6          1s.3d  3  2 D  1.0  3    2857305.000      26.037680    2836094.908      25.844398
 15     6          1s.3d  3  2 D  2.0  5    2857305.000      26.037680    2836094.908      25.844398
 16     6          1s.3d  3  2 D  3.0  7    2857315.000      26.037771    2836489.871      25.847998
 17     6          1s.3d  1  2 D  2.0  5    2857529.000      26.039721    2836885.252      25.851601
 18     7          1s.4s  3  0 S  1.0  3    2983541.000      27.188027    2955401.335      26.931599
 19     7          1s.4s  1  0 S  0.0  1          0.000       0.000000    2961327.035      26.985598
 20     8          1s.4p  3  1 P  0.0  1    2988359.000      27.231932    2960932.072      26.981998
 21     8          1s.4p  3  1 P  1.0  3    2988359.000      27.231932    2960932.072      26.981998
 22     8          1s.4p  3  1 P  2.0  5    2988359.000      27.231932    2960932.072      26.981998
 23     8          1s.4p  1  1 P  1.0  3    2991710.000      27.262468    2966068.055      27.028801
 24     9          1s.4d  3  2 D  1.0  3    2990776.000      27.253957    2964487.575      27.014399
 25     9          1s.4d  3  2 D  2.0  5    2990776.000      27.253957    2964487.575      27.014399
 26     9          1s.4d  3  2 D  3.0  7    2990776.000      27.253957    2964487.784      27.014400
 27     9          1s.4d  1  2 D  2.0  5    2990923.000      27.255297    2964882.957      27.018002
 28    10          1s.4f  3  3 F  2.0  5    2990923.400      27.255300    2964882.957      27.018002
 29    10          1s.4f  3  3 F  3.0  7    2990923.400      27.255300    2964882.957      27.018002
 30    10          1s.4f  3  3 F  4.0  9    2990923.400      27.255300    2964882.538      27.017998
 31    10          1s.4f  1  3 F  3.0  7    2990923.400      27.255300    2964882.538      27.017998
 32    11          1s.5s  3  0 S  1.0  3    3048927.000      27.783868    3019005.224      27.511200
 33    11          1s.5s  1  0 S  0.0  1          0.000       0.000000    3022165.556      27.539999
 34    12          1s.5p  3  1 P  0.0  1    3051332.000      27.805784    3022165.556      27.539999
 35    12          1s.5p  3  1 P  1.0  3    3051332.000      27.805784    3022165.556      27.539999
 36    12          1s.5p  3  1 P  2.0  5    3051332.000      27.805784    3022165.556      27.539999
 37    12          1s.5p  1  1 P  1.0  3    3053044.000      27.821385    3024536.170      27.561602
 38    13          1s.5d  3  2 D  1.0  3    3052589.000      27.817239    3023745.826      27.554399
 39    13          1s.5d  3  2 D  2.0  5    3052589.000      27.817239    3023745.826      27.554399
 40    13          1s.5d  3  2 D  3.0  7    3052589.000      27.817239    3023745.826      27.554399
 41    13          1s.5d  1  2 D  2.0  5    3052656.000      27.817849    3024140.998      27.558001
 42    14          1s.5f  3  3 F  2.0  5    3052653.300      27.817825    3024140.998      27.558001
 43    14          1s.5f  3  3 F  3.0  7    3052653.300      27.817825    3024140.998      27.558001
 44    14          1s.5f  3  3 F  4.0  9    3052653.300      27.817825    3024140.998      27.558001
 45    14          1s.5f  1  3 F  3.0  7    3052653.300      27.817825    3024140.998      27.558001
 46    15          1s.5g  3  4 G  3.0  7    3052659.400      27.817880    3024140.998      27.558001
 47    15          1s.5g  3  4 G  4.0  9    3052659.400      27.817880    3024140.998      27.558001
 48    15          1s.5g  3  4 G  5.0 11    3052659.400      27.817880    3024140.998      27.558001
 49    15          1s.5g  1  4 G  4.0  9    3052659.400      27.817880    3024140.998      27.558001
qq -1
%filename: c_5.elvlc
%observed energy levels: Martin,W.C., Sugar,J., Musgrove,A., Dalton,G.R., 1995,
     NIST Database for Atomic Spectroscopy, Version 1.0, NIST Standard Reference Database 61.
%observed energy levels (1s2p 3P): Chen, M.H., Cheng, K.T., Johnson, W.R., 1993, Ph.Rev.A, 47, 3692
%theoretical energy levels:  Sampson, D. H., Goett, S.J., Clark, R.E.H., 1983, ADNDT, 29, 467
%produced as part of the Arcetri/Cambridge/NRL 'CHIANTI' atomic data base collaboration CHIANTI
%
% K.P.Dere and E.Landi 2000
 -1


qq
    1    2        41.4721      0.000e+00      4.857e+01                1s2 1S0.0 -               1s.2s 3S1.0     
    1    3         0.0000      0.000e+00      3.296e+05                1s2 1S0.0 -               1s.2s 1S0.0     
    1    5        40.7307      2.165e-05      2.900e+07                1s2 1S0.0 -               1s.2p 3P1.0     
    1    6        40.7285      0.000e+00      2.650e+04                1s2 1S0.0 -               1s.2p 3P2.0     
    1    7        40.2679      6.471e-01      8.868e+11                1s2 1S0.0 -               1s.2p 1P1.0     
    1   13        34.9727      1.403e-01      2.549e+11                1s2 1S0.0 -               1s.3p 1P1.0     
    1   23        33.4258      2.899e-02      5.766e+10                1s2 1S0.0 -               1s.4p 1P1.0     
    1   37        32.7543      1.394e-02      2.887e+10                1s2 1S0.0 -               1s.5p 1P1.0     
    2    4      2277.8659      4.050e-01      5.790e+07              1s.2s 3S1.0 -               1s.2p 3P0.0     
    2    5      2278.5152      4.050e-01      5.790e+07              1s.2s 3S1.0 -               1s.2p 3P1.0     
    2    6      2271.4877      4.080e-01      5.850e+07              1s.2s 3S1.0 -               1s.2p 3P2.0     
    2   10       227.1926      1.055e-01      1.363e+10              1s.2s 3S1.0 -               1s.3p 3P0.0     
    2   11       227.1926      3.165e-01      1.363e+10              1s.2s 3S1.0 -               1s.3p 3P1.0     
    2   12       227.1926      5.274e-01      1.362e+10              1s.2s 3S1.0 -               1s.3p 3P2.0     
    2   20       173.2814      3.423e-02      7.600e+09              1s.2s 3S1.0 -               1s.4p 3P0.0     
    2   21       173.2814      1.027e-01      7.601e+09              1s.2s 3S1.0 -               1s.4p 3P1.0     
    2   22       173.2814      1.715e-01      7.616e+09              1s.2s 3S1.0 -               1s.4p 3P2.0     
    2   34       156.2332      1.396e-02      3.813e+09              1s.2s 3S1.0 -               1s.5p 3P0.0     
    2   35       156.2332      4.189e-02      3.814e+09              1s.2s 3S1.0 -               1s.5p 3P1.0     
    2   36       156.2332      6.994e-02      3.820e+09              1s.2s 3S1.0 -               1s.5p 3P2.0     
    3    7      3527.7166      9.230e-02      1.648e+07              1s.2s 1S0.0 -               1s.2p 1P1.0     
    3   13       247.3103      3.518e-01      1.278e+10              1s.2s 1S0.0 -               1s.3p 1P1.0     
    3   23       186.3290      1.028e-01      6.580e+09              1s.2s 1S0.0 -               1s.4p 1P1.0     
    3   37       167.2188      4.193e-02      3.332e+09              1s.2s 1S0.0 -               1s.5p 1P1.0     
    4    8       260.1467      1.508e-03      4.952e+07              1s.2p 3P0.0 -               1s.3s 3S1.0     
    4   14       248.6687      6.560e-01      2.357e+10              1s.2p 3P0.0 -               1s.3d 3D1.0     
    4   18       189.2587      3.380e-04      2.097e+07              1s.2p 3P0.0 -               1s.4s 3S1.0     
    4   24       186.7022      1.352e-02      8.619e+08              1s.2p 3P0.0 -               1s.4d 3D1.0     
    4   32       168.4173      1.346e-04      1.055e+07              1s.2p 3P0.0 -               1s.5s 3S1.0     
    4   38       167.3850      4.925e-03      3.906e+08              1s.2p 3P0.0 -               1s.5d 3D1.0     
    5    8       260.1382      1.358e-02      4.459e+08              1s.2p 3P1.0 -               1s.3s 3S1.0     
    5   14       248.6609      4.950e-01      1.779e+10              1s.2p 3P1.0 -               1s.3d 3D1.0     
    5   15       248.6609      1.479e+00      3.189e+10              1s.2p 3P1.0 -               1s.3d 3D2.0     
    5   18       189.2542      3.042e-03      1.887e+08              1s.2p 3P1.0 -               1s.4s 3S1.0     
    5   24       186.6979      3.044e-02      1.941e+09              1s.2p 3P1.0 -               1s.4d 3D1.0     
    5   25       186.6979      9.135e-02      3.494e+09              1s.2p 3P1.0 -               1s.4d 3D2.0     
    5   32       168.4138      1.212e-03      9.496e+07              1s.2p 3P1.0 -               1s.5s 3S1.0     
    5   38       167.3815      1.109e-02      8.796e+08              1s.2p 3P1.0 -               1s.5d 3D1.0     
    5   39       167.3815      3.328e-02      1.584e+09              1s.2p 3P1.0 -               1s.5d 3D2.0     
    6    8       260.2301      3.778e-02      1.240e+09              1s.2p 3P2.0 -               1s.3s 3S1.0     
    6   16       248.7387      2.760e+00      4.248e+10              1s.2p 3P2.0 -               1s.3d 3D3.0     
    6   14       248.7449      3.350e-02      1.203e+09              1s.2p 3P2.0 -               1s.3d 3D1.0     
    6   15       248.7449      4.915e-01      1.059e+10              1s.2p 3P2.0 -               1s.3d 3D2.0     
    6   18       189.3029      8.465e-03      5.249e+08              1s.2p 3P2.0 -               1s.4s 3S1.0     
    6   24       186.7452      1.522e-01      9.698e+09              1s.2p 3P2.0 -               1s.4d 3D1.0     
    6   25       186.7452      5.073e-02      1.940e+09              1s.2p 3P2.0 -               1s.4d 3D2.0     
    6   26       186.7452      2.844e-01      7.767e+09              1s.2p 3P2.0 -               1s.4d 3D3.0     
    6   32       168.4523      3.372e-03      2.641e+08              1s.2p 3P2.0 -               1s.5s 3S1.0     
    6   38       167.4195      5.546e-02      4.397e+09              1s.2p 3P2.0 -               1s.5d 3D1.0     
    6   39       167.4195      1.848e-02      8.791e+08              1s.2p 3P2.0 -               1s.5d 3D2.0     
    6   40       167.4195      1.036e-01      3.520e+09              1s.2p 3P2.0 -               1s.5d 3D3.0     
    7    9       271.8807      4.077e-02      3.677e+09              1s.2p 1P1.0 -               1s.3s 1S0.0     
    7   17       267.2673      2.121e+00      3.959e+10              1s.2p 1P1.0 -               1s.3d 1D2.0     
    7   19      -209.3717      9.135e-03      1.389e+09              1s.2p 1P1.0 -               1s.4s 1S0.0     
    7   27       197.0245      3.654e-01      1.255e+10              1s.2p 1P1.0 -               1s.4d 1D2.0     
    7   33      -185.7156      3.639e-03      7.034e+08              1s.2p 1P1.0 -               1s.5s 1S0.0     
    7   41       175.6593      1.331e-01      5.751e+09              1s.2p 1P1.0 -               1s.5d 1D2.0     
    8   20       672.0578      1.614e-01      2.382e+09              1s.3s 3S1.0 -               1s.4p 3P0.0     
    8   21       672.0578      4.842e-01      2.382e+09              1s.3s 3S1.0 -               1s.4p 3P1.0     
    8   22       672.0578      8.085e-01      2.387e+09              1s.3s 3S1.0 -               1s.4p 3P2.0     
    8   34       472.2113      4.029e-02      1.205e+09              1s.3s 3S1.0 -               1s.5p 3P0.0     
    8   35       472.2113      1.209e-01      1.205e+09              1s.3s 3S1.0 -               1s.5p 3P1.0     
    8   36       472.2113      2.018e-01      1.207e+09              1s.3s 3S1.0 -               1s.5p 3P2.0     
    9   23       711.5931      4.847e-01      2.127e+09              1s.3s 1S0.0 -               1s.4p 1P1.0     
    9   37       495.3839      1.210e-01      1.096e+09              1s.3s 1S0.0 -               1s.5p 1P1.0     
   10   14     16986.6113      5.420e-02      4.174e+05              1s.3p 3P0.0 -               1s.3d 3D1.0     
   10   18       756.8719      3.580e-03      1.389e+07              1s.3p 3P0.0 -               1s.4s 3S1.0     
   10   24       717.5776      6.863e-02      2.962e+08              1s.3p 3P0.0 -               1s.4d 3D1.0     
   10   32       506.3070      8.245e-04      7.147e+06              1s.3p 3P0.0 -               1s.5s 3S1.0     
   10   38       497.0905      1.545e-02      1.389e+08              1s.3p 3P0.0 -               1s.5d 3D1.0     
   11   14     16986.6113      4.080e-02      3.142e+05              1s.3p 3P1.0 -               1s.3d 3D1.0     
   11   15     16986.6113      1.221e-01      5.642e+05              1s.3p 3P1.0 -               1s.3d 3D2.0     
   11   18       756.8719      3.222e-02      1.250e+08              1s.3p 3P1.0 -               1s.4s 3S1.0     
   11   24       717.5776      1.545e-01      6.668e+08              1s.3p 3P1.0 -               1s.4d 3D1.0     
   11   25       717.5776      4.637e-01      1.201e+09              1s.3p 3P1.0 -               1s.4d 3D2.0     
   11   32       506.3070      7.421e-03      6.433e+07              1s.3p 3P1.0 -               1s.5s 3S1.0     
   11   38       497.0905      3.479e-02      3.129e+08              1s.3p 3P1.0 -               1s.5d 3D1.0     
   11   39       497.0905      1.044e-01      5.633e+08              1s.3p 3P1.0 -               1s.5d 3D2.0     
   12   14     16986.6113      2.710e-03      2.087e+04              1s.3p 3P2.0 -               1s.3d 3D1.0     
   12   15     16986.6113      4.065e-02      1.878e+05              1s.3p 3P2.0 -               1s.3d 3D2.0     
   12   16     16957.8066      2.270e-01      7.518e+05              1s.3p 3P2.0 -               1s.3d 3D3.0     
   17   13     54171.2812      5.250e-02      3.976e+04              1s.3d 1D2.0 -               1s.3p 1P1.0     
   12   18       756.8719      8.965e-02      3.478e+08              1s.3p 3P2.0 -               1s.4s 3S1.0     
   12   24       717.5776      7.729e-01      3.336e+09              1s.3p 3P2.0 -               1s.4d 3D1.0     
   12   25       717.5776      2.575e-01      6.668e+08              1s.3p 3P2.0 -               1s.4d 3D2.0     
   12   26       717.5776      1.444e+00      2.671e+09              1s.3p 3P2.0 -               1s.4d 3D3.0     
   12   32       506.3070      2.065e-02      1.790e+08              1s.3p 3P2.0 -               1s.5s 3S1.0     
   12   38       497.0905      1.740e-01      1.565e+09              1s.3p 3P2.0 -               1s.5d 3D1.0     
   12   39       497.0905      5.798e-02      3.129e+08              1s.3p 3P2.0 -               1s.5d 3D2.0     
   12   40       497.0905      3.250e-01      1.253e+09              1s.3p 3P2.0 -               1s.5d 3D3.0     
   13   19      -821.8546      9.675e-02      9.549e+08              1s.3p 1P1.0 -               1s.4s 1S0.0     
   13   27       760.1802      1.855e+00      4.280e+09              1s.3p 1P1.0 -               1s.4d 1D2.0     
   13   33      -547.9019      2.228e-02      4.948e+08              1s.3p 1P1.0 -               1s.5s 1S0.0     
   13   41       517.3824      4.176e-01      2.080e+09              1s.3p 1P1.0 -               1s.5d 1D2.0     
   14   20       763.0457      3.660e-03      4.191e+07              1s.3d 3D1.0 -               1s.4p 3P0.0     
   14   21       763.0457      2.746e-03      1.048e+07              1s.3d 3D1.0 -               1s.4p 3P1.0     
   14   22       763.0457      8.243e-03      1.888e+07              1s.3d 3D1.0 -               1s.4p 3P2.0     
   14   28       748.4008      6.108e-01      1.454e+09              1s.3d 3D1.0 -               1s.4f 3F2.0     
   14   34       515.3931      7.359e-04      1.847e+07              1s.3d 3D1.0 -               1s.5p 3P0.0     
   14   35       515.3931      5.523e-04      4.620e+06              1s.3d 3D1.0 -               1s.5p 3P1.0     
   14   36       515.3931      1.658e-03      8.322e+06              1s.3d 3D1.0 -               1s.5p 3P2.0     
   14   42       511.9073      9.396e-02      4.781e+08              1s.3d 3D1.0 -               1s.5f 3F2.0     
   15   21       763.0457      1.374e-02      5.244e+07              1s.3d 3D2.0 -               1s.4p 3P1.0     
   15   22       763.0457      4.577e-03      1.048e+07              1s.3d 3D2.0 -               1s.4p 3P2.0     
   15   28       748.4008      1.883e-01      4.483e+08              1s.3d 3D2.0 -               1s.4f 3F2.0     
   15   29       748.4008      1.508e+00      2.564e+09              1s.3d 3D2.0 -               1s.4f 3F3.0     
   15   35       515.3931      2.763e-03      2.311e+07              1s.3d 3D2.0 -               1s.5p 3P1.0     
   15   36       515.3931      9.205e-04      4.620e+06              1s.3d 3D2.0 -               1s.5p 3P2.0     
   15   42       511.9073      2.897e-02      1.474e+08              1s.3d 3D2.0 -               1s.5f 3F2.0     
   15   43       511.9073      2.320e-01      8.432e+08              1s.3d 3D2.0 -               1s.5f 3F3.0     
   16   22       763.1039      3.593e-02      8.227e+07              1s.3d 3D3.0 -               1s.4p 3P2.0     
   16   28       748.4567      3.691e-01      8.785e+08              1s.3d 3D3.0 -               1s.4f 3F2.0     
   16   29       748.4567      2.637e-01      4.483e+08              1s.3d 3D3.0 -               1s.4f 3F3.0     
   16   30       748.4567      3.054e+00      4.038e+09              1s.3d 3D3.0 -               1s.4f 3F4.0     
   16   36       515.4197      7.224e-03      3.626e+07              1s.3d 3D3.0 -               1s.5p 3P2.0     
   16   42       511.9334      5.678e-02      2.889e+08              1s.3d 3D3.0 -               1s.5f 3F2.0     
   16   43       511.9334      4.056e-02      1.474e+08              1s.3d 3D3.0 -               1s.5f 3F3.0     
   16   44       511.9334      4.698e-01      1.328e+09              1s.3d 3D3.0 -               1s.5f 3F4.0     
   17   23       745.2634      5.495e-02      2.199e+08              1s.3d 1D2.0 -               1s.4p 1P1.0     
   17   31       749.6575      5.090e+00      8.626e+09              1s.3d 1D2.0 -               1s.4f 1F3.0     
   17   37       511.4706      1.105e-02      9.387e+07              1s.3d 1D2.0 -               1s.5p 1P1.0     
   17   45       512.4949      7.830e-01      2.839e+09              1s.3d 1D2.0 -               1s.5f 1F3.0     
   18   34      1475.1248      1.812e-01      5.551e+08              1s.4s 3S1.0 -               1s.5p 3P0.0     
   18   35      1475.1248      5.437e-01      5.553e+08              1s.4s 3S1.0 -               1s.5p 3P1.0     
   18   36      1475.1248      9.077e-01      5.562e+08              1s.4s 3S1.0 -               1s.5p 3P2.0     
   19   37     -1582.0498      5.442e-01      4.832e+08              1s.4s 1S0.0 -               1s.5p 1P1.0     
   20   32      1651.0399      5.873e-03      4.788e+06              1s.4p 3P0.0 -               1s.5s 3S1.0     
   20   38      1556.9077      6.763e-02      6.200e+07              1s.4p 3P0.0 -               1s.5d 3D1.0     
   21   32      1651.0399      5.286e-02      4.309e+07              1s.4p 3P1.0 -               1s.5s 3S1.0     
   21   38      1556.9077      1.523e-01      1.396e+08              1s.4p 3P1.0 -               1s.5d 3D1.0     
   21   39      1556.9077      4.570e-01      2.514e+08              1s.4p 3P1.0 -               1s.5d 3D2.0     
   22   32      1651.0399      1.471e-01      1.199e+08              1s.4p 3P2.0 -               1s.5s 3S1.0     
   22   38      1556.9077      7.616e-01      6.982e+08              1s.4p 3P2.0 -               1s.5d 3D1.0     
   22   39      1556.9077      2.538e-01      1.396e+08              1s.4p 3P2.0 -               1s.5d 3D2.0     
   22   40      1556.9077      1.423e+00      5.591e+08              1s.4p 3P2.0 -               1s.5d 3D3.0     
   23   33     -1782.6139      1.587e-01      3.329e+08              1s.4p 1P1.0 -               1s.5s 1S0.0     
   23   41      1640.7998      1.828e+00      9.053e+08              1s.4p 1P1.0 -               1s.5d 1D2.0     
   24   34      1651.3671      9.264e-03      2.265e+07              1s.4d 3D1.0 -               1s.5p 3P0.0     
   24   35      1651.3671      6.952e-03      5.665e+06              1s.4d 3D1.0 -               1s.5p 3P1.0     
   24   36      1651.3671      2.087e-02      1.020e+07              1s.4d 3D1.0 -               1s.5p 3P2.0     
   24   42      1616.1058      5.342e-01      2.727e+08              1s.4d 3D1.0 -               1s.5f 3F2.0     
   25   35      1651.3671      3.478e-02      2.834e+07              1s.4d 3D2.0 -               1s.5p 3P1.0     
   25   36      1651.3671      1.159e-02      5.667e+06              1s.4d 3D2.0 -               1s.5p 3P2.0     
   25   42      1616.1058      1.647e-01      8.408e+07              1s.4d 3D2.0 -               1s.5f 3F2.0     
   25   43      1616.1058      1.319e+00      4.810e+08              1s.4d 3D2.0 -               1s.5f 3F3.0     
   26   36      1651.3671      9.094e-02      4.446e+07              1s.4d 3D3.0 -               1s.5p 3P2.0     
   26   42      1616.1058      3.228e-01      1.648e+08              1s.4d 3D3.0 -               1s.5f 3F2.0     
   26   43      1616.1058      2.306e-01      8.409e+07              1s.4d 3D3.0 -               1s.5f 3F3.0     
   26   44      1616.1058      2.671e+00      7.575e+08              1s.4d 3D3.0 -               1s.5f 3F4.0     
   27   37      1609.7645      1.391e-01      1.193e+08              1s.4d 1D2.0 -               1s.5p 1P1.0     
   27   45      1619.9543      4.451e+00      1.615e+09              1s.4d 1D2.0 -               1s.5f 1F3.0     
   28   38      1621.6553      8.871e-03      7.496e+06              1s.4f 3F2.0 -               1s.5d 3D1.0     
   28   39      1621.6553      1.641e-03      8.320e+05              1s.4f 3F2.0 -               1s.5d 3D2.0     
   28   40      1621.6553      2.298e-03      8.322e+05              1s.4f 3F2.0 -               1s.5d 3D3.0     
   28   46      1619.8035      1.602e+00      5.815e+08              1s.4f 3F2.0 -               1s.5g 3G3.0     
   29   39      1621.6553      1.840e-02      9.329e+06              1s.4f 3F3.0 -               1s.5d 3D2.0     
   29   40      1621.6553      2.298e-03      8.322e+05              1s.4f 3F3.0 -               1s.5d 3D3.0     
   29   46      1619.8035      1.960e-01      7.114e+07              1s.4f 3F3.0 -               1s.5g 3G3.0     
   29   47      1619.8035      2.290e+00      6.465e+08              1s.4f 3F3.0 -               1s.5g 3G4.0     
   30   40      1621.6553      3.422e-02      1.239e+07              1s.4f 3F4.0 -               1s.5d 3D3.0     
   30   46      1619.8035      3.998e-03      1.451e+06              1s.4f 3F4.0 -               1s.5g 3G3.0     
   30   47      1619.8035      1.526e-01      4.308e+07              1s.4f 3F4.0 -               1s.5g 3G4.0     
   30   48      1619.8035      4.935e+00      1.140e+09              1s.4f 3F4.0 -               1s.5g 3G5.0     
   31   41      1619.8953      6.210e-02      3.155e+07              1s.4f 1F3.0 -               1s.5d 1D2.0     
   31   49      1619.8035      9.422e+00      2.660e+09              1s.4f 1F3.0 -               1s.5g 1G4.0     
qq -1
%filename: c_5.wgfa
%observed energy levels: Martin,W.C., Sugar,J., Musgrove,A., Dalton,G.R., 1995,
     NIST Database for Atomic Spectroscopy, Version 1.0, NIST Standard Reference Database 61.
%observed energy levels (1s2p 3P): Chen, M.H., Cheng, K.T., Johnson, W.R., 1993, Ph.Rev.A, 47, 3692
%theoretical energy levels: Sampson, D. H., Goett, S.J., Clark, R.E.H., 1983, ADNDT, 29, 467
%oscillator strengths and A values (transitions from upper configurations 1s.2p,1s.3p,1s.3d): 
     Martin,W.C., Sugar,J., Musgrove,A., Dalton,G.R., 1995, NIST Database for Atomic Spectroscopy, 
     Version 1.0, NIST Standard Reference Database 61.
%A values (1s2- 1s2s): Lin,C.D., Johnson,W.R., Dalgarno,A., Phys Rev A, 1977, 15, 154
%A values (1-2): Schmidt, H.T., Forck, P., Grieser, M., et al., 1994, Phys, Rev. Lett, 72, 1616
%A values (1-5): Hutton, R., Restad, N., Engstroem, L., Huldt, S., 1985, Phys. Scr., 31, 506
%A values (1-3 transtion - 2 photon): Drake,G.W.F., Phys Rev A, 1986, 34, 2871
%oscillator strengths (transitions from 1s.3s, 1snl with n>3): Wiese, W.L., Smith, M.W., Glennon, B.M., 1966,
     Atomic Transition Probabilities, NSRDS-NBS-4.
%comment:  Wiese's oscillator strengths are hydrogenic
%produced as part of the Arcetri/Cambridge/NRL 'CHIANTI' atomic data base collaboration
%
% K.P.Dere and E.Landi - Apr 2005
qq
  6  5  1  2  3 0.000e+00 2.177e+01 7.000e-01 7.704e-03 7.775e-03 8.188e-03 9.260e-03 1.205e-02
  6  5  1  3  2 0.000e+00 2.229e+01 1.700e+00 1.627e-02 1.963e-02 2.231e-02 2.505e-02 2.856e-02
  6  5  1  4  3 0.000e+00 2.222e+01 7.000e-01 4.817e-03 4.543e-03 4.455e-03 4.603e-03 5.243e-03
  6  5  1  5  3 1.520e-05 2.222e+01 1.700e+00 1.434e-02 1.331e-02 1.372e-02 1.464e-02 1.721e-02
  6  5  1  6  3 0.000e+00 2.223e+01 1.700e+00 3.345e-02 3.103e-02 3.200e-02 3.415e-02 4.014e-02
  6  5  1  7  1 6.328e-01 2.263e+01 2.500e+00 3.161e-02 6.644e-02 8.841e-02 1.040e-01 1.120e-01
  6  5  1  8  3 0.000e+00 2.564e+01 2.300e+00 1.974e-03 1.998e-03 2.224e-03 2.539e-03 3.162e-03
  6  5  1  9  2 0.000e+00 2.578e+01 1.700e+00 2.826e-03 3.561e-03 4.116e-03 4.677e-03 5.360e-03
  6  5  1 10  3 0.000e+00 2.577e+01 1.400e+00 1.229e-03 1.089e-03 1.081e-03 1.116e-03 1.292e-03
  6  5  1 11  3 3.751e-06 2.577e+01 1.700e+00 3.671e-03 3.240e-03 3.253e-03 3.412e-03 3.884e-03
  6  5  1 12  3 0.000e+00 2.577e+01 1.700e+00 8.568e-03 7.554e-03 7.592e-03 7.918e-03 9.076e-03
  6  5  1 13  1 1.238e-01 2.588e+01 2.500e+00 5.926e-03 1.331e-02 1.735e-02 1.946e-02 1.915e-02
  6  5  1 14  3 0.000e+00 2.584e+01 1.200e+00 4.170e-04 3.286e-04 2.972e-04 2.813e-04 2.939e-04
  6  5  1 15  2 0.000e+00 2.584e+01 7.000e-01 7.037e-04 4.777e-04 3.060e-04 1.556e-04 6.630e-06
  6  5  1 16  3 0.000e+00 2.585e+01 7.000e-01 9.843e-04 8.205e-04 7.271e-04 6.626e-04 6.789e-04
  6  5  1 17  2 0.000e+00 2.585e+01 1.700e+00 1.302e-04 6.922e-04 1.246e-03 1.881e-03 2.861e-03
  6  5  1 18  3 0.000e+00 2.693e+01 2.700e+00 8.076e-04 8.100e-04 9.022e-04 1.024e-03 1.239e-03
  6  5  1 19  2 0.000e+00 2.699e+01 1.700e+00 1.019e-03 1.306e-03 1.519e-03 1.733e-03 1.990e-03
  6  5  1 20  3 0.000e+00 2.698e+01 1.700e+00 4.981e-04 4.320e-04 4.307e-04 4.460e-04 5.073e-04
  6  5  1 21  3 1.467e-06 2.698e+01 1.700e+00 1.494e-03 1.296e-03 1.292e-03 1.344e-03 1.519e-03
  6  5  1 22  3 0.000e+00 2.698e+01 1.700e+00 3.487e-03 3.024e-03 3.015e-03 3.122e-03 3.552e-03
  6  5  1 23  1 4.491e-02 2.703e+01 2.200e+00 1.956e-03 4.397e-03 6.005e-03 6.923e-03 6.671e-03
  6  5  1 24  3 0.000e+00 2.701e+01 1.200e+00 2.314e-04 1.800e-04 1.618e-04 1.523e-04 1.583e-04
  6  5  1 25  2 0.000e+00 2.701e+01 7.000e-01 3.909e-04 2.627e-04 1.670e-04 8.412e-05 2.936e-06
  6  5  1 26  3 0.000e+00 2.701e+01 9.000e-01 5.437e-04 4.368e-04 3.869e-04 3.570e-04 3.676e-04
  6  5  1 27  2 0.000e+00 2.702e+01 1.700e+00 1.238e-04 3.999e-04 6.871e-04 1.018e-03 1.540e-03
  6  5  1 28  3 0.000e+00 2.702e+01 7.000e-01 1.963e-05 1.482e-05 1.207e-05 1.020e-05 9.252e-06
  6  5  1 29  2 0.000e+00 2.702e+01 6.000e-01 2.536e-05 1.714e-05 1.187e-05 8.020e-06 5.894e-06
  6  5  1 30  3 0.000e+00 2.702e+01 7.000e-01 3.536e-05 2.663e-05 2.174e-05 1.835e-05 1.669e-05
  6  5  1 31  2 0.000e+00 2.702e+01 7.000e-01 1.879e-05 1.479e-05 1.451e-05 1.591e-05 2.187e-05
  6  5  1 32  3 0.000e+00 2.751e+01 1.600e+00 4.114e-04 3.993e-04 4.279e-04 4.754e-04 6.088e-04
  6  5  1 33  2 0.000e+00 2.754e+01 1.700e+00 4.854e-04 6.278e-04 7.325e-04 8.373e-04 9.625e-04
  6  5  1 34  3 0.000e+00 2.754e+01 1.400e+00 2.520e-04 2.185e-04 2.142e-04 2.190e-04 2.503e-04
  6  5  1 35  3 7.261e-07 2.754e+01 1.700e+00 7.529e-04 6.483e-04 6.437e-04 6.678e-04 7.517e-04
  6  5  1 36  3 0.000e+00 2.754e+01 1.700e+00 1.758e-03 1.512e-03 1.503e-03 1.551e-03 1.758e-03
  6  5  1 37  1 2.151e-02 2.756e+01 2.200e+00 9.008e-04 2.097e-03 2.872e-03 3.295e-03 3.133e-03
  6  5  1 38  3 0.000e+00 2.755e+01 7.000e-01 1.291e-04 1.062e-04 9.313e-05 8.416e-05 8.525e-05
  6  5  1 39  2 0.000e+00 2.755e+01 7.000e-01 2.154e-04 1.442e-04 9.137e-05 4.588e-05 1.425e-06
  6  5  1 40  3 0.000e+00 2.755e+01 7.000e-01 3.011e-04 2.477e-04 2.173e-04 1.963e-04 1.989e-04
  6  5  1 41  2 0.000e+00 2.756e+01 1.700e+00 6.372e-05 2.112e-04 3.637e-04 5.365e-04 8.054e-04
  6  5  1 42  3 0.000e+00 2.756e+01 6.000e-01 1.554e-05 1.198e-05 9.735e-06 8.120e-06 7.213e-06
  6  5  1 43  2 0.000e+00 2.756e+01 5.000e-01 2.070e-05 1.443e-05 9.753e-06 5.962e-06 3.003e-06
  6  5  1 44  3 0.000e+00 2.756e+01 5.000e-01 2.809e-05 2.226e-05 1.815e-05 1.495e-05 1.296e-05
  6  5  1 45  2 0.000e+00 2.756e+01 7.000e-01 1.406e-05 1.132e-05 1.149e-05 1.302e-05 1.809e-05
  6  5  1 46  3 0.000e+00 2.756e+01 6.000e-01 4.235e-07 3.011e-07 2.246e-07 1.763e-07 1.392e-07
  6  5  1 47  3 0.000e+00 2.756e+01 1.700e+00 4.646e-07 2.883e-07 2.641e-07 2.672e-07 2.519e-07
  6  5  1 48  3 0.000e+00 2.756e+01 7.000e-01 6.640e-07 4.570e-07 3.400e-07 2.702e-07 2.175e-07
  6  5  1 49  2 0.000e+00 2.756e+01 7.000e-01 4.730e-07 2.809e-07 1.729e-07 1.077e-07 3.519e-08
  6  5  2  8  2 0.000e+00 3.874e+00 3.700e+00 4.588e-01 5.002e-01 5.261e-01 5.471e-01 5.699e-01
  6  5  2  9  3 0.000e+00 4.014e+00 3.700e+00 1.190e-02 1.340e-02 1.569e-02 1.853e-02 2.285e-02
  6  5  2 10  1 8.768e-02 4.000e+00 2.500e+00 2.658e-02 3.698e-02 4.796e-02 6.418e-02 8.791e-02
  6  5  2 11  1 2.633e-01 4.003e+00 2.500e+00 7.975e-02 1.109e-01 1.439e-01 1.925e-01 2.638e-01
  6  5  2 12  1 4.389e-01 4.003e+00 2.500e+00 1.329e-01 1.849e-01 2.398e-01 3.208e-01 4.397e-01
  6  5  2 13  3 8.229e-06 4.111e+00 3.700e+00 2.784e-02 3.172e-02 3.656e-02 4.211e-02 4.981e-02
  6  5  2 14  2 0.000e+00 4.079e+00 3.700e+00 1.144e-01 1.459e-01 1.758e-01 2.077e-01 2.602e-01
  6  5  2 15  2 0.000e+00 4.079e+00 3.700e+00 2.667e-01 3.400e-01 4.097e-01 4.841e-01 6.064e-01
  6  5  2 16  2 0.000e+00 4.082e+00 3.700e+00 3.736e-01 4.764e-01 5.742e-01 6.785e-01 8.498e-01
  6  5  2 17  2 0.000e+00 4.086e+00 1.400e+00 8.724e-02 6.251e-02 4.164e-02 2.280e-02 9.637e-04
  6  5  2 18  2 0.000e+00 5.166e+00 3.700e+00 8.883e-02 9.767e-02 1.027e-01 1.068e-01 1.110e-01
  6  5  2 19  3 0.000e+00 5.220e+00 2.600e+00 4.265e-03 4.126e-03 4.504e-03 5.022e-03 6.207e-03
  6  5  2 20  1 2.401e-02 5.216e+00 2.500e+00 7.330e-03 1.003e-02 1.241e-02 1.528e-02 1.849e-02
  6  5  2 21  1 7.202e-02 5.216e+00 2.500e+00 2.199e-02 3.009e-02 3.723e-02 4.581e-02 5.544e-02
  6  5  2 22  1 1.200e-01 5.216e+00 2.500e+00 3.665e-02 5.016e-02 6.205e-02 7.639e-02 9.240e-02
  6  5  2 23  3 2.377e-06 5.263e+00 2.700e+00 1.010e-02 9.994e-03 1.077e-02 1.180e-02 1.379e-02
  6  5  2 24  2 0.000e+00 5.249e+00 3.700e+00 2.165e-02 2.440e-02 2.769e-02 3.102e-02 3.589e-02
  6  5  2 25  2 0.000e+00 5.249e+00 3.700e+00 5.048e-02 5.689e-02 6.457e-02 7.233e-02 8.368e-02
  6  5  2 26  2 0.000e+00 5.249e+00 3.700e+00 7.070e-02 7.970e-02 9.045e-02 1.013e-01 1.171e-01
  6  5  2 27  3 0.000e+00 5.252e+00 3.700e+00 2.502e-02 2.567e-02 2.873e-02 3.226e-02 3.899e-02
  6  5  2 28  2 0.000e+00 5.252e+00 3.700e+00 1.377e-02 1.569e-02 1.741e-02 1.900e-02 2.145e-02
  6  5  2 29  2 0.000e+00 5.252e+00 3.700e+00 1.887e-02 1.879e-02 1.998e-02 2.122e-02 2.364e-02
  6  5  2 30  2 0.000e+00 5.252e+00 3.700e+00 2.480e-02 2.825e-02 3.134e-02 3.420e-02 3.863e-02
  6  5  2 31  2 0.000e+00 5.252e+00 1.200e+00 1.912e-02 1.392e-02 1.057e-02 7.999e-03 6.257e-03
  6  5  2 32  2 0.000e+00 5.746e+00 3.700e+00 3.366e-02 3.710e-02 3.905e-02 4.062e-02 4.215e-02
  6  5  2 33  3 0.000e+00 5.774e+00 2.300e+00 2.045e-03 1.885e-03 1.998e-03 2.183e-03 2.667e-03
  6  5  2 34  1 9.685e-03 5.774e+00 2.500e+00 2.955e-03 4.009e-03 4.879e-03 5.829e-03 6.739e-03
  6  5  2 35  1 2.905e-02 5.774e+00 2.500e+00 8.867e-03 1.203e-02 1.464e-02 1.749e-02 2.021e-02
  6  5  2 36  1 4.841e-02 5.774e+00 2.500e+00 1.477e-02 2.005e-02 2.440e-02 2.915e-02 3.368e-02
  6  5  2 37  3 9.852e-07 5.796e+00 2.700e+00 4.946e-03 4.689e-03 4.950e-03 5.329e-03 6.112e-03
  6  5  2 38  2 0.000e+00 5.789e+00 3.700e+00 7.923e-03 8.335e-03 9.260e-03 1.019e-02 1.154e-02
  6  5  2 39  2 0.000e+00 5.789e+00 3.700e+00 1.849e-02 1.944e-02 2.160e-02 2.376e-02 2.699e-02
  6  5  2 40  2 0.000e+00 5.789e+00 3.700e+00 2.588e-02 2.723e-02 3.025e-02 3.327e-02 3.766e-02
  6  5  2 41  3 0.000e+00 5.792e+00 2.700e+00 1.132e-02 1.092e-02 1.177e-02 1.295e-02 1.558e-02
  6  5  2 42  2 0.000e+00 5.792e+00 3.700e+00 7.896e-03 8.251e-03 8.956e-03 9.661e-03 1.098e-02
  6  5  2 43  2 0.000e+00 5.792e+00 3.700e+00 1.066e-02 1.036e-02 1.099e-02 1.168e-02 1.318e-02
  6  5  2 44  2 0.000e+00 5.792e+00 3.700e+00 1.421e-02 1.485e-02 1.612e-02 1.739e-02 1.978e-02
  6  5  2 45  2 0.000e+00 5.792e+00 7.000e-01 9.668e-03 7.420e-03 5.552e-03 3.815e-03 2.138e-03
  6  5  2 46  2 0.000e+00 5.792e+00 2.300e+00 1.132e-03 8.509e-04 8.242e-04 8.512e-04 1.104e-03
  6  5  2 47  2 0.000e+00 5.792e+00 2.300e+00 1.437e-03 8.797e-04 7.313e-04 6.659e-04 7.968e-04
  6  5  2 48  2 0.000e+00 5.792e+00 2.200e+00 1.786e-03 1.344e-03 1.295e-03 1.331e-03 1.730e-03
  6  5  2 49  2 0.000e+00 5.792e+00 1.700e+00 1.474e-03 9.034e-04 6.817e-04 5.553e-04 6.146e-04
  6  5  3  8  3 0.000e+00 3.344e+00 4.700e+00 1.188e-02 1.377e-02 1.636e-02 1.899e-02 2.350e-02
  6  5  3  9  2 0.000e+00 3.485e+00 3.700e+00 1.455e-01 1.628e-01 1.731e-01 1.814e-01 1.902e-01
  6  5  3 10  3 0.000e+00 3.470e+00 4.700e+00 3.093e-03 3.618e-03 4.207e-03 4.781e-03 5.641e-03
  6  5  3 11  3 6.954e-06 3.474e+00 4.700e+00 9.279e-03 1.085e-02 1.262e-02 1.434e-02 1.692e-02
  6  5  3 12  3 0.000e+00 3.474e+00 4.700e+00 1.547e-02 1.809e-02 2.103e-02 2.390e-02 2.820e-02
  6  5  3 13  1 2.356e-01 3.582e+00 2.500e+00 6.169e-02 1.025e-01 1.411e-01 1.923e-01 2.638e-01
  6  5  3 14  3 0.000e+00 3.550e+00 3.700e+00 1.743e-02 1.954e-02 2.268e-02 2.604e-02 3.191e-02
  6  5  3 15  2 0.000e+00 3.550e+00 2.200e+00 2.862e-02 1.830e-02 1.135e-02 5.924e-03 4.615e-04
  6  5  3 16  3 0.000e+00 3.553e+00 3.700e+00 4.067e-02 4.558e-02 5.292e-02 6.076e-02 7.447e-02
  6  5  3 17  2 0.000e+00 3.557e+00 3.700e+00 2.121e-01 3.109e-01 3.937e-01 4.767e-01 6.081e-01
  6  5  3 18  3 0.000e+00 4.637e+00 3.700e+00 4.206e-03 4.187e-03 4.674e-03 5.222e-03 6.293e-03
  6  5  3 19  2 0.000e+00 4.691e+00 3.700e+00 2.697e-02 3.133e-02 3.357e-02 3.532e-02 3.698e-02
  6  5  3 20  3 0.000e+00 4.687e+00 3.700e+00 1.112e-03 1.124e-03 1.231e-03 1.347e-03 1.545e-03
  6  5  3 21  3 2.117e-06 4.687e+00 3.700e+00 3.337e-03 3.373e-03 3.692e-03 4.040e-03 4.634e-03
  6  5  3 22  3 0.000e+00 4.687e+00 3.700e+00 5.562e-03 5.621e-03 6.153e-03 6.732e-03 7.723e-03
  6  5  3 23  1 6.536e-02 4.734e+00 2.500e+00 1.551e-02 2.736e-02 3.639e-02 4.578e-02 5.544e-02
  6  5  3 24  3 0.000e+00 4.720e+00 3.700e+00 4.992e-03 5.120e-03 5.699e-03 6.338e-03 7.459e-03
  6  5  3 25  2 0.000e+00 4.720e+00 2.100e+00 8.234e-03 4.930e-03 2.938e-03 1.423e-03 5.981e-05
  6  5  3 26  3 0.000e+00 4.720e+00 3.700e+00 1.165e-02 1.195e-02 1.330e-02 1.479e-02 1.740e-02
  6  5  3 27  2 0.000e+00 4.723e+00 3.700e+00 3.468e-02 4.938e-02 6.044e-02 7.061e-02 8.382e-02
  6  5  3 28  3 0.000e+00 4.723e+00 2.700e+00 4.429e-03 3.894e-03 3.962e-03 4.121e-03 4.656e-03
  6  5  3 29  2 0.000e+00 4.723e+00 3.700e+00 6.174e-03 5.534e-03 5.646e-03 5.836e-03 6.412e-03
  6  5  3 30  3 0.000e+00 4.723e+00 3.700e+00 7.863e-03 6.950e-03 7.227e-03 7.545e-03 8.448e-03
  6  5  3 31  2 0.000e+00 4.723e+00 1.900e+00 6.949e-03 1.176e-02 1.551e-02 1.861e-02 2.341e-02
  6  5  3 32  3 0.000e+00 5.216e+00 3.200e+00 2.015e-03 1.892e-03 2.054e-03 2.256e-03 2.701e-03
  6  5  3 33  2 0.000e+00 5.245e+00 3.700e+00 9.961e-03 1.181e-02 1.271e-02 1.342e-02 1.406e-02
  6  5  3 34  3 0.000e+00 5.245e+00 3.700e+00 5.438e-04 5.237e-04 5.626e-04 6.058e-04 6.848e-04
  6  5  3 35  3 8.916e-07 5.245e+00 3.700e+00 1.631e-03 1.571e-03 1.688e-03 1.817e-03 2.054e-03
  6  5  3 36  3 0.000e+00 5.245e+00 2.700e+00 2.745e-03 2.606e-03 2.751e-03 2.959e-03 3.402e-03
  6  5  3 37  1 2.650e-02 5.267e+00 2.500e+00 5.691e-03 1.075e-02 1.425e-02 1.747e-02 2.021e-02
  6  5  3 38  3 0.000e+00 5.260e+00 3.700e+00 2.240e-03 2.203e-03 2.411e-03 2.643e-03 3.064e-03
  6  5  3 39  2 0.000e+00 5.260e+00 1.700e+00 3.745e-03 2.323e-03 1.406e-03 6.884e-04 2.148e-05
  6  5  3 40  3 0.000e+00 5.260e+00 3.700e+00 5.227e-03 5.140e-03 5.625e-03 6.167e-03 7.149e-03
  6  5  3 41  2 0.000e+00 5.263e+00 3.700e+00 1.138e-02 1.623e-02 1.983e-02 2.305e-02 2.692e-02
  6  5  3 42  3 0.000e+00 5.263e+00 2.700e+00 2.123e-03 1.820e-03 1.833e-03 1.893e-03 2.117e-03
  6  5  3 43  2 0.000e+00 5.263e+00 1.700e+00 3.300e-03 2.555e-03 2.246e-03 2.065e-03 2.166e-03
  6  5  3 44  3 0.000e+00 5.263e+00 2.700e+00 3.823e-03 3.276e-03 3.300e-03 3.407e-03 3.811e-03
  6  5  3 45  2 0.000e+00 5.263e+00 2.700e+00 5.047e-03 7.658e-03 9.392e-03 1.086e-02 1.311e-02
  6  5  3 46  3 0.000e+00 5.263e+00 1.900e+00 4.961e-04 3.718e-04 3.379e-04 3.223e-04 3.482e-04
  6  5  3 47  2 0.000e+00 5.263e+00 2.700e+00 4.835e-04 4.149e-04 4.368e-04 4.786e-04 6.298e-04
  6  5  3 48  3 0.000e+00 5.263e+00 1.700e+00 6.111e-04 4.616e-04 4.158e-04 3.939e-04 4.244e-04
  6  5  3 49  2 0.000e+00 5.263e+00 3.700e+00 4.840e-04 4.869e-04 5.495e-04 6.302e-04 8.123e-04
  6  5  2  4  1 4.500e-02 4.001e-01 3.500e+00 1.510e+00 1.144e+00 8.420e-01 6.081e-01 4.473e-01
  6  5  2  5  1 1.350e-01 3.999e-01 3.500e+00 4.695e+00 3.360e+00 2.481e+00 1.839e+00 1.346e+00
  6  5  2  6  1 2.267e-01 4.012e-01 3.500e+00 7.815e+00 5.745e+00 4.132e+00 3.161e+00 2.260e+00
  6  5  3  7  1 9.230e-02 2.583e-01 3.500e+00 6.371e+00 3.861e+00 2.542e+00 1.936e+00 1.426e+00
  6  5  4  7  2 0.000e+00 2.571e-01 1.440e+01 1.364e-01 1.270e-01 8.644e-02 4.776e-02 5.553e-04
  6  5  5  7  2 0.000e+00 2.572e-01 1.420e+01 4.345e-01 3.828e-01 2.599e-01 1.404e-01 2.541e-02
  6  5  6  7  2 0.000e+00 2.559e-01 1.420e+01 7.983e-01 6.362e-01 4.389e-01 2.393e-01 3.980e-02
qq -1
filename: c_5.splups
%oscillator strengths and A values (transitions from upper configurations 1s.2p,1s.3p,1s.3d):
     Martin,W.C., Sugar,J., Musgrove,A., Dalton,G.R., 1995,
     NIST Database for Atomic Spectroscopy, Version 1.0, NIST Standard Reference Database 61
%oscillator strengths (transitions from 1s.3s, 1snl with n>3): Wiese, W.L., Smith, M.W., Glennon, B.M., 1966,
     Atomic Transition Probabilities, NSRDS-NBS-4
%comment:  Wiese's oscillator strengths are hydrogenic
%collision strengths: Sampson, D.H., Goett, S.J., Clark, R.E.H., 1983, ADNDT, 29, 467 (Hydrogenic values)
%collision strengths among n=2 levels: extrapolated from Zhang and Sampson (1987, ApJSS, 63, 487) values for 
     O VII, Ne IX, Mg XI
%comment: correction (Aug 2003): a few more collisional transitions have been added.
%produced as part of the Arcetri/Cambridge/NRL 'CHIANTI' atomic data base collaboration
%
%  K.P. Dere  - August 2003
 -1
    1                 1s2    1    0  s    1               0.000               0.000
    2                1s2s    2    0  s    4         2422202.500         2403016.769
    3                1s2p    2    1  p   12         2462263.041         2450061.188
    4                1s3s    3    0  s    4         2842466.500         2817428.725
    5                1s3p    3    1  p   12         2853407.250         2830728.792
    6                1s3d    3    2  d   20         2857364.500         2836430.731
    7                1s4s    4    0  s    4         2983541.000         2956882.760
    8                1s4p    4    1  p   12         2989196.750         2962216.068
    9                1s4d    4    2  d   20         2990812.750         2964586.494
   10                1s4f    4    3  f   28         2990923.400         2964882.718
   11                1s5s    5    0  s    4         3048927.000         3019795.307
   12                1s5p    5    1  p   12         3051760.000         3022758.209
   13                1s5d    5    2  d   20         3052605.750         3023844.619
   14                1s5f    5    3  f   28         3052653.300         3024140.998
   15                1s5g    5    4  g   36         3052659.400         3024140.998
 -1
%filename: c_5.fblvl
%observed energy levels: Martin,W.C., Sugar,J., Musgrove,A., Dalton,G.R., 1995,
     NIST Database for Atomic Spectroscopy, Version 1.0, NIST Standard Reference Database 61
%observed energy levels (1s2p 3P): Chen, M.H., Cheng, K.T., Johnson, W.R., 1993, Ph.Rev.A, 47, 3692
%theoretical energy levels:  Sampson, D. H., Goett, S.J., Clark, R.E.H., 1983, ADNDT, 29, 467
%comment:  free-bound data file developed from .elvlc file
%produced as part of the Arcetri/Cambridge/NRL 'CHIANTI' atomic data base collaboration
%
% E. Landi - Jul 2002
 -1
