  6  2  1  1  2  1.417E-03  2.235E-04 -2.185E-05   0.000E+00  0.000E+00  0.000E+00  0.000E+00  0.000E+00  0.000E+00
  6  6  1  1  2  1.426E-03  3.046E-02  8.373E-04   0.000E+00  0.000E+00  0.000E+00  0.000E+00  0.000E+00  0.000E+00
  6  7  1  1  2  2.801E-03  4.362E-02  1.117E-03   0.000E+00  0.000E+00  0.000E+00  0.000E+00  0.000E+00  0.000E+00
  6  8  1  1  2  4.925E-03  5.837E-02  1.359E-03   0.000E+00  0.000E+00  0.000E+00  0.000E+00  0.000E+00  0.000E+00
  6 10  1  1  2  1.183E-02  9.011E-02  1.828E-03   0.000E+00  0.000E+00  0.000E+00  0.000E+00  0.000E+00  0.000E+00
  6 11  1  1  2  1.676E-02  9.873E-02  9.214E-03   0.000E+00  0.000E+00  0.000E+00  0.000E+00  0.000E+00  0.000E+00
  6 12  1  1  2  2.262E-02  1.216E-01  2.531E-03   0.000E+00  0.000E+00  0.000E+00  0.000E+00  0.000E+00  0.000E+00
  6 13  1  1  2  3.004E-02  1.306E-01  7.786E-03   0.000E+00  0.000E+00  0.000E+00  0.000E+00  0.000E+00  0.000E+00
  6 14  1  1  2  3.846E-02  1.491E-01  2.779E-03   0.000E+00  0.000E+00  0.000E+00  0.000E+00  0.000E+00  0.000E+00
  6 16  1  1  2  6.659E-02  1.762E-01 -6.522E-03   0.000E+00  0.000E+00  0.000E+00  0.000E+00  0.000E+00  0.000E+00
  6 18  1  1  2  9.249E-02  2.011E-01 -7.153E-03   0.000E+00  0.000E+00  0.000E+00  0.000E+00  0.000E+00  0.000E+00
  6 20  1  1  2  1.210E-01  2.224E-01 -6.832E-03   0.000E+00  0.000E+00  0.000E+00  0.000E+00  0.000E+00  0.000E+00
  6 26  1  1  2  1.984E-01  2.676E-01 -2.293E-03   0.000E+00  0.000E+00  0.000E+00  0.000E+00  0.000E+00  0.000E+00
  6  6  2  1  1  2.646E-03  1.762E-02 -7.843E-04   0.000E+00  0.000E+00  0.000E+00  0.000E+00  0.000E+00  0.000E+00
  6  7  2  1  1  5.761E-03  3.434E-02 -1.660E-03   0.000E+00  0.000E+00  0.000E+00  0.000E+00  0.000E+00  0.000E+00
  7  8  2  1  1  6.135E-02  1.968E-04  0.000E+00  0.000E+00  0.000E+00  0.000E+00  0.000E+00  0.000E+00  0.000E+00
  6 10  2  1  1  1.552E-02  9.008E-02  1.182E-02   0.000E+00  0.000E+00  0.000E+00  0.000E+00  0.000E+00  0.000E+00
  6 11  2  1  1  2.228E-02  1.133E-01  1.296E-02   0.000E+00  0.000E+00  0.000E+00  0.000E+00  0.000E+00  0.000E+00
  6 12  2  1  1  3.067E-02  1.375E-01  1.347E-02   0.000E+00  0.000E+00  0.000E+00  0.000E+00  0.000E+00  0.000E+00
  6 13  2  1  1  4.093E-02  1.618E-01  1.332E-02   0.000E+00  0.000E+00  0.000E+00  0.000E+00  0.000E+00  0.000E+00
  5 14  2  1  1  5.318E-02  1.874E-01  1.227E-02  7.173E-04   0.000E+00  0.000E+00  0.000E+00  0.000E+00  0.000E+00
  5 16  2  1  1  8.410E-02  2.381E-01  1.065E-02  1.049E-03   0.000E+00  0.000E+00  0.000E+00  0.000E+00  0.000E+00
  6 18  2  1  1  1.220E-01  2.795E-01  1.569E-02   0.000E+00  0.000E+00  0.000E+00  0.000E+00  0.000E+00  0.000E+00
  6 20  2  1  1  1.659E-01  3.186E-01  1.801E-02   0.000E+00  0.000E+00  0.000E+00  0.000E+00  0.000E+00  0.000E+00
  6 26  2  1  1  2.676E-01  4.097E-01  2.990E-02   0.000E+00  0.000E+00  0.000E+00  0.000E+00  0.000E+00  0.000E+00
  3  6  3  1  2  4.673E-07  1.887E-05  1.305E-05  3.099E-03  3.001E-04  2.553E-03   0.000E+00  0.000E+00  0.000E+00
  3  7  3  1  2  2.040E-06  6.986E-05  3.168E-04  4.353E-03  7.765E-04  5.101E-03   0.000E+00  0.000E+00  0.000E+00
  3  8  3  1  2  2.389E-05  1.355E-04  5.885E-03  2.163E-03  6.341E-04  1.348E-02   0.000E+00  0.000E+00  0.000E+00
  3 10  3  1  2  2.399E-04  3.532E-04  8.928E-03  5.427E-03  5.342E-03  3.981E-02   0.000E+00  0.000E+00  0.000E+00
  2 11  3  1  2  1.600E-04  2.992E-04  2.233E-03  9.405E-03  1.642E-02  6.149E-02  2.643E-04   0.000E+00  0.000E+00
  2 12  3  1  2  2.582E-04  5.033E-04  4.561E-03  8.754E-03  2.734E-02  7.509E-02  1.385E-02   0.000E+00  0.000E+00
  3 13  3  1  2  4.380E-04  6.900E-04  6.947E-03  9.037E-03  3.925E-02  1.153E-01   0.000E+00  0.000E+00  0.000E+00
  3 14  3  1  2  1.205E-03  1.309E-02  5.333E-03  2.858E-02  3.195E-02  1.433E-01   0.000E+00  0.000E+00  0.000E+00
  2 16  3  1  2  1.173E-03  1.718E-03  1.657E-02  7.474E-03  9.698E-02  1.399E-01  7.029E-02   0.000E+00  0.000E+00
  3 18  3  1  2  9.046E-04  3.613E-03  1.984E-02  9.058E-03  1.497E-01  2.812E-01   0.000E+00  0.000E+00  0.000E+00
  2 20  3  1  2  2.311E-03  2.019E-03  1.789E-02  2.139E-02  2.090E-01  3.375E-01  1.415E-02   0.000E+00  0.000E+00
  2 26  3  1  2  7.882E-03  1.636E-02  4.868E-02  4.230E-02  4.151E-01  5.339E-01  4.544E-03   0.000E+00  0.000E+00
  3  6  4  1  1  3.489E-06  2.222E-07  1.954E-05  4.212E-03  2.037E-04  2.936E-04   0.000E+00  0.000E+00  0.000E+00
  3  7  4  1  1  3.386E-06  3.036E-05  5.945E-05  1.195E-03  6.462E-03  1.358E-03   0.000E+00  0.000E+00  0.000E+00
  2  8  4  1  1  1.615E-05  9.299E-06  1.530E-04  6.616E-04  1.080E-02  7.503E-04  2.892E-03   0.000E+00  0.000E+00
  2 10  4  1  1  8.460E-05  1.817E-04  1.176E-03  1.397E-02  5.566E-03  6.229E-03  1.031E-02   0.000E+00  0.000E+00
  2 11  4  1  1  1.741E-05  7.735E-04  1.890E-03  2.254E-02  1.336E-02  1.660E-02  2.665E-04   0.000E+00  0.000E+00
  1 12  4  1  1  3.565E-05  2.017E-05  1.165E-03  5.016E-03  2.434E-02  2.508E-02  2.475E-02  7.087E-04   0.000E+00
  2 13  4  1  1  1.049E-05  5.683E-04  2.734E-03  6.968E-03  2.668E-02  3.801E-02  3.651E-02   0.000E+00  0.000E+00
  2 14  4  1  1  2.214E-04  1.260E-03  3.832E-03  1.158E-02  2.871E-02  5.456E-02  5.035E-02   0.000E+00  0.000E+00
  2 16  4  1  1  2.610E-04  9.442E-04  8.190E-03  4.271E-02  1.997E-02  9.590E-02  8.444E-02   0.000E+00  0.000E+00
  2 18  4  1  1  7.348E-04  5.115E-03  9.444E-03  5.143E-02  3.006E-02  1.566E-01  1.309E-01   0.000E+00  0.000E+00
  2 20  4  1  1  2.892E-03  7.663E-03  2.689E-02  5.718E-02  2.681E-01  1.709E-01  2.262E-02   0.000E+00  0.000E+00
  2 26  4  1  1  2.325E-03  1.017E-02  3.572E-02  9.882E-02  1.156E-01  5.792E-01  3.344E-01   0.000E+00  0.000E+00
  4  6  5  1  2  6.346E-09  9.793E-09  1.634E-06  8.369E-04  3.355E-04   0.000E+00  0.000E+00  0.000E+00  0.000E+00
  3  7  5  1  2  7.712E-08  4.839E-08  2.218E-06  1.536E-03  3.647E-03  4.234E-05   0.000E+00  0.000E+00  0.000E+00
  4  8  5  1  2  3.932E-07  2.523E-07  3.447E-05  5.776E-03  5.101E-03   0.000E+00  0.000E+00  0.000E+00  0.000E+00
  2 10  5  1  2  5.653E-06  4.344E-05  1.086E-04  5.980E-04  1.457E-02  1.601E-02  5.365E-04   0.000E+00  0.000E+00
  2 11  5  1  2  5.677E-06  4.730E-05  2.410E-04  9.606E-04  1.913E-02  3.086E-02  2.334E-04   0.000E+00  0.000E+00
  2 12  5  1  2  5.451E-05  6.999E-05  3.928E-04  7.483E-04  1.851E-02  1.190E-02  4.764E-02   0.000E+00  0.000E+00
  2 13  5  1  2  1.431E-05  3.517E-05  8.709E-04  5.087E-03  2.679E-02  8.922E-02  2.483E-04   0.000E+00  0.000E+00
  3 14  5  1  2  1.246E-04  6.649E-04  2.912E-03  2.912E-02  3.049E-02  1.056E-01   0.000E+00  0.000E+00  0.000E+00
  2 16  5  1  2  9.126E-05  1.691E-04  3.050E-03  2.604E-02  3.245E-02  2.511E-01  4.459E-04   0.000E+00  0.000E+00
  2 18  5  1  2  1.885E-04  3.131E-03  5.019E-03  1.104E-02  4.690E-02  1.852E-01  2.407E-01   0.000E+00  0.000E+00
  3 20  5  1  2  1.861E-04  2.067E-03  1.079E-02  5.961E-02  1.290E-01  5.155E-01   0.000E+00  0.000E+00  0.000E+00
  3 26  5  1  2  8.382E-03  7.897E-03  3.157E-02  1.159E-01  3.919E-01  1.017E+00   0.000E+00  0.000E+00  0.000E+00
  3  7  6  1  1  1.658E-08  2.760E-08  2.391E-09  7.585E-07  3.012E-04  7.132E-04   0.000E+00  0.000E+00  0.000E+00
  3  8  6  1  1  1.627E-07  1.262E-07  6.663E-07  3.925E-06  2.406E-03  1.146E-03   0.000E+00  0.000E+00  0.000E+00
  3 10  6  1  1  2.922E-06  7.144E-06  2.836E-05  9.820E-05  8.379E-03  1.009E-02   0.000E+00  0.000E+00  0.000E+00
  2 11  6  1  1  1.118E-04  1.974E-05  6.610E-05  3.533E-04  1.082E-02  2.061E-02  2.115E-03   0.000E+00  0.000E+00
  2 12  6  1  1  2.931E-05  5.192E-05  1.769E-04  7.988E-04  1.488E-02  4.546E-02  1.505E-04   0.000E+00  0.000E+00
  3 13  6  1  1  3.236E-05  7.821E-05  3.899E-04  2.106E-03  2.015E-02  7.710E-02   0.000E+00  0.000E+00  0.000E+00
  3 14  6  1  1  5.845E-04  6.600E-04  7.180E-04  1.714E-02  2.958E-02  1.075E-01   0.000E+00  0.000E+00  0.000E+00
  3 16  6  1  1  1.371E-04  3.096E-04  1.782E-03  1.278E-02  3.323E-02  2.593E-01   0.000E+00  0.000E+00  0.000E+00
  2 18  6  1  1  2.150E-04  6.864E-04  2.705E-03  2.338E-02  4.951E-02  4.399E-01  8.728E-04   0.000E+00  0.000E+00
  2 20  6  1  1  2.456E-04  1.305E-03  5.715E-03  3.863E-02  1.100E-01  6.152E-01  1.463E-03   0.000E+00  0.000E+00
  2 26  6  1  1  2.565E-03  1.685E-02  1.827E-02  6.957E-02  3.254E-01  5.101E-01  7.325E-01   0.000E+00  0.000E+00
  5  8  7  1  4  5.629E-08  2.550E-07  6.173E-04  1.627E-04   0.000E+00  0.000E+00  0.000E+00  0.000E+00  0.000E+00
  3 10  7  1  4  2.763E-06  1.053E-05  4.453E-05  6.244E-03  3.146E-04  4.465E-03   0.000E+00  0.000E+00  0.000E+00
  3 11  7  1  4  2.447E-06  1.008E-05  8.172E-05  2.254E-04  9.976E-03  1.237E-02   0.000E+00  0.000E+00  0.000E+00
  3 12  7  1  4  2.407E-05  1.187E-04  3.845E-04  1.333E-02  2.804E-02  8.746E-04   0.000E+00  0.000E+00  0.000E+00
  3 13  7  1  4  1.460E-05  9.728E-05  6.830E-04  1.230E-02  9.660E-03  5.047E-02   0.000E+00  0.000E+00  0.000E+00
  3 14  7  1  4  5.272E-05  2.282E-04  1.345E-03  2.246E-02  9.606E-02  8.366E-04   0.000E+00  0.000E+00  0.000E+00
  3 16  7  1  4  1.830E-04  1.551E-03  1.717E-03  2.798E-02  6.933E-02  1.727E-01   0.000E+00  0.000E+00  0.000E+00
  2 18  7  1  4  7.762E-05  2.947E-04  2.841E-03  2.215E-02  3.892E-02  4.219E-01  1.418E-02   0.000E+00  0.000E+00
  3 20  7  1  4  1.162E-04  2.105E-03  4.080E-03  3.587E-02  8.080E-02  7.038E-01   0.000E+00  0.000E+00  0.000E+00
  2 26  7  1  4  2.106E-03  6.569E-03  1.532E-02  3.799E-02  7.669E-02  6.701E-01  1.298E+00   0.000E+00  0.000E+00
  3 10  8  1  5  2.980E-08  1.257E-07  1.122E-06  2.626E-03  8.802E-04  1.231E+00   0.000E+00  0.000E+00  0.000E+00
  3 11  8  1  5  3.117E-07  1.869E-06  5.359E-06  3.042E-03  4.918E-03  5.673E-04   0.000E+00  0.000E+00  0.000E+00
  2 12  8  1  5  2.574E-06  2.001E-06  1.829E-05  2.362E-05  6.413E-03  4.118E-03  7.224E-03   0.000E+00  0.000E+00
  2 13  8  1  5  1.096E-06  7.112E-06  1.379E-05  7.521E-05  4.704E-04  1.179E-02  2.374E-02   0.000E+00  0.000E+00
  2 14  8  1  5  2.086E-06  9.423E-06  3.423E-05  3.950E-04  1.535E-02  4.986E-02  4.067E-04   0.000E+00  0.000E+00
  2 16  8  1  5  2.924E-05  3.366E-04  2.104E-04  1.910E-02 -4.017E-04  6.541E-02  9.546E-02   0.000E+00  0.000E+00
  2 18  8  1  5  1.299E-05  2.298E-04  1.023E-03  9.294E-03  3.957E-02  3.174E-01  3.450E-03   0.000E+00  0.000E+00
  2 20  8  1  5  3.172E-04  7.229E-04  5.650E-04  2.096E-02  9.479E-02  5.528E-01  1.308E-03   0.000E+00  0.000E+00
  3 26  8  1  5  2.033E-04  1.159E-03  5.567E-03  5.482E-02  3.370E-01  1.518E+00   0.000E+00  0.000E+00  0.000E+00
  3 10  9  1  4  4.152E-09  4.656E-09  1.310E-08  1.417E-09  7.968E-04  1.271E-05   0.000E+00  0.000E+00  0.000E+00
  3 11  9  1  4  2.756E-08  8.094E-08  8.456E-08  1.712E-03  8.783E-04  4.129E-06   0.000E+00  0.000E+00  0.000E+00
  3 12  9  1  4  9.400E-08  3.818E-07  2.064E-07  2.710E-05  3.802E-03  3.086E-03   0.000E+00  0.000E+00  0.000E+00
  2 13  9  1  4  3.238E-07  1.152E-06  2.336E-06  6.909E-06  1.925E-03  5.081E-03  9.317E-03   0.000E+00  0.000E+00
  2 14  9  1  4  7.163E-07  2.656E-06  1.119E-06  4.796E-05  4.052E-03  6.101E-03  2.366E-02   0.000E+00  0.000E+00
  3 16  9  1  4  2.585E-06  9.517E-06  5.194E-06  3.715E-04  1.553E-02  1.013E-01   0.000E+00  0.000E+00  0.000E+00
  3 18  9  1  4  6.816E-06  3.234E-05  2.038E-04  2.187E-03  3.042E-02  2.542E-01   0.000E+00  0.000E+00  0.000E+00
  2 20  9  1  4  1.420E-05  5.390E-05  9.249E-05  5.689E-03  5.330E-02  4.953E-01  1.608E-03   0.000E+00  0.000E+00
  3 26  9  1  4  8.207E-05  2.766E-04  1.897E-03  2.842E-02  4.022E-01  1.434E+00   0.000E+00  0.000E+00  0.000E+00
  6 11 10  1  1  2.673E-06  1.918E-04  1.491E-05   0.000E+00  0.000E+00  0.000E+00  0.000E+00  0.000E+00  0.000E+00
  6 12 10  1  1  6.269E-06  9.181E-04  3.082E-04   0.000E+00  0.000E+00  0.000E+00  0.000E+00  0.000E+00  0.000E+00
  6 13 10  1  1  2.468E-05  2.913E-03  7.028E-04   0.000E+00  0.000E+00  0.000E+00  0.000E+00  0.000E+00  0.000E+00
  6 14 10  1  1  1.422E-04  9.474E-03  1.650E-03   0.000E+00  0.000E+00  0.000E+00  0.000E+00  0.000E+00  0.000E+00
  6 16 10  1  1  3.931E-05  4.431E-03  5.156E-02   0.000E+00  0.000E+00  0.000E+00  0.000E+00  0.000E+00  0.000E+00
  5 18 10  1  1  4.331E-04  9.003E-02  8.756E-02 -1.061E-02   0.000E+00  0.000E+00  0.000E+00  0.000E+00  0.000E+00
  5 20 10  1  1  2.582E-03  2.139E-01  1.622E-01 -1.290E-02   0.000E+00  0.000E+00  0.000E+00  0.000E+00  0.000E+00
  4 26 10  1  1  6.342E-04  8.350E-02  1.045E+00  3.663E-01 -3.955E-02   0.000E+00  0.000E+00  0.000E+00  0.000E+00
  5 12 11  1  2  3.871E-08  4.732E-07  1.599E-03  2.628E-05   0.000E+00  0.000E+00  0.000E+00  0.000E+00  0.000E+00
  4 13 11  1  2  1.629E-06  3.584E-06  1.244E-05  4.155E-03  2.904E-04   0.000E+00  0.000E+00  0.000E+00  0.000E+00
  4 14 11  1  2  3.819E-06  2.421E-05  2.283E-04  8.604E-03  2.617E-03   0.000E+00  0.000E+00  0.000E+00  0.000E+00
  3 16 11  1  2  2.816E-06  3.172E-05  1.832E-04  4.360E-03  1.618E-02  7.707E-03   0.000E+00  0.000E+00  0.000E+00
  4 18 11  1  2  1.016E-04  7.473E-04  3.394E-02  2.398E-03  2.530E-02   0.000E+00  0.000E+00  0.000E+00  0.000E+00
  3 20 11  1  2  6.508E-05  8.795E-04  6.576E-03  4.780E-02  5.167E-02  1.859E-02   0.000E+00  0.000E+00  0.000E+00
  3 26 11  1  2  7.676E-04  5.587E-03  1.152E-01  4.929E-02  7.274E-01  7.347E-03   0.000E+00  0.000E+00  0.000E+00
  5 13 12  1  1  4.495E-07  2.610E-06  3.816E-03  5.803E-04   0.000E+00  0.000E+00  0.000E+00  0.000E+00  0.000E+00
  4 14 12  1  1  2.930E-06  2.803E-06  9.023E-05  6.909E-03  2.582E-05   0.000E+00  0.000E+00  0.000E+00  0.000E+00
  4 16 12  1  1  9.571E-06  6.268E-05  3.807E-04  1.874E-02  5.526E-03   0.000E+00  0.000E+00  0.000E+00  0.000E+00
  3 18 12  1  1  5.219E-05  3.268E-04  1.514E-03  5.551E-03  4.596E-02  7.266E-03   0.000E+00  0.000E+00  0.000E+00
  3 20 12  1  1  1.697E-04  7.725E-04  5.140E-03  3.397E-02  4.806E-02  2.745E-02   0.000E+00  0.000E+00  0.000E+00
  3 26 12  1  1  5.636E-04  7.860E-03  5.063E-02  1.753E-01  1.209E-01  1.934E-01   0.000E+00  0.000E+00  0.000E+00
  3 14 13  1  2  3.408E-08  1.913E-07  1.679E-07  7.523E-07  8.386E-05  4.083E-03   0.000E+00  0.000E+00  0.000E+00
  3 16 13  1  2  5.817E-07  1.391E-06  1.123E-05  1.521E-04  1.875E-03  2.097E-02   0.000E+00  0.000E+00  0.000E+00
  3 18 13  1  2  4.315E-06  4.317E-05  3.533E-04  4.357E-04  8.878E-03  4.951E-02   0.000E+00  0.000E+00  0.000E+00
  3 20 13  1  2  1.097E-04  4.033E-04  1.778E-03  1.062E-02  8.680E-02  9.608E-04   0.000E+00  0.000E+00  0.000E+00
  2 26 13  1  2  1.753E-03  1.038E-02  2.573E-02  1.189E-01  1.070E-01  3.080E-02  6.324E-04   0.000E+00  0.000E+00
  2 16 14  1  1  3.040E-07  4.393E-07  1.609E-06  4.980E-06  3.457E-05  8.617E-03  9.284E-04   0.000E+00  0.000E+00
  2 18 14  1  1  1.590E-05  1.636E-05  7.566E-05  3.805E-04  5.247E-03  3.272E-02  1.060E-04   0.000E+00  0.000E+00
  4 20 14  1  1  4.836E-04  3.208E-04  9.281E-04  5.307E-02  2.175E-02   0.000E+00  0.000E+00  0.000E+00  0.000E+00
  4 26 14  1  1  4.469E-03  8.538E-03  1.741E-02  1.630E-01  8.680E-02   0.000E+00  0.000E+00  0.000E+00  0.000E+00
  2 16 15  1  4  7.300E-08  2.577E-07  4.961E-08  9.520E-07  9.586E-07  6.849E-04  6.539E-04   0.000E+00  0.000E+00
  3 18 15  1  4  1.688E-06  4.430E-06  2.567E-05  1.028E-04  1.413E-03  4.267E-02   0.000E+00  0.000E+00  0.000E+00
  2 20 15  1  4  9.288E-06  5.118E-05  4.784E-04  1.906E-03  2.598E-02  8.163E-02  4.686E-04   0.000E+00  0.000E+00
  2 26 15  1  4  1.791E-03  5.627E-03  1.383E-02  3.030E-02  2.979E-01  8.183E-02  6.991E-04   0.000E+00  0.000E+00
  6 20 18  1  1  3.843E-04  8.040E-03  8.670E-03   0.000E+00  0.000E+00  0.000E+00  0.000E+00  0.000E+00  0.000E+00
  2 26 18  1  1  3.786E-04  1.494E-04  9.447E-04  2.100E-03  3.520E-03  2.785E-02  2.734E-01   0.000E+00  0.000E+00
  6  2  1  1  2  4.633E+05  5.532E+05  8.887E+05   0.000E+00  0.000E+00  0.000E+00  0.000E+00  0.000E+00  0.000E+00
  6  6  1  1  2  3.116E+06  4.075E+06  5.749E+06   0.000E+00  0.000E+00  0.000E+00  0.000E+00  0.000E+00  0.000E+00
  6  7  1  1  2  4.198E+06  5.516E+06  8.050E+06   0.000E+00  0.000E+00  0.000E+00  0.000E+00  0.000E+00  0.000E+00
  6  8  1  1  2  5.440E+06  7.170E+06  1.152E+07   0.000E+00  0.000E+00  0.000E+00  0.000E+00  0.000E+00  0.000E+00
  6 10  1  1  2  8.405E+06  1.111E+07  1.812E+07   0.000E+00  0.000E+00  0.000E+00  0.000E+00  0.000E+00  0.000E+00
  6 11  1  1  2  1.013E+07  1.325E+07  1.721E+07   0.000E+00  0.000E+00  0.000E+00  0.000E+00  0.000E+00  0.000E+00
  6 12  1  1  2  1.201E+07  1.588E+07  2.473E+07   0.000E+00  0.000E+00  0.000E+00  0.000E+00  0.000E+00  0.000E+00
  6 13  1  1  2  1.406E+07  1.850E+07  2.431E+07   0.000E+00  0.000E+00  0.000E+00  0.000E+00  0.000E+00  0.000E+00
  6 14  1  1  2  1.627E+07  2.154E+07  3.827E+07   0.000E+00  0.000E+00  0.000E+00  0.000E+00  0.000E+00  0.000E+00
  6 16  1  1  2  2.122E+07  2.897E+07  5.786E+07   0.000E+00  0.000E+00  0.000E+00  0.000E+00  0.000E+00  0.000E+00
  6 18  1  1  2  2.677E+07  3.653E+07  4.729E+07   0.000E+00  0.000E+00  0.000E+00  0.000E+00  0.000E+00  0.000E+00
  6 20  1  1  2  3.296E+07  4.485E+07  6.312E+07   0.000E+00  0.000E+00  0.000E+00  0.000E+00  0.000E+00  0.000E+00
  6 26  1  1  2  5.552E+07  7.475E+07  1.236E+08   0.000E+00  0.000E+00  0.000E+00  0.000E+00  0.000E+00  0.000E+00
  6  6  2  1  1  2.804E+06  3.485E+06  4.324E+06   0.000E+00  0.000E+00  0.000E+00  0.000E+00  0.000E+00  0.000E+00
  6  7  2  1  1  3.860E+06  4.883E+06  6.259E+06   0.000E+00  0.000E+00  0.000E+00  0.000E+00  0.000E+00  0.000E+00
  7  8  2  1  1  6.113E+06  3.656E+07  0.000E+00  0.000E+00  0.000E+00  0.000E+00  0.000E+00  0.000E+00  0.000E+00
  6 10  2  1  1  7.845E+06  9.803E+06  1.209E+07   0.000E+00  0.000E+00  0.000E+00  0.000E+00  0.000E+00  0.000E+00
  6 11  2  1  1  9.521E+06  1.195E+07  1.502E+07   0.000E+00  0.000E+00  0.000E+00  0.000E+00  0.000E+00  0.000E+00
  6 12  2  1  1  1.136E+07  1.431E+07  1.762E+07   0.000E+00  0.000E+00  0.000E+00  0.000E+00  0.000E+00  0.000E+00
  6 13  2  1  1  1.336E+07  1.689E+07  2.091E+07   0.000E+00  0.000E+00  0.000E+00  0.000E+00  0.000E+00  0.000E+00
  5 14  2  1  1  1.552E+07  1.969E+07  2.532E+07  2.696E+08   0.000E+00  0.000E+00  0.000E+00  0.000E+00  0.000E+00
  5 16  2  1  1  2.032E+07  2.592E+07  3.206E+07  2.016E+08   0.000E+00  0.000E+00  0.000E+00  0.000E+00  0.000E+00
  6 18  2  1  1  2.576E+07  3.288E+07  4.360E+07   0.000E+00  0.000E+00  0.000E+00  0.000E+00  0.000E+00  0.000E+00
  6 20  2  1  1  3.186E+07  4.085E+07  5.068E+07   0.000E+00  0.000E+00  0.000E+00  0.000E+00  0.000E+00  0.000E+00
  6 26  2  1  1  5.394E+07  6.854E+07  9.651E+07   0.000E+00  0.000E+00  0.000E+00  0.000E+00  0.000E+00  0.000E+00
  3  6  3  1  2  7.233E+02  2.847E+03  1.054E+04  8.915E+04  2.812E+05  3.254E+06   0.000E+00  0.000E+00  0.000E+00
  3  7  3  1  2  3.084E+03  1.332E+04  6.475E+04  1.181E+05  6.687E+05  4.778E+06   0.000E+00  0.000E+00  0.000E+00
  3  8  3  1  2  2.326E+04  3.209E+04  1.316E+05  6.731E+05  1.892E+06  6.150E+06   0.000E+00  0.000E+00  0.000E+00
  3 10  3  1  2  2.536E+04  4.800E+04  1.770E+05  1.030E+06  1.859E+06  9.743E+06   0.000E+00  0.000E+00  0.000E+00
  2 11  3  1  2  1.032E+03  5.538E+03  1.026E+05  2.285E+05  1.710E+06  1.160E+07  1.337E+08   0.000E+00  0.000E+00
  2 12  3  1  2  2.861E+04  4.087E+04  1.528E+05  2.677E+05  2.055E+06  1.298E+07  1.852E+07   0.000E+00  0.000E+00
  3 13  3  1  2  5.767E+03  2.207E+04  1.639E+05  3.336E+05  2.519E+06  1.617E+07   0.000E+00  0.000E+00  0.000E+00
  3 14  3  1  2  4.824E+04  2.137E+05  5.492E+05  2.460E+06  3.647E+06  1.889E+07   0.000E+00  0.000E+00  0.000E+00
  2 16  3  1  2  1.366E+04  6.371E+04  2.540E+05  6.493E+05  3.868E+06  2.186E+07  2.983E+07   0.000E+00  0.000E+00
  3 18  3  1  2  1.409E+04  6.954E+04  2.936E+05  6.472E+05  4.759E+06  2.984E+07   0.000E+00  0.000E+00  0.000E+00
  2 20  3  1  2  1.806E+04  4.286E+04  2.292E+05  6.275E+05  5.896E+06  3.559E+07  9.425E+07   0.000E+00  0.000E+00
  2 26  3  1  2  5.977E+04  2.074E+05  6.170E+05  3.789E+06  1.086E+07  6.363E+07  1.599E+08   0.000E+00  0.000E+00
  3  6  4  1  1  2.660E+03  3.756E+03  2.566E+04  1.400E+05  1.801E+06  4.307E+06   0.000E+00  0.000E+00  0.000E+00
  3  7  4  1  1  1.406E+03  6.965E+03  2.604E+04  1.304E+05  1.965E+05  4.466E+06   0.000E+00  0.000E+00  0.000E+00
  2  8  4  1  1  7.569E+02  3.659E+03  1.984E+04  8.429E+04  2.294E+05  1.161E+06  6.137E+06   0.000E+00  0.000E+00
  2 10  4  1  1  1.049E+03  3.829E+03  6.133E+04  2.568E+05  4.600E+05  1.324E+06  9.353E+06   0.000E+00  0.000E+00
  2 11  4  1  1  3.910E+03  2.127E+04  6.185E+04  3.287E+05  1.573E+06  1.130E+07  2.903E+08   0.000E+00  0.000E+00
  1 12  4  1  1  1.759E+03  1.237E+04  5.651E+04  1.680E+05  4.007E+05  1.991E+06  1.330E+07  4.060E+07   0.000E+00
  2 13  4  1  1  1.304E+04  2.411E+04  6.993E+04  2.091E+05  4.545E+05  2.349E+06  1.598E+07   0.000E+00  0.000E+00
  2 14  4  1  1  3.586E+03  1.324E+04  5.636E+04  2.498E+05  5.363E+05  2.809E+06  1.854E+07   0.000E+00  0.000E+00
  2 16  4  1  1  5.114E+03  1.750E+04  1.061E+05  4.691E+05  1.821E+06  4.033E+06  2.476E+07   0.000E+00  0.000E+00
  2 18  4  1  1  5.053E+03  2.167E+04  1.280E+05  5.220E+05  2.161E+06  5.084E+06  3.089E+07   0.000E+00  0.000E+00
  2 20  4  1  1  1.990E+04  8.624E+04  3.180E+05  8.480E+05  5.735E+06  3.300E+07  7.268E+07   0.000E+00  0.000E+00
  2 26  4  1  1  1.376E+04  8.251E+04  2.794E+05  9.378E+05  4.688E+06  1.106E+07  6.543E+07   0.000E+00  0.000E+00
  4  6  5  1  2  1.217E+01  7.380E+01  1.523E+04  1.207E+05  2.144E+05   0.000E+00  0.000E+00  0.000E+00  0.000E+00
  3  7  5  1  2  7.113E+01  2.765E+02  1.439E+04  1.347E+05  2.496E+05  2.204E+06   0.000E+00  0.000E+00  0.000E+00
  4  8  5  1  2  1.509E+02  6.211E+02  1.562E+04  1.936E+05  4.700E+05   0.000E+00  0.000E+00  0.000E+00  0.000E+00
  2 10  5  1  2  6.280E+02  2.812E+03  1.324E+04  8.064E+04  3.052E+05  1.032E+06  2.388E+06   0.000E+00  0.000E+00
  2 11  5  1  2  1.032E+03  5.764E+03  2.123E+04  8.556E+04  3.532E+05  1.364E+06  7.146E+06   0.000E+00  0.000E+00
  2 12  5  1  2  2.196E+02  4.524E+03  2.491E+04  9.111E+04  3.367E+05  8.316E+05  1.817E+06   0.000E+00  0.000E+00
  2 13  5  1  2  1.122E+03  6.431E+03  5.139E+04  1.820E+05  4.936E+05  2.121E+06  1.001E+08   0.000E+00  0.000E+00
  3 14  5  1  2  1.167E+03  9.088E+03  5.332E+04  4.219E+05  1.571E+06  2.721E+06   0.000E+00  0.000E+00  0.000E+00
  2 16  5  1  2  3.575E+03  1.491E+04  9.388E+04  3.856E+05  9.630E+05  3.490E+06  1.743E+08   0.000E+00  0.000E+00
  2 18  5  1  2  4.613E+03  2.698E+04  8.987E+04  3.045E+05  7.081E+05  3.524E+06  5.235E+06   0.000E+00  0.000E+00
  3 20  5  1  2  8.140E+03  3.409E+04  1.535E+05  6.411E+05  3.094E+06  6.161E+06   0.000E+00  0.000E+00  0.000E+00
  3 26  5  1  2  5.297E+03  5.829E+04  2.454E+05  9.663E+05  5.580E+06  1.110E+07   0.000E+00  0.000E+00  0.000E+00
  3  7  6  1  1  1.265E+01  8.425E+01  2.964E+02  5.923E+03  1.278E+05  2.184E+05   0.000E+00  0.000E+00  0.000E+00
  3  8  6  1  1  4.535E+01  2.847E+02  4.166E+03  2.877E+04  1.953E+05  3.646E+05   0.000E+00  0.000E+00  0.000E+00
  3 10  6  1  1  2.050E+02  2.205E+03  9.271E+03  4.988E+04  2.904E+05  8.782E+05   0.000E+00  0.000E+00  0.000E+00
  2 11  6  1  1  3.455E+02  2.293E+03  1.670E+04  7.203E+04  3.343E+05  1.090E+06  1.987E+06   0.000E+00  0.000E+00
  2 12  6  1  1  7.667E+02  3.444E+03  2.409E+04  1.190E+05  3.999E+05  1.502E+06  2.464E+07   0.000E+00  0.000E+00
  3 13  6  1  1  9.357E+02  4.775E+03  3.796E+04  1.619E+05  4.954E+05  1.885E+06   0.000E+00  0.000E+00  0.000E+00
  3 14  6  1  1  9.856E+02  6.577E+03  4.281E+04  3.944E+05  1.296E+06  2.441E+06   0.000E+00  0.000E+00  0.000E+00
  3 16  6  1  1  1.505E+03  1.100E+04  6.720E+04  3.364E+05  9.686E+05  3.195E+06   0.000E+00  0.000E+00  0.000E+00
  2 18  6  1  1  2.258E+03  1.495E+04  9.067E+04  4.780E+05  1.538E+06  4.274E+06  4.681E+07   0.000E+00  0.000E+00
  2 20  6  1  1  3.806E+03  2.310E+04  1.194E+05  6.171E+05  2.656E+06  5.600E+06  8.556E+07   0.000E+00  0.000E+00
  2 26  6  1  1  6.553E+03  4.351E+04  2.059E+05  9.250E+05  4.610E+06  1.019E+07  1.019E+07   0.000E+00  0.000E+00
  5  8  7  1  4  5.395E+03  1.770E+04  1.671E+05  2.687E+05   0.000E+00  0.000E+00  0.000E+00  0.000E+00  0.000E+00
  3 10  7  1  4  6.393E+02  1.499E+03  3.227E+04  2.561E+05  4.505E+05  7.934E+05   0.000E+00  0.000E+00  0.000E+00
  3 11  7  1  4  2.229E+03  4.689E+03  2.297E+04  9.453E+04  3.122E+05  1.079E+06   0.000E+00  0.000E+00  0.000E+00
  3 12  7  1  4  8.061E+03  2.154E+04  6.640E+04  3.406E+05  1.327E+06  3.347E+06   0.000E+00  0.000E+00  0.000E+00
  3 13  7  1  4  4.671E+02  1.234E+04  4.178E+04  3.345E+05  6.942E+05  1.786E+06   0.000E+00  0.000E+00  0.000E+00
  3 14  7  1  4  2.829E+03  2.617E+04  1.374E+05  4.520E+05  2.072E+06  7.808E+06   0.000E+00  0.000E+00  0.000E+00
  3 16  7  1  4  1.122E+04  3.121E+04  9.348E+04  4.792E+05  2.052E+06  3.291E+06   0.000E+00  0.000E+00  0.000E+00
  2 18  7  1  4  2.836E+03  1.624E+04  8.427E+04  4.223E+05  1.125E+06  3.906E+06  5.900E+06   0.000E+00  0.000E+00
  3 20  7  1  4  3.547E+03  2.672E+04  9.898E+04  5.104E+05  1.930E+06  5.204E+06   0.000E+00  0.000E+00  0.000E+00
  2 26  7  1  4  4.463E+03  3.545E+04  1.944E+05  6.148E+05  1.635E+06  6.100E+06  1.026E+07   0.000E+00  0.000E+00
  3 10  8  1  5  4.579E+01  4.753E+02  1.481E+04  2.810E+05  4.763E+05  4.677E+08   0.000E+00  0.000E+00  0.000E+00
  3 11  8  1  5  3.411E+02  2.826E+03  1.431E+04  2.867E+05  5.574E+05  1.215E+06   0.000E+00  0.000E+00  0.000E+00
  2 12  8  1  5  1.129E+02  1.585E+03  1.193E+04  4.151E+04  3.684E+05  6.925E+05  1.150E+06   0.000E+00  0.000E+00
  2 13  8  1  5  1.543E+03  4.115E+03  1.890E+04  7.137E+04  2.873E+05  5.406E+05  1.418E+06   0.000E+00  0.000E+00
  2 14  8  1  5  3.708E+02  3.870E+03  2.226E+04  1.318E+05  5.285E+05  1.742E+06  8.392E+06   0.000E+00  0.000E+00
  2 16  8  1  5  7.192E+02  7.490E+03  4.510E+04  5.586E+05  3.830E+05  1.976E+06  2.894E+06   0.000E+00  0.000E+00
  2 18  8  1  5  1.535E+03  1.464E+04  6.005E+04  4.186E+05  1.213E+06  3.562E+06  5.367E+06   0.000E+00  0.000E+00
  2 20  8  1  5  3.452E+03  1.226E+04  9.166E+04  6.084E+05  2.203E+06  4.865E+06  2.751E+08   0.000E+00  0.000E+00
  3 26  8  1  5  3.502E+03  3.557E+04  2.177E+05  1.078E+06  4.515E+06  9.050E+06   0.000E+00  0.000E+00  0.000E+00
  3 10  9  1  4  2.689E+01  2.021E+02  7.200E+02  4.892E+04  3.144E+05  6.738E+05   0.000E+00  0.000E+00  0.000E+00
  3 11  9  1  4  2.134E+01  4.550E+02  1.602E+03  3.632E+05  5.690E+05  2.171E+06   0.000E+00  0.000E+00  0.000E+00
  3 12  9  1  4  2.660E+02  1.141E+03  3.210E+03  1.727E+05  4.523E+05  9.105E+05   0.000E+00  0.000E+00  0.000E+00
  2 13  9  1  4  2.488E+02  1.793E+03  9.919E+03  4.367E+04  4.012E+05  6.513E+05  1.261E+06   0.000E+00  0.000E+00
  2 14  9  1  4  5.625E+02  2.952E+03  9.682E+03  1.473E+05  5.064E+05  8.047E+05  1.623E+06   0.000E+00  0.000E+00
  3 16  9  1  4  1.277E+03  5.978E+03  2.097E+04  2.292E+05  7.974E+05  2.376E+06   0.000E+00  0.000E+00  0.000E+00
  3 18  9  1  4  2.083E+03  1.096E+04  4.999E+04  4.238E+05  1.218E+06  3.344E+06   0.000E+00  0.000E+00  0.000E+00
  2 20  9  1  4  4.047E+03  1.614E+04  7.385E+04  5.331E+05  1.746E+06  4.406E+06  9.285E+07   0.000E+00  0.000E+00
  3 26  9  1  4  6.365E+03  3.842E+04  2.002E+05  1.150E+06  4.736E+06  8.891E+06   0.000E+00  0.000E+00  0.000E+00
  6 11 10  1  1  3.027E+05  3.732E+05  4.787E+05   0.000E+00  0.000E+00  0.000E+00  0.000E+00  0.000E+00  0.000E+00
  6 12 10  1  1  4.104E+05  5.766E+05  7.310E+05   0.000E+00  0.000E+00  0.000E+00  0.000E+00  0.000E+00  0.000E+00
  6 13 10  1  1  5.375E+05  8.436E+05  1.220E+06   0.000E+00  0.000E+00  0.000E+00  0.000E+00  0.000E+00  0.000E+00
  6 14 10  1  1  7.685E+05  1.208E+06  1.839E+06   0.000E+00  0.000E+00  0.000E+00  0.000E+00  0.000E+00  0.000E+00
  6 16 10  1  1  9.455E+05  1.365E+06  2.169E+06   0.000E+00  0.000E+00  0.000E+00  0.000E+00  0.000E+00  0.000E+00
  5 18 10  1  1  1.351E+06  2.428E+06  4.147E+06  8.446E+06   0.000E+00  0.000E+00  0.000E+00  0.000E+00  0.000E+00
  5 20 10  1  1  1.843E+06  3.280E+06  5.733E+06  1.592E+07   0.000E+00  0.000E+00  0.000E+00  0.000E+00  0.000E+00
  4 26 10  1  1  2.770E+06  3.978E+06  7.052E+06  1.300E+07  3.579E+07   0.000E+00  0.000E+00  0.000E+00  0.000E+00
  5 12 11  1  2  8.415E+03  1.682E+04  5.000E+04  2.759E+05   0.000E+00  0.000E+00  0.000E+00  0.000E+00  0.000E+00
  4 13 11  1  2  3.809E+03  5.120E+03  2.166E+04  7.635E+04  8.477E+05   0.000E+00  0.000E+00  0.000E+00  0.000E+00
  4 14 11  1  2  3.802E+03  1.280E+04  5.953E+04  1.026E+05  1.154E+06   0.000E+00  0.000E+00  0.000E+00  0.000E+00
  3 16 11  1  2  7.590E+03  1.558E+04  4.013E+04  1.156E+05  1.601E+05  1.839E+06   0.000E+00  0.000E+00  0.000E+00
  4 18 11  1  2  1.513E+04  4.784E+04  1.926E+05  6.904E+05  2.715E+06   0.000E+00  0.000E+00  0.000E+00  0.000E+00
  3 20 11  1  2  3.711E+03  4.421E+04  1.189E+05  2.603E+05  3.099E+06  5.016E+06   0.000E+00  0.000E+00  0.000E+00
  3 26 11  1  2  2.935E+04  8.158E+04  3.591E+05  1.735E+06  7.545E+06  4.634E+07   0.000E+00  0.000E+00  0.000E+00
  5 13 12  1  1  4.937E+03  1.395E+04  8.258E+04  1.103E+05   0.000E+00  0.000E+00  0.000E+00  0.000E+00  0.000E+00
  4 14 12  1  1  1.162E+02  5.721E+03  3.477E+04  1.176E+05  3.505E+06   0.000E+00  0.000E+00  0.000E+00  0.000E+00
  4 16 12  1  1  1.180E+03  6.443E+03  2.264E+04  1.530E+05  3.564E+05   0.000E+00  0.000E+00  0.000E+00  0.000E+00
  3 18 12  1  1  1.469E+03  5.106E+03  2.347E+04  1.104E+05  2.415E+05  2.713E+06   0.000E+00  0.000E+00  0.000E+00
  3 20 12  1  1  1.590E+03  7.651E+03  4.282E+04  2.047E+05  3.459E+05  3.715E+06   0.000E+00  0.000E+00  0.000E+00
  3 26 12  1  1  3.628E+03  2.489E+04  1.405E+05  5.133E+05  5.018E+06  8.689E+06   0.000E+00  0.000E+00  0.000E+00
  3 14 13  1  2  2.431E+01  1.293E+02  4.272E+02  3.729E+03  5.514E+04  1.295E+05   0.000E+00  0.000E+00  0.000E+00
  3 16 13  1  2  3.628E+02  1.058E+03  7.160E+03  3.260E+04  1.235E+05  2.070E+05   0.000E+00  0.000E+00  0.000E+00
  3 18 13  1  2  3.115E+02  3.490E+03  1.665E+04  5.015E+04  1.569E+05  3.019E+05   0.000E+00  0.000E+00  0.000E+00
  3 20 13  1  2  2.561E+03  6.235E+03  3.180E+04  1.357E+05  3.550E+05  1.230E+06   0.000E+00  0.000E+00  0.000E+00
  2 26 13  1  2  4.287E+03  1.679E+04  9.992E+04  3.841E+05  6.758E+05  1.476E+06  3.334E+08   0.000E+00  0.000E+00
  2 16 14  1  1  5.016E+01  3.266E+02  3.102E+03  1.210E+04  4.969E+04  2.010E+05  2.575E+05   0.000E+00  0.000E+00
  2 18 14  1  1  2.879E+02  1.717E+03  9.917E+03  5.769E+04  2.178E+05  3.191E+05  1.250E+06   0.000E+00  0.000E+00
  4 20 14  1  1  3.497E+02  2.664E+03  3.433E+04  3.149E+05  6.358E+05   0.000E+00  0.000E+00  0.000E+00  0.000E+00
  4 26 14  1  1  2.462E+03  1.261E+04  9.330E+04  4.887E+05  1.312E+06   0.000E+00  0.000E+00  0.000E+00  0.000E+00
  2 16 15  1  4  5.077E+02  6.007E+02  2.342E+03  7.269E+03  2.190E+04  1.483E+05  1.906E+05   0.000E+00  0.000E+00
  3 18 15  1  4  1.013E+03  1.620E+03  8.418E+03  2.451E+04  1.525E+05  3.233E+05   0.000E+00  0.000E+00  0.000E+00
  2 20 15  1  4  9.012E+02  3.985E+03  1.738E+04  8.190E+04  3.387E+05  4.429E+05  3.477E+06   0.000E+00  0.000E+00
  2 26 15  1  4  1.463E+03  1.289E+04  6.281E+04  1.798E+05  6.163E+05  1.247E+06  1.469E+07   0.000E+00  0.000E+00
  6 20 18  1  1  2.282E+05  3.682E+05  4.479E+05   0.000E+00  0.000E+00  0.000E+00  0.000E+00  0.000E+00  0.000E+00
  2 26 18  1  1  2.021E+03  2.187E+03  7.063E+03  2.074E+04  4.974E+04  2.743E+05  8.348E+05   0.000E+00  0.000E+00
