Ion   c_1    c_2      a       b        E_1    E_2    T_0   T_1  Obs! all energies and temp in eV + scaled a!! 
Na+    2.359E+00   1.600E+01   1.381E+01   7.275E-01   2.626E+01  2.943E+01   7.230E-05   4.510E+00  
Mg2+   2.033E+01   9.120E+01   1.658E+01   6.707E-01   4.382E+01  5.224E+01   6.909E-04   1.870E+01  
Al3+   6.402E+01   3.548E+02   3.321E+01   6.986E-01   6.165E+01  7.854E+01   9.174E-04   4.874E+01  
Si4+   2.408E+02   1.023E+03   6.211E+01   7.336E-01   8.674E+01  1.104E+02   8.892E-04   8.769E+01  
 P5+   5.058E+02   2.437E+03   9.735E+01   7.558E-01   1.061E+02  1.452E+02   9.266E-04   1.324E+02  
 S6+   9.053E+02   4.652E+03   1.237E+02   7.632E-01   1.270E+02  1.820E+02   1.215E-03   1.959E+02  
Cl7+   1.567E+03   8.318E+03   1.584E+02   7.720E-01   1.487E+02  2.192E+02   1.397E-03   2.563E+02  
Ar8+   2.445E+03   1.293E+04   1.743E+02   7.716E-01   1.705E+02  2.601E+02   1.971E-03   3.406E+02  
 K9+   3.536E+03   1.858E+04   1.966E+02   7.732E-01   1.927E+02  3.040E+02   2.490E-03   4.247E+02  
Ca10+  4.531E+03   2.704E+04   2.151E+02   7.738E-01   2.141E+02  3.508E+02   3.167E-03   5.145E+02  
Sc11+  6.193E+03   3.606E+04   2.367E+02   7.733E-01   2.384E+02  3.997E+02   3.858E-03   6.118E+02  
Ti12+  8.027E+03   4.588E+04   2.444E+02   7.698E-01   2.635E+02  4.512E+02   5.102E-03   7.513E+02  
 V13+  9.445E+03   5.744E+04   2.612E+02   7.700E-01   2.899E+02  5.056E+02   6.133E-03   8.515E+02  
Cr14+  1.121E+04   6.982E+04   2.826E+02   7.700E-01   3.173E+02  5.621E+02   7.050E-03   9.913E+02  
Mn15+  1.354E+04   8.378E+04   2.889E+02   7.672E-01   3.446E+02  6.214E+02   8.838E-03   1.146E+03  
Fe16+  1.648E+04   9.888E+04   2.976E+02   7.649E-01   3.770E+02  6.878E+02   1.074E-02   1.316E+03  
Co17+  1.988E+04   1.123E+05   3.084E+02   7.633E-01   4.016E+02  7.464E+02   1.270E-02   1.487E+03  
Ni18+  2.388E+04   1.269E+05   3.201E+02   7.621E-01   4.314E+02  8.123E+02   1.477E-02   1.659E+03  
