14 1 5	8.152E+00
0.0000000           
0.0095610    
0.0276679   
0.7809579             
1.9086586
14 2 7	1.635E+01
0.000000                       
0.035613       
5.309535
5.322966
5.344700          
6.857485          
6.859448
14 3 9	3.349E+01
0.000000   
6.537028     
6.552972 
6.585422
10.276357
15.152669
16.081798
16.098353   
16.130409
14 4 6 4.514E+01
0.000000 
8.838529
8.895698  
19.883893
19.884040
24.050317
14 5 5 1.668E+02
0.0000 
103.90092  
104.21988 
104.52743  
105.20198   
14 6 3 2.051E+02
0.0000 
0.631    
50.3992  
16 3 5 3.483E+01
0.000000     
0.037033             
0.103289         
1.40384           
3.36753
16 4 2 4.731E+01
0.000000     
0.117962
16 5 5 7.268E+01
0.000000
10.29366                        
10.33948                   
10.43392       
15.76468
16 6 5 8.805E+01
0.00000     
13.12665                        
13.28338         
30.67648       
30.68051
16 7 5 2.809E+02
  0.0000         
170.0795  
170.6279  
171.3220   
172.1321  
16 8 6 3.282E+02
0.0000
1.2504    
62.4439
193.3341   
194.0668    
194.5153 
18 5 6 7.502E+01
0.0000000 
0.0946292
0.251534    
2.020776  
4.70054   
10.42794
18 6 8 9.101E+01
0.000000 
0.273742  
12.41795  
12.51715  
12.67014 
16.42328   
16.43717       
21.05300
18 7 6 1.243E+02
0.00000  
14.0227  
14.12248   
14.33133   
21.16683    
32.8247
18 8 6 1.435E+02
0.00000
17.36957   
17.70596      
41.23826     
41.25624     
71.4097
18 9 1 4.225E+02
0.000
18 10 1 4.787E+02
0.000
18 11 1 5.390E+02
0.000