 Fe II levels
  n      E(n)       g    label
  1        0.00    9.0 3d  5D4   
  2      436.20    7.0 3d  5D3   
  3      738.90    5.0 3d  5D2   
  4      932.40    3.0 3d  5D1   
  5     1027.30    1.0 3d  5D0   
  6    19404.80    5.0 3d a3P2   
  7    20051.10   13.0 3d a3H6   
  8    20300.80   11.0 3d a3H5   
  9    20481.90    9.0 3d a3H4   
 10    20688.40    3.0 3d a3P1   
 11    21208.50    1.0 3d a3P0   
 12    21462.20    9.0 3d a3F4   
 13    21699.90    7.0 3d a3F3   
 14    21857.20    5.0 3d a3F2   
 15    24558.80   11.0 3d a3G5   
 16    24940.90    9.0 3d a3G4   
 17    25142.40    7.0 3d a3G3   
 18    30088.80    7.0 3d a7S3   
 19    30356.20   13.0 3d a1I6   
 20    30716.20    5.0 3d a3D2   
 21    30725.80    3.0 3d a3D1   
 22    30857.80    7.0 3d a3D3   
 23    30886.40    9.0 3d a1G4   
 24    34812.40    1.0 3d a1S0   
 25    35803.70    5.0 3d a1D2   
 26    40999.90    5.0 3d a5S2   
 27    42896.90    7.0 3d a1F3   
 28    49148.00    1.0 3d b3P0   
 29    49576.90    3.0 3d b3P1   
 30    50412.30    5.0 3d b3P2   
 Transition probabilities
       n1     n2   lambda       A             omega
       2       1   229190.2  2.8000E-02       0.002
       3       1   135299.4  0.0000E+00       1.012
       3       2   330270.1  1.8000E-02       0.002
       4       1   107220.9  0.0000E+00       0.607
       4       2   201476.7  0.0000E+00       0.472
       4       3   516655.0  6.7000E-04       0.337
       5       1    97316.0  0.0000E+00       0.034
       5       2   169130.0  0.0000E+00       0.157
       5       3   346646.2  0.0000E+00       0.112
       5       4  1053453.7  1.4000E-04       0.003
       6       1     5151.9  0.0000E+00       0.169
       6       2     5270.4  4.0000E-01       0.131
       6       3     5355.9  0.0000E+00       0.094
       6       4     5412.0  3.8000E-02       0.001
       6       5     5439.9  0.0000E+00       0.019
       7       1     4985.9  0.0000E+00       0.439
       7       2     5096.7  0.0000E+00       0.341
       7       3     5176.6  0.0000E+00       0.244
       7       4     5229.0  0.0000E+00       0.146
       7       5     5255.1  0.0000E+00       0.049
       7       6   154684.7  0.0000E+00       1.462
       8       1     4924.5  0.0000E+00       0.371
       8       2     5032.7  0.0000E+00       0.289
       8       3     5110.6  0.0000E+00       0.206
       8       4     5161.6  0.0000E+00       0.124
       8       5     5187.0  0.0000E+00       0.041
       8       6   111576.7  0.0000E+00       1.237
       8       7   400371.5  0.0000E+00       3.217
       9       1     4881.0  0.0000E+00       0.304
       9       2     4987.2  0.0000E+00       0.236
       9       3     5063.7  0.0000E+00       0.169
       9       4     5113.8  0.0000E+00       0.101
       9       5     5138.7  0.0000E+00       0.034
       9       6    92816.6  0.0000E+00       0.169
       9       7   232063.0  0.0000E+00       2.632
       9       8   552030.7  0.0000E+00       2.227
      10       1     4832.3  0.0000E+00       0.101
      10       2     4936.4  0.0000E+00       0.079
      10       3     5011.3  5.3000E-01       0.056
      10       4     5060.3  0.0000E+00       0.034
      10       5     5084.8  9.1000E-02       0.001
      10       6    77884.7  0.0000E+00       0.056
      10       7   156869.2  0.0000E+00       0.877
      10       8   257927.6  0.0000E+00       0.742
      10       9   484129.5  0.0000E+00       0.607
      11       1     4713.8  0.0000E+00       0.034
      11       2     4812.8  0.0000E+00       0.026
      11       3     4883.9  0.0000E+00       0.019
      11       4     4930.5  6.7000E-01       0.011
      11       5     4953.7  0.0000E+00       0.004
      11       6    55426.5  0.0000E+00       0.019
      11       7    86377.0  0.0000E+00       0.049
      11       8   110138.5  0.0000E+00       0.247
      11       9   137589.8  0.0000E+00       0.202
      11      10   192218.3  0.0000E+00       0.067
      12       1     4658.1  4.4000E-01       0.304
      12       2     4754.7  8.1000E-02       0.001
      12       3     4824.1  0.0000E+00       0.169
      12       4     4869.6  0.0000E+00       0.101
      12       5     4892.2  0.0000E+00       0.034
      12       6    48591.8  0.0000E+00       0.169
      12       7    70847.4  0.0000E+00       0.439
      12       8    86079.5  0.0000E+00       0.371
      12       9   101981.8  0.0000E+00       1.822
      12      10   129197.1  0.0000E+00       0.607
      12      11   394058.9  0.0000E+00       0.202
      13       1     4607.0  3.8000E-02       0.001
      13       2     4701.5  2.7000E-01       0.184
      13       3     4769.4  8.7000E-02       0.001
      13       4     4813.9  0.0000E+00       0.079
      13       5     4836.0  0.0000E+00       0.026
      13       6    43559.2  0.0000E+00       0.131
      13       7    60633.6  0.0000E+00       0.341
      13       8    71455.0  0.0000E+00       0.289
      13       9    82079.4  0.0000E+00       0.236
      13      10    98836.1  0.0000E+00       0.079
      13      11   203444.8  0.0000E+00       0.157
      13      12   420583.7  0.0000E+00       1.417
      14       1     4573.9  0.0000E+00       0.169
      14       2     4667.0  2.6000E-02       0.001
      14       3     4733.9  1.0000E-01       0.094
      14       4     4777.7  4.9000E-02       0.001
      14       5     4799.4  0.0000E+00       0.019
      14       6    40765.3  0.0000E+00       0.094
      14       7    55352.8  0.0000E+00       0.244
      14       8    64233.3  0.0000E+00       0.206
      14       9    72691.6  0.0000E+00       0.169
      14      10    85534.5  0.0000E+00       0.056
      14      11   154112.5  0.0000E+00       0.112
      14      12   253095.6  0.0000E+00       1.012
      14      13   635554.7  0.0000E+00       0.787
      15       1     4070.7  0.0000E+00       0.371
      15       2     4144.3  0.0000E+00       0.289
      15       3     4197.0  0.0000E+00       0.206
      15       4     4231.4  0.0000E+00       0.124
      15       5     4248.4  0.0000E+00       0.041
      15       6    19397.1  0.0000E+00       0.206
      15       7    22178.2  0.0000E+00       0.536
      15       8    23478.8  0.0000E+00       0.454
      15       9    24521.8  0.0000E+00       0.371
      15      10    25830.1  0.0000E+00       0.124
      15      11    29839.9  0.0000E+00       0.041
      15      12    32284.7  0.0000E+00       0.371
      15      13    34969.0  0.0000E+00       0.289
      15      14    37005.0  0.0000E+00       0.206
      16       1     4008.3  1.9000E-01       0.001
      16       2     4079.7  0.0000E+00       0.236
      16       3     4130.7  0.0000E+00       0.169
      16       4     4164.0  0.0000E+00       0.101
      16       5     4180.5  0.0000E+00       0.034
      16       6    18058.3  0.0000E+00       0.169
      16       7    20445.2  0.0000E+00       0.439
      16       8    21545.4  0.0000E+00       0.371
      16       9    22420.4  0.0000E+00       0.304
      16      10    23509.2  0.0000E+00       0.101
      16      11    26785.1  0.0000E+00       0.034
      16      12    28738.5  0.0000E+00       0.304
      16      13    30846.3  0.0000E+00       0.236
      16      14    32419.7  0.0000E+00       0.169
      16      15   261640.3  0.0000E+00       2.227
      17       1     3976.2  0.0000E+00       0.236
      17       2     4046.4  0.0000E+00       0.184
      17       3     4096.6  0.0000E+00       0.131
      17       4     4129.4  0.0000E+00       0.079
      17       5     4145.6  0.0000E+00       0.026
      17       6    17424.1  0.0000E+00       0.131
      17       7    19636.0  0.0000E+00       0.341
      17       8    20648.7  0.0000E+00       0.289
      17       9    21451.1  0.0000E+00       0.236
      17      10    22445.6  0.0000E+00       0.079
      17      11    25413.1  0.0000E+00       0.026
      17      12    27165.0  0.0000E+00       0.236
      17      13    29040.7  0.0000E+00       0.184
      17      14    30431.2  0.0000E+00       0.131
      17      15   171303.5  0.0000E+00       1.732
      17      16   496142.7  0.0000E+00       1.417
      18       1     3322.5  0.0000E+00       0.236
      18       2     3371.4  0.0000E+00       0.184
      18       3     3406.2  0.0000E+00       0.131
      18       4     3428.8  0.0000E+00       0.079
      18       5     3440.0  0.0000E+00       0.026
      18       6     9357.2  0.0000E+00       0.131
      18       7     9959.7  0.0000E+00       0.341
      18       8    10213.8  0.0000E+00       0.289
      18       9    10406.3  0.0000E+00       0.236
      18      10    10634.9  0.0000E+00       0.079
      18      11    11257.8  0.0000E+00       0.026
      18      12    11588.9  0.0000E+00       0.236
      18      13    11917.3  0.0000E+00       0.184
      18      14    12145.0  0.0000E+00       0.131
      18      15    18078.2  0.0000E+00       0.289
      18      16    19420.1  0.0000E+00       0.236
      18      17    20211.2  0.0000E+00       0.184
      19       1     3293.3  0.0000E+00       0.439
      19       2     3341.3  0.0000E+00       0.341
      19       3     3375.4  0.0000E+00       0.244
      19       4     3397.6  0.0000E+00       0.146
      19       5     3408.6  0.0000E+00       0.049
      19       6     9128.7  0.0000E+00       0.244
      19       7     9701.3  8.9000E-02       0.001
      19       8     9942.2  5.8000E-02       0.001
      19       9    10124.5  0.0000E+00       0.439
      19      10    10340.8  0.0000E+00       0.146
      19      11    10928.7  0.0000E+00       0.049
      19      12    11240.5  0.0000E+00       0.439
      19      13    11549.1  0.0000E+00       0.341
      19      14    11762.9  0.0000E+00       0.244
      19      15    17244.4  0.0000E+00       0.536
      19      16    18461.2  0.0000E+00       0.439
      19      17    19174.6  0.0000E+00       0.341
      19      18   373869.7  0.0000E+00       2.047
      20       1     3254.7  0.0000E+00       0.169
      20       2     3301.6  2.7000E-02       0.001
      20       3     3334.9  1.1000E-01       0.094
      20       4     3356.6  9.5000E-02       0.001
      20       5     3367.3  0.0000E+00       0.019
      20       6     8838.2  6.6000E-02       0.001
      20       7     9373.8  0.0000E+00       0.244
      20       8     9598.5  0.0000E+00       0.206
      20       9     9768.4  0.0000E+00       0.169
      20      10     9969.5  0.0000E+00       0.056
      20      11    10514.9  0.0000E+00       0.019
      20      12    10803.2  0.0000E+00       0.169
      20      13    11088.0  0.0000E+00       0.131
      20      14    11284.9  0.0000E+00       0.094
      20      15    16236.2  0.0000E+00       0.206
      20      16    17310.4  0.0000E+00       0.169
      20      17    17936.2  0.0000E+00       0.131
      20      18   159344.5  0.0000E+00       0.787
      20      19   277702.1  0.0000E+00       1.462
      21       1     3253.7  0.0000E+00       0.101
      21       2     3300.5  0.0000E+00       0.079
      21       3     3333.8  0.0000E+00       0.056
      21       4     3355.5  1.5000E-01       0.034
      21       5     3366.2  1.3000E-01       0.011
      21       6     8830.7  1.9000E-02       0.001
      21       7     9365.4  0.0000E+00       0.146
      21       8     9589.7  0.0000E+00       0.124
      21       9     9759.2  0.0000E+00       0.101
      21      10     9960.0  8.5000E-02       0.001
      21      11    10504.3  2.3000E-02       0.001
      21      12    10792.0  0.0000E+00       0.101
      21      13    11076.2  0.0000E+00       0.079
      21      14    11272.7  0.0000E+00       0.056
      21      15    16210.9  0.0000E+00       0.124
      21      16    17281.7  0.0000E+00       0.101
      21      17    17905.3  0.0000E+00       0.079
      21      18   156943.1  0.0000E+00       0.472
      21      19   270489.0  0.0000E+00       0.877
      21      20 10413828.3  0.0000E+00       0.337
      22       1     3239.7  2.3000E-01       0.236
      22       2     3286.2  4.7000E-02       0.001
      22       3     3319.2  4.4000E-02       0.001
      22       4     3340.7  0.0000E+00       0.079
      22       5     3351.3  0.0000E+00       0.026
      22       6     8728.9  6.3000E-02       0.001
      22       7     9251.0  0.0000E+00       0.341
      22       8     9469.8  0.0000E+00       0.289
      22       9     9635.1  0.0000E+00       0.236
      22      10     9830.7  0.0000E+00       0.079
      22      11    10360.6  0.0000E+00       0.026
      22      12    10640.4  0.0000E+00       0.236
      22      13    10916.5  0.0000E+00       0.184
      22      14    11107.3  0.0000E+00       0.131
      22      15    15871.2  0.0000E+00       0.289
      22      16    16896.1  0.0000E+00       0.236
      22      17    17491.8  0.0000E+00       0.184
      22      18   130003.6  0.0000E+00       1.102
      22      19   199307.7  0.0000E+00       2.047
      22      20   706022.3  0.0000E+00       0.787
      22      21   757369.3  0.0000E+00       0.472
      23       1     3236.7  0.0000E+00       0.304
      23       2     3283.1  0.0000E+00       0.236
      23       3     3316.1  0.0000E+00       0.169
      23       4     3337.5  0.0000E+00       0.101
      23       5     3348.1  0.0000E+00       0.034
      23       6     8707.2  0.0000E+00       0.169
      23       7     9226.6  0.0000E+00       0.439
      23       8     9444.2  2.0000E-01       0.371
      23       9     9608.6  8.1000E-02       0.001
      23      10     9803.2  0.0000E+00       0.101
      23      11    10330.0  0.0000E+00       0.034
      23      12    10608.1  2.3000E-01       0.304
      23      13    10882.6  1.2000E-01       0.236
      23      14    11072.1  0.0000E+00       0.169
      23      15    15799.5  0.0000E+00       0.371
      23      16    16814.9  0.0000E+00       0.304
      23      17    17404.7  0.0000E+00       0.236
      23      18   125342.0  0.0000E+00       1.417
      23      19   188556.7  0.0000E+00       2.632
      23      20   587384.0  0.0000E+00       1.012
      23      21   622495.3  0.0000E+00       0.607
      23      22  3495550.8  0.0000E+00       1.417
      24       1     2871.7  0.0000E+00       0.034
      24       2     2908.1  0.0000E+00       0.026
      24       3     2934.0  0.0000E+00       0.019
      24       4     2950.7  0.0000E+00       0.011
      24       5     2959.0  0.0000E+00       0.004
      24       6     6488.5  0.0000E+00       0.019
      24       7     6772.6  0.0000E+00       0.049
      24       8     6889.1  0.0000E+00       0.041
      24       9     6976.2  0.0000E+00       0.034
      24      10     7078.2  1.5000E+00       0.001
      24      11     7348.8  0.0000E+00       0.004
      24      12     7488.5  0.0000E+00       0.034
      24      13     7624.2  0.0000E+00       0.026
      24      14     7716.8  0.0000E+00       0.019
      24      15     9750.0  0.0000E+00       0.041
      24      16    10127.4  0.0000E+00       0.034
      24      17    10338.4  0.0000E+00       0.026
      24      18    21164.5  0.0000E+00       0.026
      24      19    22434.5  0.0000E+00       0.049
      24      20    24406.2  0.0000E+00       0.019
      24      21    24463.5  0.0000E+00       0.011
      24      22    25280.1  0.0000E+00       0.026
      24      23    25464.3  0.0000E+00       0.034
      25       1     2792.2  0.0000E+00       0.169
      25       2     2826.6  0.0000E+00       0.131
      25       3     2851.0  0.0000E+00       0.094
      25       4     2866.8  0.0000E+00       0.056
      25       5     2874.7  0.0000E+00       0.019
      25       6     6096.3  9.6000E-01       0.001
      25       7     6346.4  0.0000E+00       0.244
      25       8     6448.6  0.0000E+00       0.206
      25       9     6524.8  0.0000E+00       0.169
      25      10     6614.0  3.3000E-02       0.001
      25      11     6849.7  0.0000E+00       0.019
      25      12     6970.8  0.0000E+00       0.169
      25      13     7088.3  2.2000E-01       0.131
      25      14     7168.3  1.2000E-01       0.094
      25      15     8890.5  0.0000E+00       0.206
      25      16     9203.2  0.0000E+00       0.169
      25      17     9377.1  0.0000E+00       0.131
      25      18    17493.3  0.0000E+00       0.131
      25      19    18352.0  0.0000E+00       0.244
      25      20    19650.7  0.0000E+00       0.094
      25      21    19687.8  0.0000E+00       0.056
      25      22    20213.3  0.0000E+00       0.131
      25      23    20330.8  0.0000E+00       0.169
      25      24   100850.1  0.0000E+00       0.112
      26       1     2438.3  0.0000E+00       0.169
      26       2     2464.5  0.0000E+00       0.131
      26       3     2483.0  0.0000E+00       0.094
      26       4     2495.0  0.0000E+00       0.056
      26       5     2501.0  0.0000E+00       0.019
      26       6     4629.4  0.0000E+00       0.094
      26       7     4772.2  0.0000E+00       0.244
      26       8     4829.8  0.0000E+00       0.206
      26       9     4872.4  0.0000E+00       0.169
      26      10     4921.9  0.0000E+00       0.056
      26      11     5051.3  0.0000E+00       0.019
      26      12     5116.9  0.0000E+00       0.169
      26      13     5179.9  0.0000E+00       0.131
      26      14     5222.5  0.0000E+00       0.094
      26      15     6080.6  0.0000E+00       0.206
      26      16     6225.3  0.0000E+00       0.169
      26      17     6304.4  0.0000E+00       0.131
      26      18     9162.5  0.0000E+00       0.131
      26      19     9392.7  0.0000E+00       0.244
      26      20     9721.5  0.0000E+00       0.094
      26      21     9730.5  0.0000E+00       0.056
      26      22     9857.2  0.0000E+00       0.131
      26      23     9885.1  0.0000E+00       0.169
      26      24    16157.2  0.0000E+00       0.019
      26      25    19239.6  0.0000E+00       0.094
      27       1     2330.5  0.0000E+00       0.236
      27       2     2354.4  0.0000E+00       0.184
      27       3     2371.3  0.0000E+00       0.131
      27       4     2382.2  0.0000E+00       0.079
      27       5     2387.6  0.0000E+00       0.026
      27       6     4255.6  0.0000E+00       0.131
      27       7     4375.9  0.0000E+00       0.341
      27       8     4424.3  0.0000E+00       0.289
      27       9     4460.0  0.0000E+00       0.236
      27      10     4501.5  0.0000E+00       0.079
      27      11     4609.5  0.0000E+00       0.026
      27      12     4664.0  0.0000E+00       0.236
      27      13     4716.3  0.0000E+00       0.184
      27      14     4751.6  0.0000E+00       0.131
      27      15     5451.6  0.0000E+00       0.289
      27      16     5567.6  9.8000E-02       0.001
      27      17     5630.8  5.0000E-02       0.184
      27      18     7805.4  0.0000E+00       0.184
      27      19     7971.8  0.0000E+00       0.341
      27      20     8207.5  3.4000E-02       0.001
      27      21     8213.9  0.0000E+00       0.079
      27      22     8304.0  6.1000E-02       0.001
      27      23     8323.8  0.0000E+00       0.236
      27      24    12366.0  0.0000E+00       0.026
      27      25    14094.2  0.0000E+00       0.131
      27      26    52700.4  0.0000E+00       0.131
      28       1     2034.0  0.0000E+00       0.034
      28       2     2052.2  0.0000E+00       0.026
      28       3     2065.1  0.0000E+00       0.019
      28       4     2073.4  0.0000E+00       0.011
      28       5     2077.4  0.0000E+00       0.004
      28       6     3361.1  0.0000E+00       0.019
      28       7     3435.8  0.0000E+00       0.049
      28       8     3465.5  0.0000E+00       0.041
      28       9     3487.4  0.0000E+00       0.034
      28      10     3512.7  0.0000E+00       0.011
      28      11     3578.1  0.0000E+00       0.004
      28      12     3610.9  0.0000E+00       0.034
      28      13     3642.2  0.0000E+00       0.026
      28      14     3663.2  0.0000E+00       0.019
      28      15     4065.7  0.0000E+00       0.041
      28      16     4129.9  0.0000E+00       0.034
      28      17     4164.5  0.0000E+00       0.026
      28      18     5245.4  0.0000E+00       0.026
      28      19     5320.0  0.0000E+00       0.049
      28      20     5423.9  0.0000E+00       0.019
      28      21     5426.7  0.0000E+00       0.011
      28      22     5465.9  0.0000E+00       0.026
      28      23     5474.5  0.0000E+00       0.034
      28      24     6973.7  0.0000E+00       0.004
      28      25     7491.8  0.0000E+00       0.019
      28      26    12269.4  0.0000E+00       0.019
      28      27    15992.8  0.0000E+00       0.026
      29       1     2016.4  0.0000E+00       0.101
      29       2     2034.3  0.0000E+00       0.079
      29       3     2046.9  0.0000E+00       0.056
      29       4     2055.1  0.0000E+00       0.034
      29       5     2059.1  0.0000E+00       0.011
      29       6     3313.4  0.0000E+00       0.056
      29       7     3385.9  0.0000E+00       0.146
      29       8     3414.8  0.0000E+00       0.124
      29       9     3436.0  0.0000E+00       0.101
      29      10     3460.6  0.0000E+00       0.034
      29      11     3524.0  0.0000E+00       0.011
      29      12     3555.8  0.0000E+00       0.101
      29      13     3586.2  0.0000E+00       0.079
      29      14     3606.5  0.0000E+00       0.056
      29      15     3996.0  0.0000E+00       0.124
      29      16     4058.0  0.0000E+00       0.101
      29      17     4091.4  0.0000E+00       0.079
      29      18     5129.9  0.0000E+00       0.079
      29      19     5201.3  0.0000E+00       0.146
      29      20     5300.6  0.0000E+00       0.056
      29      21     5303.3  0.0000E+00       0.034
      29      22     5340.7  0.0000E+00       0.079
      29      23     5348.8  0.0000E+00       0.101
      29      24     6771.1  0.0000E+00       0.011
      29      25     7258.5  0.0000E+00       0.056
      29      26    11655.9  0.0000E+00       0.056
      29      27    14966.0  0.0000E+00       0.079
      29      28   233091.1  0.0000E+00       0.067
      30       1     1983.0  0.0000E+00       0.169
      30       2     2000.3  0.0000E+00       0.131
      30       3     2012.5  0.0000E+00       0.094
      30       4     2020.4  0.0000E+00       0.056
      30       5     2024.3  0.0000E+00       0.019
      30       6     3224.1  0.0000E+00       0.094
      30       7     3292.7  0.0000E+00       0.244
      30       8     3320.0  0.0000E+00       0.206
      30       9     3340.1  0.0000E+00       0.169
      30      10     3363.3  0.0000E+00       0.056
      30      11     3423.2  0.0000E+00       0.019
      30      12     3453.2  0.0000E+00       0.169
      30      13     3481.8  0.0000E+00       0.131
      30      14     3501.0  0.0000E+00       0.094
      30      15     3866.9  0.0000E+00       0.206
      30      16     3924.9  0.0000E+00       0.169
      30      17     3956.2  0.0000E+00       0.131
      30      18     4919.0  0.0000E+00       0.131
      30      19     4984.6  0.0000E+00       0.244
      30      20     5075.7  0.0000E+00       0.094
      30      21     5078.2  0.0000E+00       0.056
      30      22     5112.5  0.0000E+00       0.131
      30      23     5120.0  0.0000E+00       0.169
      30      24     6408.5  0.0000E+00       0.019
      30      25     6843.4  0.0000E+00       0.094
      30      26    10621.4  0.0000E+00       0.094
      30      27    13302.4  0.0000E+00       0.131
      30      28    79073.6  0.0000E+00       0.019
      30      29   119670.5  0.0000E+00       0.337
