 Fe II levels
  n      E(n)       g    label
  1        0.00    6.0 3d  6S5/2 
  2    32213.00    6.0 3d  4G5/2 
  3    32254.00   12.0 3d  4G11/2
  4    32310.00   10.0 3d  4G9/2 
  5    32314.00    8.0 3d  4G7/2 
  6    35095.00    6.0 3d  4P5/2 
  7    35172.00    4.0 3d  4P3/2 
  8    35259.00    2.0 3d  4P1/2 
  9    38789.00    8.0 3d  4D7/2 
 10    38873.00    2.0 3d  4D1/2 
 11    38937.00    4.0 3d  4D3/2 
 12    38952.00    6.0 3d  4D5/2 
 13    47218.00   12.0 3d  2I11/2
 14    47296.00   14.0 3d  2I13/2
 15    49104.00    6.0 3d  2D5/2 
 16    49589.00    4.0 3d  2D3/2 
 17    51238.00    8.0 3d  2F7/2 
 18    51864.00    6.0 3d  2F5/2 
 19    52634.00   10.0 3d  4F9/2 
 20    52709.00    8.0 3d  4F7/2 
 21    52853.00    6.0 3d  4F5/2 
 22    52896.00    4.0 3d  4F3/2 
 Transition probabilities
       n1     n2   lambda       A             omega
       2       1     3103.4  1.0000E-01       0.004
       3       1     3099.5  0.0000E+00       0.270
       3       2  2438359.8  0.0000E+00       1.620
       4       1     3094.1  0.0000E+00       0.225
       4       2  1030646.9  0.0000E+00       1.350
       4       3  1785227.7  2.6000E-01       0.007
       5       1     3093.7  0.0000E+00       0.180
       5       2   989829.2  1.1000E-01       0.005
       5       3  1666212.5  0.0000E+00       2.160
       5       4 24993188.0  3.7000E-01       0.006
       6       1     2848.6  1.4000E-01       0.001
       6       2    34688.7  6.8000E-01       0.004
       6       3    35189.3  0.0000E+00       0.270
       6       4    35896.9  0.0000E+00       0.225
       6       5    35948.5  1.5000E-01       0.004
       7       1     2842.3  8.8000E-01       0.090
       7       2    33786.0  8.6000E-01       0.005
       7       3    34260.7  0.0000E+00       0.180
       7       4    34931.1  0.0000E+00       0.150
       7       5    34980.0  0.0000E+00       0.120
       7       6  1298347.4  1.1000E-01       0.004
       8       1     2835.3  0.0000E+00       0.045
       8       2    32821.0  0.0000E+00       0.045
       8       3    33268.8  0.0000E+00       0.090
       8       4    33900.6  0.0000E+00       0.075
       8       5    33946.6  0.0000E+00       0.060
       8       6   609590.0  0.0000E+00       0.270
       8       7  1149112.1  3.7000E-01       0.004
       9       1     2577.3  1.1000E-01       0.002
       9       2    15202.7  7.6000E-01       0.004
       9       3    15298.0  0.0000E+00       0.360
       9       4    15430.3  6.3000E-01       0.003
       9       5    15439.8  7.6000E-01       0.003
       9       6    27063.5  3.8000E-01       0.001
       9       7    27639.7  0.0000E+00       0.120
       9       8    28320.9  0.0000E+00       0.060
      10       1     2571.7  1.8000E-01       0.003
      10       2    15010.9  0.0000E+00       0.045
      10       3    15103.9  0.0000E+00       0.090
      10       4    15232.8  0.0000E+00       0.075
      10       5    15242.1  0.0000E+00       0.060
      10       6    26461.8  0.0000E+00       0.045
      10       7    27012.4  3.4000E-01       0.001
      10       8    27662.6  5.8000E-01       0.001
      10       9  1190151.8  0.0000E+00       0.360
      11       1     2567.5  3.8000E-01       0.001
      11       2    14868.0  2.8000E-01       0.003
      11       3    14959.3  0.0000E+00       0.180
      11       4    15085.7  0.0000E+00       0.150
      11       5    15094.8  0.0000E+00       0.120
      11       6    26021.0  1.8000E-01       0.001
      11       7    26553.2  3.9000E-01       0.001
      11       8    27181.3  1.4000E-01       0.002
      11       9   675491.6  0.0000E+00       0.720
      11      10  1562074.2  1.0000E-01       0.004
      12       1     2566.5  5.1000E-01       0.001
      12       2    14834.9  5.8000E-01       0.003
      12       3    14925.8  0.0000E+00       0.270
      12       4    15051.6  0.0000E+00       0.225
      12       5    15060.7  1.1000E-01       0.005
      12       6    25919.8  2.2000E-01       0.001
      12       7    26447.8  3.5000E-01       0.002
      12       8    27070.9  3.1000E-01       0.005
      12       9   613329.8  1.3000E-01       0.003
      12      10  1265477.9  0.0000E+00       0.270
      12      11  6664850.1  1.3000E-01       0.006
      13       1     2117.2  0.0000E+00       0.270
      13       2     6662.6  0.0000E+00       0.270
      13       3     6680.9  5.1000E-01       0.002
      13       4     6706.0  3.0000E-01       0.002
      13       5     6707.8  1.0000E-01       0.005
      13       6     8246.5  0.0000E+00       0.270
      13       7     8299.2  0.0000E+00       0.180
      13       8     8359.6  0.0000E+00       0.090
      13       9    11860.6  0.0000E+00       0.360
      13      10    11979.9  0.0000E+00       0.090
      13      11    12072.5  0.0000E+00       0.180
      13      12    12094.4  0.0000E+00       0.270
      14       1     2113.7  0.0000E+00       0.315
      14       2     6628.2  0.0000E+00       0.315
      14       3     6646.2  1.6000E-01       0.003
      14       4     6671.1  0.0000E+00       0.525
      14       5     6672.8  0.0000E+00       0.420
      14       6     8193.8  0.0000E+00       0.315
      14       7     8245.8  0.0000E+00       0.210
      14       8     8305.4  0.0000E+00       0.105
      14       9    11751.8  0.0000E+00       0.420
      14      10    11869.0  0.0000E+00       0.105
      14      11    11959.9  0.0000E+00       0.210
      14      12    11981.4  0.0000E+00       0.315
      14      13  1281701.9  5.9000E-01       0.005
      15       1     2035.8  0.0000E+00       0.135
      15       2     5918.7  1.3000E-01       0.135
      15       3     5933.1  0.0000E+00       0.270
      15       4     5952.9  2.1000E-01       0.003
      15       5     5954.3  1.2000E-01       0.180
      15       6     7136.3  5.4000E-01       0.135
      15       7     7175.7  1.0000E-01       0.090
      15       8     7220.8  0.0000E+00       0.045
      15       9     9692.0  0.0000E+00       0.180
      15      10     9771.5  0.0000E+00       0.045
      15      11     9833.0  0.0000E+00       0.090
      15      12     9847.6  0.0000E+00       0.135
      15      13    53007.8  0.0000E+00       0.270
      15      14    55294.7  0.0000E+00       0.315
      16       1     2015.9  0.0000E+00       0.090
      16       2     5753.5  1.0000E-01       0.001
      16       3     5767.1  0.0000E+00       0.180
      16       4     5785.8  0.0000E+00       0.150
      16       5     5787.1  0.0000E+00       0.120
      16       6     6897.5  6.9000E-01       0.001
      16       7     6934.3  2.5000E-01       0.060
      16       8     6976.4  6.5000E-01       0.001
      16       9     9256.7  0.0000E+00       0.120
      16      10     9329.3  0.0000E+00       0.030
      16      11     9385.3  0.0000E+00       0.060
      16      12     9398.6  0.0000E+00       0.090
      16      13    42164.8  0.0000E+00       0.180
      16      14    43599.1  0.0000E+00       0.210
      16      15   206129.4  1.5000E-01       0.002
      17       1     1951.0  0.0000E+00       0.180
      17       2     5254.8  1.5000E-01       0.001
      17       3     5266.1  1.4000E-01       0.003
      17       4     5281.7  5.0000E-01       0.300
      17       5     5282.8  8.0000E-01       0.001
      17       6     6192.9  5.0000E-01       0.003
      17       7     6222.6  2.0000E-01       0.004
      17       8     6256.5  0.0000E+00       0.060
      17       9     8030.6  1.0000E-01       0.240
      17      10     8085.1  0.0000E+00       0.060
      17      11     8127.2  2.3000E-01       0.004
      17      12     8137.1  3.4000E-01       0.001
      17      13    24868.8  0.0000E+00       0.360
      17      14    25360.9  0.0000E+00       0.420
      17      15    46847.6  2.3000E-01       0.001
      17      16    60626.3  5.9000E-01       0.008
      18       1     1927.5  0.0000E+00       0.135
      18       2     5087.4  2.1000E-01       0.135
      18       3     5098.0  0.0000E+00       0.270
      18       4     5112.6  4.1000E-01       0.002
      18       5     5113.7  4.7000E-01       0.180
      18       6     5961.7  8.7000E-01       0.001
      18       7     5989.2  1.3000E-01       0.001
      18       8     6020.6  2.4000E-01       0.004
      18       9     7646.1  9.1000E-01       0.003
      18      10     7695.5  5.4000E-01       0.003
      18      11     7733.6  2.1000E-01       0.001
      18      12     7742.6  2.2000E-01       0.001
      18      13    21518.0  0.0000E+00       0.270
      18      14    21885.4  0.0000E+00       0.315
      18      15    36222.0  9.0000E-01       0.001
      18      16    43944.1  3.5000E-01       0.001
      18      17   159700.9  3.0000E-01       0.002
      19       1     1899.3  0.0000E+00       0.225
      19       2     4895.6  8.7000E-01       0.004
      19       3     4905.4  3.2000E-01       0.450
      19       4     4918.9  1.2000E-01       0.375
      19       5     4919.9  6.1000E-01       0.002
      19       6     5700.0  8.8000E-01       0.003
      19       7     5725.1  0.0000E+00       0.150
      19       8     5753.8  0.0000E+00       0.075
      19       9     7220.8  1.6000E-01       0.300
      19      10     7264.9  0.0000E+00       0.075
      19      11     7298.9  0.0000E+00       0.150
      19      12     7306.9  5.7000E-01       0.002
      19      13    18458.8  0.0000E+00       0.450
      19      14    18728.5  0.0000E+00       0.525
      19      15    28320.9  0.0000E+00       0.225
      19      16    32831.8  0.0000E+00       0.150
      19      17    71613.7  0.0000E+00       0.300
      19      18   129834.7  0.0000E+00       1.350
      20       1     1896.6  0.0000E+00       0.180
      20       2     4877.6  1.4000E-01       0.001
      20       3     4887.4  4.0000E-01       0.001
      20       4     4900.8  1.9000E-01       0.300
      20       5     4901.8  2.0000E-01       0.240
      20       6     5675.7  2.0000E-01       0.002
      20       7     5700.6  6.5000E-01       0.003
      20       8     5729.1  0.0000E+00       0.060
      20       9     7181.9  1.1000E-01       0.240
      20      10     7225.5  0.0000E+00       0.060
      20      11     7259.1  8.5000E-01       0.002
      20      12     7267.0  1.9000E-01       0.001
      20      13    18206.6  0.0000E+00       0.360
      20      14    18469.0  0.0000E+00       0.420
      20      15    27731.7  2.1000E-01       0.001
      20      16    32042.5  0.0000E+00       0.120
      20      17    67962.4  0.0000E+00       0.240
      20      18   118310.9  0.0000E+00       1.080
      20      19  1332970.0  1.4000E-01       0.005
      21       1     1891.4  0.0000E+00       0.135
      21       2     4843.6  2.5000E-01       0.135
      21       3     4853.2  0.0000E+00       0.270
      21       4     4866.5  6.1000E-01       0.001
      21       5     4867.4  1.1000E-01       0.180
      21       6     5629.7  6.7000E-01       0.002
      21       7     5654.2  2.9000E-01       0.002
      21       8     5682.2  1.3000E-01       0.003
      21       9     7108.4  3.0000E-01       0.001
      21      10     7151.1  7.7000E-01       0.002
      21      11     7184.0  2.7000E-01       0.001
      21      12     7191.7  1.9000E-01       0.135
      21      13    17741.4  0.0000E+00       0.270
      21      14    17990.4  0.0000E+00       0.315
      21      15    26666.5  2.2000E-01       0.001
      21      16    30628.9  6.9000E-01       0.002
      21      17    61902.6  0.0000E+00       0.180
      21      18   101084.7  0.0000E+00       0.810
      21      19   456496.6  0.0000E+00       1.350
      21      20   694255.2  5.8000E-01       0.004
      22       1     1889.9  0.0000E+00       0.090
      22       2     4833.5  3.2000E-01       0.090
      22       3     4843.1  0.0000E+00       0.180
      22       4     4856.3  0.0000E+00       0.150
      22       5     4857.3  7.1000E-01       0.001
      22       6     5616.1  5.6000E-01       0.003
      22       7     5640.5  1.8000E-01       0.002
      22       8     5668.3  5.6000E-01       0.003
      22       9     7086.7  1.9000E-01       0.003
      22      10     7129.2  1.0000E-01       0.030
      22      11     7161.9  1.8000E-01       0.060
      22      12     7169.6  3.9000E-01       0.001
      22      13    17607.0  0.0000E+00       0.180
      22      14    17852.3  0.0000E+00       0.210
      22      15    26364.1  1.8000E-01       0.003
      22      16    30230.6  1.5000E-01       0.001
      22      17    60297.2  0.0000E+00       0.120
      22      18    96872.8  0.0000E+00       0.090
      22      19   381575.4  0.0000E+00       0.900
      22      20   534613.6  0.0000E+00       0.720
      22      21  2324947.7  4.6000E-01       0.005
  new spectrum for lambda =            2           1
  new spectrum for lambda =            2           1
