    2    0    0    2  :(2S+1) L pi n
 -2.50000E-01    1000
  2.5000E-01  0.0000E+00  1.4779E+01
  2.5250E-01  2.5000E-03  1.4476E+01
  2.5500E-01  5.0000E-03  1.4181E+01
  2.5750E-01  7.5000E-03  1.3895E+01
  2.6000E-01  1.0000E-02  1.3616E+01
  2.6250E-01  1.2500E-02  1.3345E+01
  2.6500E-01  1.5000E-02  1.3082E+01
  2.6750E-01  1.7500E-02  1.2826E+01
  2.7000E-01  2.0000E-02  1.2577E+01
  2.7250E-01  2.2500E-02  1.2335E+01
  2.7500E-01  2.5000E-02  1.2099E+01
  2.7750E-01  2.7500E-02  1.1869E+01
  2.8000E-01  3.0000E-02  1.1645E+01
  2.8250E-01  3.2500E-02  1.1428E+01
  2.8500E-01  3.5000E-02  1.1215E+01
  2.8750E-01  3.7500E-02  1.1009E+01
  2.9000E-01  4.0000E-02  1.0807E+01
  2.9250E-01  4.2500E-02  1.0611E+01
  2.9500E-01  4.5000E-02  1.0420E+01
  2.9750E-01  4.7500E-02  1.0233E+01
  3.0000E-01  5.0000E-02  1.0051E+01
  3.0250E-01  5.2500E-02  9.8734E+00
  3.0500E-01  5.5000E-02  9.7002E+00
  3.0750E-01  5.7500E-02  9.5312E+00
  3.1000E-01  6.0000E-02  9.3662E+00
  3.1250E-01  6.2500E-02  9.2052E+00
  3.1500E-01  6.5000E-02  9.0481E+00
  3.1750E-01  6.7500E-02  8.8946E+00
  3.2000E-01  7.0000E-02  8.7447E+00
  3.2250E-01  7.2500E-02  8.5983E+00
  3.2500E-01  7.5000E-02  8.4553E+00
  3.2750E-01  7.7500E-02  8.3156E+00
  3.3000E-01  8.0000E-02  8.1790E+00
  3.3250E-01  8.2500E-02  8.0456E+00
  3.3500E-01  8.5000E-02  7.9151E+00
  3.3750E-01  8.7500E-02  7.7876E+00
  3.4000E-01  9.0000E-02  7.6629E+00
  3.4250E-01  9.2500E-02  7.5409E+00
  3.4500E-01  9.5000E-02  7.4217E+00
  3.4750E-01  9.7500E-02  7.3050E+00
  3.5000E-01  1.0000E-01  7.1908E+00
  3.5250E-01  1.0250E-01  7.0791E+00
  3.5500E-01  1.0500E-01  6.9698E+00
  3.5750E-01  1.0750E-01  6.8628E+00
  3.6000E-01  1.1000E-01  6.7581E+00
  3.6250E-01  1.1250E-01  6.6556E+00
  3.6500E-01  1.1500E-01  6.5552E+00
  3.6750E-01  1.1750E-01  6.4569E+00
  3.7000E-01  1.2000E-01  6.3606E+00
  3.7250E-01  1.2250E-01  6.2663E+00
  3.7500E-01  1.2500E-01  6.1739E+00
  3.7750E-01  1.2750E-01  6.0834E+00
  3.8000E-01  1.3000E-01  5.9947E+00
  3.8250E-01  1.3250E-01  5.9078E+00
  3.8500E-01  1.3500E-01  5.8226E+00
  3.8750E-01  1.3750E-01  5.7391E+00
  3.9000E-01  1.4000E-01  5.6572E+00
  3.9250E-01  1.4250E-01  5.5770E+00
  3.9500E-01  1.4500E-01  5.4983E+00
  3.9750E-01  1.4750E-01  5.4212E+00
  4.0000E-01  1.5000E-01  5.3455E+00
  4.0250E-01  1.5250E-01  5.2713E+00
  4.0500E-01  1.5500E-01  5.1984E+00
  4.0750E-01  1.5750E-01  5.1270E+00
  4.1000E-01  1.6000E-01  5.0569E+00
  4.1250E-01  1.6250E-01  4.9882E+00
  4.1500E-01  1.6500E-01  4.9207E+00
  4.1750E-01  1.6750E-01  4.8544E+00
  4.2000E-01  1.7000E-01  4.7894E+00
  4.2250E-01  1.7250E-01  4.7256E+00
  4.2500E-01  1.7500E-01  4.6629E+00
  4.2750E-01  1.7750E-01  4.6014E+00
  4.3000E-01  1.8000E-01  4.5410E+00
  4.3250E-01  1.8250E-01  4.4817E+00
  4.3500E-01  1.8500E-01  4.4234E+00
  4.3750E-01  1.8750E-01  4.3662E+00
  4.4000E-01  1.9000E-01  4.3100E+00
  4.4250E-01  1.9250E-01  4.2548E+00
  4.4500E-01  1.9500E-01  4.2005E+00
  4.4750E-01  1.9750E-01  4.1473E+00
  4.5000E-01  2.0000E-01  4.0949E+00
  4.5250E-01  2.0250E-01  4.0434E+00
  4.5500E-01  2.0500E-01  3.9928E+00
  4.5750E-01  2.0750E-01  3.9431E+00
  4.6000E-01  2.1000E-01  3.8942E+00
  4.6250E-01  2.1250E-01  3.8462E+00
  4.6500E-01  2.1500E-01  3.7989E+00
  4.6750E-01  2.1750E-01  3.7525E+00
  4.7000E-01  2.2000E-01  3.7069E+00
  4.7250E-01  2.2250E-01  3.6619E+00
  4.7500E-01  2.2500E-01  3.6178E+00
  4.7750E-01  2.2750E-01  3.5743E+00
  4.8000E-01  2.3000E-01  3.5316E+00
  4.8250E-01  2.3250E-01  3.4896E+00
  4.8500E-01  2.3500E-01  3.4483E+00
  4.8750E-01  2.3750E-01  3.4076E+00
  4.9000E-01  2.4000E-01  3.3676E+00
  4.9250E-01  2.4250E-01  3.3282E+00
  4.9500E-01  2.4500E-01  3.2895E+00
  4.9750E-01  2.4750E-01  3.2513E+00
  5.0000E-01  2.5000E-01  3.2138E+00
  5.0250E-01  2.5250E-01  3.1769E+00
  5.0500E-01  2.5500E-01  3.1405E+00
  5.0750E-01  2.5750E-01  3.1047E+00
  5.1000E-01  2.6000E-01  3.0695E+00
  5.1250E-01  2.6250E-01  3.0348E+00
  5.1500E-01  2.6500E-01  3.0007E+00
  5.1750E-01  2.6750E-01  2.9670E+00
  5.2000E-01  2.7000E-01  2.9339E+00
  5.2250E-01  2.7250E-01  2.9013E+00
  5.2500E-01  2.7500E-01  2.8692E+00
  5.2750E-01  2.7750E-01  2.8376E+00
  5.3000E-01  2.8000E-01  2.8064E+00
  5.3250E-01  2.8250E-01  2.7757E+00
  5.3500E-01  2.8500E-01  2.7455E+00
  5.3750E-01  2.8750E-01  2.7157E+00
  5.4000E-01  2.9000E-01  2.6864E+00
  5.4250E-01  2.9250E-01  2.6575E+00
  5.4500E-01  2.9500E-01  2.6290E+00
  5.4750E-01  2.9750E-01  2.6009E+00
  5.5000E-01  3.0000E-01  2.5732E+00
  5.5250E-01  3.0250E-01  2.5460E+00
  5.5500E-01  3.0500E-01  2.5191E+00
  5.5750E-01  3.0750E-01  2.4926E+00
  5.6000E-01  3.1000E-01  2.4665E+00
  5.6250E-01  3.1250E-01  2.4408E+00
  5.6500E-01  3.1500E-01  2.4154E+00
  5.6750E-01  3.1750E-01  2.3904E+00
  5.7000E-01  3.2000E-01  2.3658E+00
  5.7250E-01  3.2250E-01  2.3415E+00
  5.7500E-01  3.2500E-01  2.3175E+00
  5.7750E-01  3.2750E-01  2.2939E+00
  5.8000E-01  3.3000E-01  2.2706E+00
  5.8250E-01  3.3250E-01  2.2476E+00
  5.8500E-01  3.3500E-01  2.2249E+00
  5.8750E-01  3.3750E-01  2.2026E+00
  5.9000E-01  3.4000E-01  2.1805E+00
  5.9250E-01  3.4250E-01  2.1588E+00
  5.9500E-01  3.4500E-01  2.1373E+00
  5.9750E-01  3.4750E-01  2.1161E+00
  6.0000E-01  3.5000E-01  2.0953E+00
  6.0250E-01  3.5250E-01  2.0747E+00
  6.0500E-01  3.5500E-01  2.0543E+00
  6.0750E-01  3.5750E-01  2.0343E+00
  6.1000E-01  3.6000E-01  2.0145E+00
  6.1250E-01  3.6250E-01  1.9950E+00
  6.1500E-01  3.6500E-01  1.9757E+00
  6.1750E-01  3.6750E-01  1.9567E+00
  6.2000E-01  3.7000E-01  1.9379E+00
  6.2250E-01  3.7250E-01  1.9194E+00
  6.2500E-01  3.7500E-01  1.9011E+00
  6.2750E-01  3.7750E-01  1.8831E+00
  6.3000E-01  3.8000E-01  1.8652E+00
  6.3250E-01  3.8250E-01  1.8477E+00
  6.3500E-01  3.8500E-01  1.8303E+00
  6.3750E-01  3.8750E-01  1.8132E+00
  6.4000E-01  3.9000E-01  1.7962E+00
  6.4250E-01  3.9250E-01  1.7795E+00
  6.4500E-01  3.9500E-01  1.7630E+00
  6.4750E-01  3.9750E-01  1.7467E+00
  6.5000E-01  4.0000E-01  1.7307E+00
  6.5250E-01  4.0250E-01  1.7148E+00
  6.5500E-01  4.0500E-01  1.6991E+00
  6.5750E-01  4.0750E-01  1.6836E+00
  6.6000E-01  4.1000E-01  1.6683E+00
  6.6250E-01  4.1250E-01  1.6532E+00
  6.6500E-01  4.1500E-01  1.6383E+00
  6.6750E-01  4.1750E-01  1.6235E+00
  6.7000E-01  4.2000E-01  1.6090E+00
  6.7250E-01  4.2250E-01  1.5946E+00
  6.7500E-01  4.2500E-01  1.5804E+00
  6.7750E-01  4.2750E-01  1.5663E+00
  6.8000E-01  4.3000E-01  1.5525E+00
  6.8250E-01  4.3250E-01  1.5388E+00
  6.8500E-01  4.3500E-01  1.5252E+00
  6.8750E-01  4.3750E-01  1.5119E+00
  6.9000E-01  4.4000E-01  1.4986E+00
  6.9250E-01  4.4250E-01  1.4856E+00
  6.9500E-01  4.4500E-01  1.4727E+00
  6.9750E-01  4.4750E-01  1.4599E+00
  7.0000E-01  4.5000E-01  1.4473E+00
  7.0250E-01  4.5250E-01  1.4348E+00
  7.0500E-01  4.5500E-01  1.4225E+00
  7.0750E-01  4.5750E-01  1.4104E+00
  7.1000E-01  4.6000E-01  1.3983E+00
  7.1250E-01  4.6250E-01  1.3864E+00
  7.1500E-01  4.6500E-01  1.3747E+00
  7.1750E-01  4.6750E-01  1.3631E+00
  7.2000E-01  4.7000E-01  1.3516E+00
  7.2250E-01  4.7250E-01  1.3402E+00
  7.2500E-01  4.7500E-01  1.3290E+00
  7.2750E-01  4.7750E-01  1.3179E+00
  7.3000E-01  4.8000E-01  1.3069E+00
  7.3250E-01  4.8250E-01  1.2961E+00
  7.3500E-01  4.8500E-01  1.2854E+00
  7.3750E-01  4.8750E-01  1.2748E+00
  7.4000E-01  4.9000E-01  1.2643E+00
  7.4250E-01  4.9250E-01  1.2539E+00
  7.4500E-01  4.9500E-01  1.2436E+00
  7.4750E-01  4.9750E-01  1.2335E+00
  7.5000E-01  5.0000E-01  1.2235E+00
  7.5250E-01  5.0250E-01  1.2135E+00
  7.5500E-01  5.0500E-01  1.2037E+00
  7.5750E-01  5.0750E-01  1.1940E+00
  7.6000E-01  5.1000E-01  1.1844E+00
  7.6250E-01  5.1250E-01  1.1749E+00
  7.6500E-01  5.1500E-01  1.1655E+00
  7.6750E-01  5.1750E-01  1.1563E+00
  7.7000E-01  5.2000E-01  1.1471E+00
  7.7250E-01  5.2250E-01  1.1380E+00
  7.7500E-01  5.2500E-01  1.1290E+00
  7.7750E-01  5.2750E-01  1.1201E+00
  7.8000E-01  5.3000E-01  1.1113E+00
  7.8250E-01  5.3250E-01  1.1026E+00
  7.8500E-01  5.3500E-01  1.0940E+00
  7.8750E-01  5.3750E-01  1.0854E+00
  7.9000E-01  5.4000E-01  1.0770E+00
  7.9250E-01  5.4250E-01  1.0686E+00
  7.9500E-01  5.4500E-01  1.0604E+00
  7.9750E-01  5.4750E-01  1.0522E+00
  8.0000E-01  5.5000E-01  1.0441E+00
  8.0250E-01  5.5250E-01  1.0361E+00
  8.0500E-01  5.5500E-01  1.0282E+00
  8.0750E-01  5.5750E-01  1.0204E+00
  8.1000E-01  5.6000E-01  1.0126E+00
  8.1250E-01  5.6250E-01  1.0049E+00
  8.1500E-01  5.6500E-01  9.9732E-01
  8.1750E-01  5.6750E-01  9.8980E-01
  8.2000E-01  5.7000E-01  9.8235E-01
  8.2250E-01  5.7250E-01  9.7498E-01
  8.2500E-01  5.7500E-01  9.6768E-01
  8.2750E-01  5.7750E-01  9.6046E-01
  8.3000E-01  5.8000E-01  9.5331E-01
  8.3250E-01  5.8250E-01  9.4623E-01
  8.3500E-01  5.8500E-01  9.3922E-01
  8.3750E-01  5.8750E-01  9.3229E-01
  8.4000E-01  5.9000E-01  9.2542E-01
  8.4250E-01  5.9250E-01  9.1862E-01
  8.4500E-01  5.9500E-01  9.1189E-01
  8.4750E-01  5.9750E-01  9.0522E-01
  8.5000E-01  6.0000E-01  8.9862E-01
  8.5250E-01  6.0250E-01  8.9209E-01
  8.5500E-01  6.0500E-01  8.8562E-01
  8.5750E-01  6.0750E-01  8.7921E-01
  8.6000E-01  6.1000E-01  8.7287E-01
  8.6250E-01  6.1250E-01  8.6658E-01
  8.6500E-01  6.1500E-01  8.6036E-01
  8.6750E-01  6.1750E-01  8.5420E-01
  8.7000E-01  6.2000E-01  8.4810E-01
  8.7250E-01  6.2250E-01  8.4205E-01
  8.7500E-01  6.2500E-01  8.3607E-01
  8.7750E-01  6.2750E-01  8.3014E-01
  8.8000E-01  6.3000E-01  8.2427E-01
  8.8250E-01  6.3250E-01  8.1845E-01
  8.8500E-01  6.3500E-01  8.1269E-01
  8.8750E-01  6.3750E-01  8.0699E-01
  8.9000E-01  6.4000E-01  8.0134E-01
  8.9250E-01  6.4250E-01  7.9574E-01
  8.9500E-01  6.4500E-01  7.9019E-01
  8.9750E-01  6.4750E-01  7.8470E-01
  9.0000E-01  6.5000E-01  7.7926E-01
  9.0250E-01  6.5250E-01  7.7387E-01
  9.0500E-01  6.5500E-01  7.6853E-01
  9.0750E-01  6.5750E-01  7.6324E-01
  9.1000E-01  6.6000E-01  7.5800E-01
  9.1250E-01  6.6250E-01  7.5280E-01
  9.1500E-01  6.6500E-01  7.4766E-01
  9.1750E-01  6.6750E-01  7.4256E-01
  9.2000E-01  6.7000E-01  7.3751E-01
  9.2250E-01  6.7250E-01  7.3250E-01
  9.2500E-01  6.7500E-01  7.2754E-01
  9.2750E-01  6.7750E-01  7.2263E-01
  9.3000E-01  6.8000E-01  7.1776E-01
  9.3250E-01  6.8250E-01  7.1294E-01
  9.3500E-01  6.8500E-01  7.0815E-01
  9.3750E-01  6.8750E-01  7.0342E-01
  9.4000E-01  6.9000E-01  6.9872E-01
  9.4250E-01  6.9250E-01  6.9407E-01
  9.4500E-01  6.9500E-01  6.8946E-01
  9.4750E-01  6.9750E-01  6.8489E-01
  9.5000E-01  7.0000E-01  6.8036E-01
  9.5250E-01  7.0250E-01  6.7587E-01
  9.5500E-01  7.0500E-01  6.7142E-01
  9.5750E-01  7.0750E-01  6.6701E-01
  9.6000E-01  7.1000E-01  6.6264E-01
  9.6250E-01  7.1250E-01  6.5831E-01
  9.6500E-01  7.1500E-01  6.5401E-01
  9.6750E-01  7.1750E-01  6.4975E-01
  9.7000E-01  7.2000E-01  6.4554E-01
  9.7250E-01  7.2250E-01  6.4135E-01
  9.7500E-01  7.2500E-01  6.3721E-01
  9.7750E-01  7.2750E-01  6.3310E-01
  9.8000E-01  7.3000E-01  6.2902E-01
  9.8250E-01  7.3250E-01  6.2499E-01
  9.8500E-01  7.3500E-01  6.2098E-01
  9.8750E-01  7.3750E-01  6.1701E-01
  9.9000E-01  7.4000E-01  6.1308E-01
  9.9250E-01  7.4250E-01  6.0917E-01
  9.9500E-01  7.4500E-01  6.0531E-01
  9.9750E-01  7.4750E-01  6.0147E-01
  1.0000E+00  7.5000E-01  5.9767E-01
  1.0025E+00  7.5250E-01  5.9390E-01
  1.0050E+00  7.5500E-01  5.9016E-01
  1.0075E+00  7.5750E-01  5.8645E-01
  1.0100E+00  7.6000E-01  5.8278E-01
  1.0125E+00  7.6250E-01  5.7914E-01
  1.0150E+00  7.6500E-01  5.7552E-01
  1.0175E+00  7.6750E-01  5.7194E-01
  1.0200E+00  7.7000E-01  5.6838E-01
  1.0225E+00  7.7250E-01  5.6486E-01
  1.0250E+00  7.7500E-01  5.6137E-01
  1.0275E+00  7.7750E-01  5.5790E-01
  1.0300E+00  7.8000E-01  5.5446E-01
  1.0325E+00  7.8250E-01  5.5106E-01
  1.0350E+00  7.8500E-01  5.4768E-01
  1.0375E+00  7.8750E-01  5.4433E-01
  1.0400E+00  7.9000E-01  5.4100E-01
  1.0425E+00  7.9250E-01  5.3770E-01
  1.0450E+00  7.9500E-01  5.3443E-01
  1.0475E+00  7.9750E-01  5.3119E-01
  1.0500E+00  8.0000E-01  5.2797E-01
  1.0525E+00  8.0250E-01  5.2478E-01
  1.0550E+00  8.0500E-01  5.2162E-01
  1.0575E+00  8.0750E-01  5.1848E-01
  1.0600E+00  8.1000E-01  5.1537E-01
  1.0625E+00  8.1250E-01  5.1228E-01
  1.0650E+00  8.1500E-01  5.0921E-01
  1.0675E+00  8.1750E-01  5.0617E-01
  1.0700E+00  8.2000E-01  5.0316E-01
  1.0725E+00  8.2250E-01  5.0017E-01
  1.0750E+00  8.2500E-01  4.9720E-01
  1.0775E+00  8.2750E-01  4.9426E-01
  1.0800E+00  8.3000E-01  4.9134E-01
  1.0825E+00  8.3250E-01  4.8844E-01
  1.0850E+00  8.3500E-01  4.8557E-01
  1.0875E+00  8.3750E-01  4.8272E-01
  1.0900E+00  8.4000E-01  4.7989E-01
  1.0925E+00  8.4250E-01  4.7708E-01
  1.0950E+00  8.4500E-01  4.7430E-01
  1.0975E+00  8.4750E-01  4.7154E-01
  1.1000E+00  8.5000E-01  4.6879E-01
  1.1025E+00  8.5250E-01  4.6607E-01
  1.1050E+00  8.5500E-01  4.6338E-01
  1.1075E+00  8.5750E-01  4.6070E-01
  1.1100E+00  8.6000E-01  4.5804E-01
  1.1125E+00  8.6250E-01  4.5541E-01
  1.1150E+00  8.6500E-01  4.5279E-01
  1.1175E+00  8.6750E-01  4.5020E-01
  1.1200E+00  8.7000E-01  4.4762E-01
  1.1225E+00  8.7250E-01  4.4507E-01
  1.1250E+00  8.7500E-01  4.4253E-01
  1.1275E+00  8.7750E-01  4.4001E-01
  1.1300E+00  8.8000E-01  4.3751E-01
  1.1325E+00  8.8250E-01  4.3504E-01
  1.1350E+00  8.8500E-01  4.3258E-01
  1.1375E+00  8.8750E-01  4.3014E-01
  1.1400E+00  8.9000E-01  4.2771E-01
  1.1425E+00  8.9250E-01  4.2531E-01
  1.1450E+00  8.9500E-01  4.2292E-01
  1.1475E+00  8.9750E-01  4.2056E-01
  1.1500E+00  9.0000E-01  4.1820E-01
  1.1525E+00  9.0250E-01  4.1587E-01
  1.1550E+00  9.0500E-01  4.1356E-01
  1.1575E+00  9.0750E-01  4.1126E-01
  1.1600E+00  9.1000E-01  4.0898E-01
  1.1625E+00  9.1250E-01  4.0671E-01
  1.1650E+00  9.1500E-01  4.0447E-01
  1.1675E+00  9.1750E-01  4.0224E-01
  1.1700E+00  9.2000E-01  4.0002E-01
  1.1725E+00  9.2250E-01  3.9782E-01
  1.1750E+00  9.2500E-01  3.9564E-01
  1.1775E+00  9.2750E-01  3.9348E-01
  1.1800E+00  9.3000E-01  3.9133E-01
  1.1825E+00  9.3250E-01  3.8920E-01
  1.1850E+00  9.3500E-01  3.8708E-01
  1.1875E+00  9.3750E-01  3.8497E-01
  1.1900E+00  9.4000E-01  3.8289E-01
  1.1925E+00  9.4250E-01  3.8081E-01
  1.1950E+00  9.4500E-01  3.7876E-01
  1.1975E+00  9.4750E-01  3.7672E-01
  1.2000E+00  9.5000E-01  3.7469E-01
  1.2025E+00  9.5250E-01  3.7268E-01
  1.2050E+00  9.5500E-01  3.7068E-01
  1.2075E+00  9.5750E-01  3.6869E-01
  1.2100E+00  9.6000E-01  3.6672E-01
  1.2125E+00  9.6250E-01  3.6477E-01
  1.2150E+00  9.6500E-01  3.6283E-01
  1.2175E+00  9.6750E-01  3.6090E-01
  1.2200E+00  9.7000E-01  3.5898E-01
  1.2225E+00  9.7250E-01  3.5708E-01
  1.2250E+00  9.7500E-01  3.5520E-01
  1.2275E+00  9.7750E-01  3.5332E-01
  1.2300E+00  9.8000E-01  3.5146E-01
  1.2325E+00  9.8250E-01  3.4962E-01
  1.2350E+00  9.8500E-01  3.4778E-01
  1.2375E+00  9.8750E-01  3.4596E-01
  1.2400E+00  9.9000E-01  3.4415E-01
  1.2425E+00  9.9250E-01  3.4235E-01
  1.2450E+00  9.9500E-01  3.4057E-01
  1.2475E+00  9.9750E-01  3.3880E-01
  1.2500E+00  1.0000E+00  3.3704E-01
  1.2525E+00  1.0025E+00  3.3530E-01
  1.2550E+00  1.0050E+00  3.3356E-01
  1.2575E+00  1.0075E+00  3.3184E-01
  1.2600E+00  1.0100E+00  3.3013E-01
  1.2625E+00  1.0125E+00  3.2843E-01
  1.2650E+00  1.0150E+00  3.2674E-01
  1.2675E+00  1.0175E+00  3.2507E-01
  1.2700E+00  1.0200E+00  3.2340E-01
  1.2725E+00  1.0225E+00  3.2175E-01
  1.2750E+00  1.0250E+00  3.2011E-01
  1.2775E+00  1.0275E+00  3.1848E-01
  1.2800E+00  1.0300E+00  3.1686E-01
  1.2825E+00  1.0325E+00  3.1525E-01
  1.2850E+00  1.0350E+00  3.1366E-01
  1.2875E+00  1.0375E+00  3.1207E-01
  1.2900E+00  1.0400E+00  3.1050E-01
  1.2925E+00  1.0425E+00  3.0893E-01
  1.2950E+00  1.0450E+00  3.0738E-01
  1.2975E+00  1.0475E+00  3.0583E-01
  1.3000E+00  1.0500E+00  3.0430E-01
  1.3025E+00  1.0525E+00  3.0278E-01
  1.3050E+00  1.0550E+00  3.0126E-01
  1.3075E+00  1.0575E+00  2.9976E-01
  1.3100E+00  1.0600E+00  2.9827E-01
  1.3125E+00  1.0625E+00  2.9679E-01
  1.3150E+00  1.0650E+00  2.9531E-01
  1.3175E+00  1.0675E+00  2.9385E-01
  1.3200E+00  1.0700E+00  2.9240E-01
  1.3225E+00  1.0725E+00  2.9095E-01
  1.3250E+00  1.0750E+00  2.8952E-01
  1.3275E+00  1.0775E+00  2.8810E-01
  1.3300E+00  1.0800E+00  2.8668E-01
  1.3325E+00  1.0825E+00  2.8527E-01
  1.3350E+00  1.0850E+00  2.8388E-01
  1.3375E+00  1.0875E+00  2.8249E-01
  1.3400E+00  1.0900E+00  2.8111E-01
  1.3425E+00  1.0925E+00  2.7974E-01
  1.3450E+00  1.0950E+00  2.7838E-01
  1.3475E+00  1.0975E+00  2.7703E-01
  1.3500E+00  1.1000E+00  2.7569E-01
  1.3525E+00  1.1025E+00  2.7435E-01
  1.3550E+00  1.1050E+00  2.7303E-01
  1.3575E+00  1.1075E+00  2.7171E-01
  1.3600E+00  1.1100E+00  2.7040E-01
  1.3625E+00  1.1125E+00  2.6910E-01
  1.3650E+00  1.1150E+00  2.6781E-01
  1.3675E+00  1.1175E+00  2.6653E-01
  1.3700E+00  1.1200E+00  2.6525E-01
  1.3725E+00  1.1225E+00  2.6398E-01
  1.3750E+00  1.1250E+00  2.6272E-01
  1.3775E+00  1.1275E+00  2.6147E-01
  1.3800E+00  1.1300E+00  2.6023E-01
  1.3825E+00  1.1325E+00  2.5899E-01
  1.3850E+00  1.1350E+00  2.5777E-01
  1.3875E+00  1.1375E+00  2.5655E-01
  1.3900E+00  1.1400E+00  2.5534E-01
  1.3925E+00  1.1425E+00  2.5413E-01
  1.3950E+00  1.1450E+00  2.5294E-01
  1.3975E+00  1.1475E+00  2.5175E-01
  1.4000E+00  1.1500E+00  2.5056E-01
  1.4025E+00  1.1525E+00  2.4939E-01
  1.4050E+00  1.1550E+00  2.4822E-01
  1.4075E+00  1.1575E+00  2.4706E-01
  1.4100E+00  1.1600E+00  2.4591E-01
  1.4125E+00  1.1625E+00  2.4477E-01
  1.4150E+00  1.1650E+00  2.4363E-01
  1.4175E+00  1.1675E+00  2.4250E-01
  1.4200E+00  1.1700E+00  2.4137E-01
  1.4225E+00  1.1725E+00  2.4026E-01
  1.4250E+00  1.1750E+00  2.3915E-01
  1.4275E+00  1.1775E+00  2.3804E-01
  1.4300E+00  1.1800E+00  2.3695E-01
  1.4325E+00  1.1825E+00  2.3586E-01
  1.4350E+00  1.1850E+00  2.3478E-01
  1.4375E+00  1.1875E+00  2.3370E-01
  1.4400E+00  1.1900E+00  2.3263E-01
  1.4425E+00  1.1925E+00  2.3157E-01
  1.4450E+00  1.1950E+00  2.3051E-01
  1.4475E+00  1.1975E+00  2.2946E-01
  1.4500E+00  1.2000E+00  2.2842E-01
  1.4525E+00  1.2025E+00  2.2738E-01
  1.4550E+00  1.2050E+00  2.2635E-01
  1.4575E+00  1.2075E+00  2.2532E-01
  1.4600E+00  1.2100E+00  2.2430E-01
  1.4625E+00  1.2125E+00  2.2329E-01
  1.4650E+00  1.2150E+00  2.2229E-01
  1.4675E+00  1.2175E+00  2.2128E-01
  1.4700E+00  1.2200E+00  2.2029E-01
  1.4725E+00  1.2225E+00  2.1930E-01
  1.4750E+00  1.2250E+00  2.1832E-01
  1.4775E+00  1.2275E+00  2.1734E-01
  1.4800E+00  1.2300E+00  2.1637E-01
  1.4825E+00  1.2325E+00  2.1541E-01
  1.4850E+00  1.2350E+00  2.1445E-01
  1.4875E+00  1.2375E+00  2.1349E-01
  1.4900E+00  1.2400E+00  2.1255E-01
  1.4925E+00  1.2425E+00  2.1160E-01
  1.4950E+00  1.2450E+00  2.1067E-01
  1.4975E+00  1.2475E+00  2.0974E-01
  1.5000E+00  1.2500E+00  2.0881E-01
  1.5025E+00  1.2525E+00  2.0789E-01
  1.5050E+00  1.2550E+00  2.0698E-01
  1.5075E+00  1.2575E+00  2.0607E-01
  1.5100E+00  1.2600E+00  2.0516E-01
  1.5125E+00  1.2625E+00  2.0426E-01
  1.5150E+00  1.2650E+00  2.0337E-01
  1.5175E+00  1.2675E+00  2.0248E-01
  1.5200E+00  1.2700E+00  2.0160E-01
  1.5225E+00  1.2725E+00  2.0072E-01
  1.5250E+00  1.2750E+00  1.9985E-01
  1.5275E+00  1.2775E+00  1.9898E-01
  1.5300E+00  1.2800E+00  1.9812E-01
  1.5325E+00  1.2825E+00  1.9726E-01
  1.5350E+00  1.2850E+00  1.9641E-01
  1.5375E+00  1.2875E+00  1.9556E-01
  1.5400E+00  1.2900E+00  1.9472E-01
  1.5425E+00  1.2925E+00  1.9388E-01
  1.5450E+00  1.2950E+00  1.9304E-01
  1.5475E+00  1.2975E+00  1.9222E-01
  1.5500E+00  1.3000E+00  1.9139E-01
  1.5525E+00  1.3025E+00  1.9057E-01
  1.5550E+00  1.3050E+00  1.8976E-01
  1.5575E+00  1.3075E+00  1.8895E-01
  1.5600E+00  1.3100E+00  1.8814E-01
  1.5625E+00  1.3125E+00  1.8734E-01
  1.5650E+00  1.3150E+00  1.8655E-01
  1.5675E+00  1.3175E+00  1.8575E-01
  1.5700E+00  1.3200E+00  1.8497E-01
  1.5725E+00  1.3225E+00  1.8418E-01
  1.5750E+00  1.3250E+00  1.8341E-01
  1.5775E+00  1.3275E+00  1.8263E-01
  1.5800E+00  1.3300E+00  1.8186E-01
  1.5825E+00  1.3325E+00  1.8110E-01
  1.5850E+00  1.3350E+00  1.8034E-01
  1.5875E+00  1.3375E+00  1.7958E-01
  1.5900E+00  1.3400E+00  1.7883E-01
  1.5925E+00  1.3425E+00  1.7808E-01
  1.5950E+00  1.3450E+00  1.7734E-01
  1.5975E+00  1.3475E+00  1.7660E-01
  1.6000E+00  1.3500E+00  1.7586E-01
  1.6025E+00  1.3525E+00  1.7513E-01
  1.6050E+00  1.3550E+00  1.7440E-01
  1.6075E+00  1.3575E+00  1.7368E-01
  1.6100E+00  1.3600E+00  1.7296E-01
  1.6125E+00  1.3625E+00  1.7224E-01
  1.6150E+00  1.3650E+00  1.7153E-01
  1.6175E+00  1.3675E+00  1.7082E-01
  1.6200E+00  1.3700E+00  1.7012E-01
  1.6225E+00  1.3725E+00  1.6942E-01
  1.6250E+00  1.3750E+00  1.6872E-01
  1.6275E+00  1.3775E+00  1.6803E-01
  1.6300E+00  1.3800E+00  1.6734E-01
  1.6325E+00  1.3825E+00  1.6666E-01
  1.6350E+00  1.3850E+00  1.6598E-01
  1.6375E+00  1.3875E+00  1.6530E-01
  1.6400E+00  1.3900E+00  1.6463E-01
  1.6425E+00  1.3925E+00  1.6396E-01
  1.6450E+00  1.3950E+00  1.6329E-01
  1.6475E+00  1.3975E+00  1.6263E-01
  1.6500E+00  1.4000E+00  1.6197E-01
  1.6525E+00  1.4025E+00  1.6131E-01
  1.6550E+00  1.4050E+00  1.6066E-01
  1.6575E+00  1.4075E+00  1.6001E-01
  1.6600E+00  1.4100E+00  1.5937E-01
  1.6625E+00  1.4125E+00  1.5873E-01
  1.6650E+00  1.4150E+00  1.5809E-01
  1.6675E+00  1.4175E+00  1.5745E-01
  1.6700E+00  1.4200E+00  1.5682E-01
  1.6725E+00  1.4225E+00  1.5619E-01
  1.6750E+00  1.4250E+00  1.5557E-01
  1.6775E+00  1.4275E+00  1.5495E-01
  1.6800E+00  1.4300E+00  1.5433E-01
  1.6825E+00  1.4325E+00  1.5372E-01
  1.6850E+00  1.4350E+00  1.5310E-01
  1.6875E+00  1.4375E+00  1.5250E-01
  1.6900E+00  1.4400E+00  1.5189E-01
  1.6925E+00  1.4425E+00  1.5129E-01
  1.6950E+00  1.4450E+00  1.5069E-01
  1.6975E+00  1.4475E+00  1.5009E-01
  1.7000E+00  1.4500E+00  1.4950E-01
  1.7025E+00  1.4525E+00  1.4891E-01
  1.7050E+00  1.4550E+00  1.4833E-01
  1.7075E+00  1.4575E+00  1.4774E-01
  1.7100E+00  1.4600E+00  1.4716E-01
  1.7125E+00  1.4625E+00  1.4659E-01
  1.7150E+00  1.4650E+00  1.4601E-01
  1.7175E+00  1.4675E+00  1.4544E-01
  1.7200E+00  1.4700E+00  1.4488E-01
  1.7225E+00  1.4725E+00  1.4431E-01
  1.7250E+00  1.4750E+00  1.4375E-01
  1.7275E+00  1.4775E+00  1.4319E-01
  1.7300E+00  1.4800E+00  1.4263E-01
  1.7325E+00  1.4825E+00  1.4208E-01
  1.7350E+00  1.4850E+00  1.4153E-01
  1.7375E+00  1.4875E+00  1.4098E-01
  1.7400E+00  1.4900E+00  1.4044E-01
  1.7425E+00  1.4925E+00  1.3989E-01
  1.7450E+00  1.4950E+00  1.3936E-01
  1.7475E+00  1.4975E+00  1.3882E-01
  1.7500E+00  1.5000E+00  1.3829E-01
  1.7525E+00  1.5025E+00  1.3775E-01
  1.7550E+00  1.5050E+00  1.3723E-01
  1.7575E+00  1.5075E+00  1.3670E-01
  1.7600E+00  1.5100E+00  1.3618E-01
  1.7625E+00  1.5125E+00  1.3566E-01
  1.7650E+00  1.5150E+00  1.3514E-01
  1.7675E+00  1.5175E+00  1.3462E-01
  1.7700E+00  1.5200E+00  1.3411E-01
  1.7725E+00  1.5225E+00  1.3360E-01
  1.7750E+00  1.5250E+00  1.3310E-01
  1.7775E+00  1.5275E+00  1.3259E-01
  1.7800E+00  1.5300E+00  1.3209E-01
  1.7825E+00  1.5325E+00  1.3159E-01
  1.7850E+00  1.5350E+00  1.3109E-01
  1.7875E+00  1.5375E+00  1.3060E-01
  1.7900E+00  1.5400E+00  1.3011E-01
  1.7925E+00  1.5425E+00  1.2962E-01
  1.7950E+00  1.5450E+00  1.2913E-01
  1.7975E+00  1.5475E+00  1.2864E-01
  1.8000E+00  1.5500E+00  1.2816E-01
  1.8025E+00  1.5525E+00  1.2768E-01
  1.8050E+00  1.5550E+00  1.2720E-01
  1.8075E+00  1.5575E+00  1.2673E-01
  1.8100E+00  1.5600E+00  1.2626E-01
  1.8125E+00  1.5625E+00  1.2579E-01
  1.8150E+00  1.5650E+00  1.2532E-01
  1.8175E+00  1.5675E+00  1.2485E-01
  1.8200E+00  1.5700E+00  1.2439E-01
  1.8225E+00  1.5725E+00  1.2393E-01
  1.8250E+00  1.5750E+00  1.2347E-01
  1.8275E+00  1.5775E+00  1.2301E-01
  1.8300E+00  1.5800E+00  1.2256E-01
  1.8325E+00  1.5825E+00  1.2211E-01
  1.8350E+00  1.5850E+00  1.2166E-01
  1.8375E+00  1.5875E+00  1.2121E-01
  1.8400E+00  1.5900E+00  1.2076E-01
  1.8425E+00  1.5925E+00  1.2032E-01
  1.8450E+00  1.5950E+00  1.1988E-01
  1.8475E+00  1.5975E+00  1.1944E-01
  1.8500E+00  1.6000E+00  1.1900E-01
  1.8525E+00  1.6025E+00  1.1857E-01
  1.8550E+00  1.6050E+00  1.1814E-01
  1.8575E+00  1.6075E+00  1.1771E-01
  1.8600E+00  1.6100E+00  1.1728E-01
  1.8625E+00  1.6125E+00  1.1685E-01
  1.8650E+00  1.6150E+00  1.1643E-01
  1.8675E+00  1.6175E+00  1.1600E-01
  1.8700E+00  1.6200E+00  1.1558E-01
  1.8725E+00  1.6225E+00  1.1517E-01
  1.8750E+00  1.6250E+00  1.1475E-01
  1.8775E+00  1.6275E+00  1.1434E-01
  1.8800E+00  1.6300E+00  1.1392E-01
  1.8825E+00  1.6325E+00  1.1351E-01
  1.8850E+00  1.6350E+00  1.1310E-01
  1.8875E+00  1.6375E+00  1.1270E-01
  1.8900E+00  1.6400E+00  1.1229E-01
  1.8925E+00  1.6425E+00  1.1189E-01
  1.8950E+00  1.6450E+00  1.1149E-01
  1.8975E+00  1.6475E+00  1.1109E-01
  1.9000E+00  1.6500E+00  1.1070E-01
  1.9025E+00  1.6525E+00  1.1030E-01
  1.9050E+00  1.6550E+00  1.0991E-01
  1.9075E+00  1.6575E+00  1.0952E-01
  1.9100E+00  1.6600E+00  1.0913E-01
  1.9125E+00  1.6625E+00  1.0874E-01
  1.9150E+00  1.6650E+00  1.0836E-01
  1.9175E+00  1.6675E+00  1.0797E-01
  1.9200E+00  1.6700E+00  1.0759E-01
  1.9225E+00  1.6725E+00  1.0721E-01
  1.9250E+00  1.6750E+00  1.0683E-01
  1.9275E+00  1.6775E+00  1.0645E-01
  1.9300E+00  1.6800E+00  1.0608E-01
  1.9325E+00  1.6825E+00  1.0571E-01
  1.9350E+00  1.6850E+00  1.0534E-01
  1.9375E+00  1.6875E+00  1.0497E-01
  1.9400E+00  1.6900E+00  1.0460E-01
  1.9425E+00  1.6925E+00  1.0423E-01
  1.9450E+00  1.6950E+00  1.0387E-01
  1.9475E+00  1.6975E+00  1.0350E-01
  1.9500E+00  1.7000E+00  1.0314E-01
  1.9525E+00  1.7025E+00  1.0278E-01
  1.9550E+00  1.7050E+00  1.0243E-01
  1.9575E+00  1.7075E+00  1.0207E-01
  1.9600E+00  1.7100E+00  1.0172E-01
  1.9625E+00  1.7125E+00  1.0136E-01
  1.9650E+00  1.7150E+00  1.0101E-01
  1.9675E+00  1.7175E+00  1.0066E-01
  1.9700E+00  1.7200E+00  1.0031E-01
  1.9725E+00  1.7225E+00  9.9968E-02
  1.9750E+00  1.7250E+00  9.9623E-02
  1.9775E+00  1.7275E+00  9.9280E-02
  1.9800E+00  1.7300E+00  9.8939E-02
  1.9825E+00  1.7325E+00  9.8599E-02
  1.9850E+00  1.7350E+00  9.8260E-02
  1.9875E+00  1.7375E+00  9.7923E-02
  1.9900E+00  1.7400E+00  9.7588E-02
  1.9925E+00  1.7425E+00  9.7254E-02
  1.9950E+00  1.7450E+00  9.6922E-02
  1.9975E+00  1.7475E+00  9.6591E-02
  2.0000E+00  1.7500E+00  9.6261E-02
  2.0025E+00  1.7525E+00  9.5934E-02
  2.0050E+00  1.7550E+00  9.5607E-02
  2.0075E+00  1.7575E+00  9.5283E-02
  2.0100E+00  1.7600E+00  9.4959E-02
  2.0125E+00  1.7625E+00  9.4637E-02
  2.0150E+00  1.7650E+00  9.4317E-02
  2.0175E+00  1.7675E+00  9.3998E-02
  2.0200E+00  1.7700E+00  9.3680E-02
  2.0225E+00  1.7725E+00  9.3364E-02
  2.0250E+00  1.7750E+00  9.3049E-02
  2.0275E+00  1.7775E+00  9.2736E-02
  2.0300E+00  1.7800E+00  9.2424E-02
  2.0325E+00  1.7825E+00  9.2113E-02
  2.0350E+00  1.7850E+00  9.1804E-02
  2.0375E+00  1.7875E+00  9.1496E-02
  2.0400E+00  1.7900E+00  9.1190E-02
  2.0425E+00  1.7925E+00  9.0884E-02
  2.0450E+00  1.7950E+00  9.0581E-02
  2.0475E+00  1.7975E+00  9.0278E-02
  2.0500E+00  1.8000E+00  8.9977E-02
  2.0525E+00  1.8025E+00  8.9678E-02
  2.0550E+00  1.8050E+00  8.9379E-02
  2.0575E+00  1.8075E+00  8.9082E-02
  2.0600E+00  1.8100E+00  8.8786E-02
  2.0625E+00  1.8125E+00  8.8492E-02
  2.0650E+00  1.8150E+00  8.8199E-02
  2.0675E+00  1.8175E+00  8.7907E-02
  2.0700E+00  1.8200E+00  8.7616E-02
  2.0725E+00  1.8225E+00  8.7327E-02
  2.0750E+00  1.8250E+00  8.7039E-02
  2.0775E+00  1.8275E+00  8.6752E-02
  2.0800E+00  1.8300E+00  8.6467E-02
  2.0825E+00  1.8325E+00  8.6183E-02
  2.0850E+00  1.8350E+00  8.5900E-02
  2.0875E+00  1.8375E+00  8.5618E-02
  2.0900E+00  1.8400E+00  8.5337E-02
  2.0925E+00  1.8425E+00  8.5058E-02
  2.0950E+00  1.8450E+00  8.4780E-02
  2.0975E+00  1.8475E+00  8.4503E-02
  2.1000E+00  1.8500E+00  8.4227E-02
  2.1025E+00  1.8525E+00  8.3953E-02
  2.1050E+00  1.8550E+00  8.3679E-02
  2.1075E+00  1.8575E+00  8.3407E-02
  2.1100E+00  1.8600E+00  8.3136E-02
  2.1125E+00  1.8625E+00  8.2866E-02
  2.1150E+00  1.8650E+00  8.2598E-02
  2.1175E+00  1.8675E+00  8.2330E-02
  2.1200E+00  1.8700E+00  8.2064E-02
  2.1225E+00  1.8725E+00  8.1799E-02
  2.1250E+00  1.8750E+00  8.1535E-02
  2.1275E+00  1.8775E+00  8.1272E-02
  2.1300E+00  1.8800E+00  8.1010E-02
  2.1325E+00  1.8825E+00  8.0749E-02
  2.1350E+00  1.8850E+00  8.0490E-02
  2.1375E+00  1.8875E+00  8.0231E-02
  2.1400E+00  1.8900E+00  7.9974E-02
  2.1425E+00  1.8925E+00  7.9718E-02
  2.1450E+00  1.8950E+00  7.9462E-02
  2.1475E+00  1.8975E+00  7.9208E-02
  2.1500E+00  1.9000E+00  7.8955E-02
  2.1525E+00  1.9025E+00  7.8703E-02
  2.1550E+00  1.9050E+00  7.8453E-02
  2.1575E+00  1.9075E+00  7.8203E-02
  2.1600E+00  1.9100E+00  7.7954E-02
  2.1625E+00  1.9125E+00  7.7706E-02
  2.1650E+00  1.9150E+00  7.7459E-02
  2.1675E+00  1.9175E+00  7.7214E-02
  2.1700E+00  1.9200E+00  7.6969E-02
  2.1725E+00  1.9225E+00  7.6726E-02
  2.1750E+00  1.9250E+00  7.6483E-02
  2.1775E+00  1.9275E+00  7.6242E-02
  2.1800E+00  1.9300E+00  7.6001E-02
  2.1825E+00  1.9325E+00  7.5762E-02
  2.1850E+00  1.9350E+00  7.5523E-02
  2.1875E+00  1.9375E+00  7.5286E-02
  2.1900E+00  1.9400E+00  7.5049E-02
  2.1925E+00  1.9425E+00  7.4814E-02
  2.1950E+00  1.9450E+00  7.4579E-02
  2.1975E+00  1.9475E+00  7.4346E-02
  2.2000E+00  1.9500E+00  7.4113E-02
  2.2025E+00  1.9525E+00  7.3881E-02
  2.2050E+00  1.9550E+00  7.3651E-02
  2.2075E+00  1.9575E+00  7.3421E-02
  2.2100E+00  1.9600E+00  7.3192E-02
  2.2125E+00  1.9625E+00  7.2965E-02
  2.2150E+00  1.9650E+00  7.2738E-02
  2.2175E+00  1.9675E+00  7.2512E-02
  2.2200E+00  1.9700E+00  7.2287E-02
  2.2225E+00  1.9725E+00  7.2063E-02
  2.2250E+00  1.9750E+00  7.1839E-02
  2.2275E+00  1.9775E+00  7.1617E-02
  2.2300E+00  1.9800E+00  7.1396E-02
  2.2325E+00  1.9825E+00  7.1176E-02
  2.2350E+00  1.9850E+00  7.0956E-02
  2.2375E+00  1.9875E+00  7.0737E-02
  2.2400E+00  1.9900E+00  7.0520E-02
  2.2425E+00  1.9925E+00  7.0303E-02
  2.2450E+00  1.9950E+00  7.0087E-02
  2.2475E+00  1.9975E+00  6.9872E-02
  2.2500E+00  2.0000E+00  6.9658E-02
  2.2525E+00  2.0025E+00  6.9444E-02
  2.2550E+00  2.0050E+00  6.9232E-02
  2.2575E+00  2.0075E+00  6.9020E-02
  2.2600E+00  2.0100E+00  6.8810E-02
  2.2625E+00  2.0125E+00  6.8600E-02
  2.2650E+00  2.0150E+00  6.8391E-02
  2.2675E+00  2.0175E+00  6.8182E-02
  2.2700E+00  2.0200E+00  6.7975E-02
  2.2725E+00  2.0225E+00  6.7769E-02
  2.2750E+00  2.0250E+00  6.7563E-02
  2.2775E+00  2.0275E+00  6.7358E-02
  2.2800E+00  2.0300E+00  6.7154E-02
  2.2825E+00  2.0325E+00  6.6951E-02
  2.2850E+00  2.0350E+00  6.6748E-02
  2.2875E+00  2.0375E+00  6.6547E-02
  2.2900E+00  2.0400E+00  6.6346E-02
  2.2925E+00  2.0425E+00  6.6146E-02
  2.2950E+00  2.0450E+00  6.5947E-02
  2.2975E+00  2.0475E+00  6.5749E-02
  2.3000E+00  2.0500E+00  6.5551E-02
  2.3025E+00  2.0525E+00  6.5354E-02
  2.3050E+00  2.0550E+00  6.5158E-02
  2.3075E+00  2.0575E+00  6.4963E-02
  2.3100E+00  2.0600E+00  6.4768E-02
  2.3125E+00  2.0625E+00  6.4575E-02
  2.3150E+00  2.0650E+00  6.4382E-02
  2.3175E+00  2.0675E+00  6.4190E-02
  2.3200E+00  2.0700E+00  6.3998E-02
  2.3225E+00  2.0725E+00  6.3808E-02
  2.3250E+00  2.0750E+00  6.3618E-02
  2.3275E+00  2.0775E+00  6.3429E-02
  2.3300E+00  2.0800E+00  6.3240E-02
  2.3325E+00  2.0825E+00  6.3052E-02
  2.3350E+00  2.0850E+00  6.2866E-02
  2.3375E+00  2.0875E+00  6.2679E-02
  2.3400E+00  2.0900E+00  6.2494E-02
  2.3425E+00  2.0925E+00  6.2309E-02
  2.3450E+00  2.0950E+00  6.2125E-02
  2.3475E+00  2.0975E+00  6.1942E-02
  2.3500E+00  2.1000E+00  6.1759E-02
  2.3525E+00  2.1025E+00  6.1578E-02
  2.3550E+00  2.1050E+00  6.1397E-02
  2.3575E+00  2.1075E+00  6.1216E-02
  2.3600E+00  2.1100E+00  6.1036E-02
  2.3625E+00  2.1125E+00  6.0857E-02
  2.3650E+00  2.1150E+00  6.0679E-02
  2.3675E+00  2.1175E+00  6.0501E-02
  2.3700E+00  2.1200E+00  6.0324E-02
  2.3725E+00  2.1225E+00  6.0148E-02
  2.3750E+00  2.1250E+00  5.9973E-02
  2.3775E+00  2.1275E+00  5.9798E-02
  2.3800E+00  2.1300E+00  5.9623E-02
  2.3825E+00  2.1325E+00  5.9450E-02
  2.3850E+00  2.1350E+00  5.9277E-02
  2.3875E+00  2.1375E+00  5.9105E-02
  2.3900E+00  2.1400E+00  5.8933E-02
  2.3925E+00  2.1425E+00  5.8762E-02
  2.3950E+00  2.1450E+00  5.8592E-02
  2.3975E+00  2.1475E+00  5.8423E-02
  2.4000E+00  2.1500E+00  5.8254E-02
  2.4025E+00  2.1525E+00  5.8085E-02
  2.4050E+00  2.1550E+00  5.7918E-02
  2.4075E+00  2.1575E+00  5.7751E-02
  2.4100E+00  2.1600E+00  5.7584E-02
  2.4125E+00  2.1625E+00  5.7419E-02
  2.4150E+00  2.1650E+00  5.7254E-02
  2.4175E+00  2.1675E+00  5.7089E-02
  2.4200E+00  2.1700E+00  5.6925E-02
  2.4225E+00  2.1725E+00  5.6762E-02
  2.4250E+00  2.1750E+00  5.6600E-02
  2.4275E+00  2.1775E+00  5.6438E-02
  2.4300E+00  2.1800E+00  5.6276E-02
  2.4325E+00  2.1825E+00  5.6115E-02
  2.4350E+00  2.1850E+00  5.5955E-02
  2.4375E+00  2.1875E+00  5.5796E-02
  2.4400E+00  2.1900E+00  5.5637E-02
  2.4425E+00  2.1925E+00  5.5478E-02
  2.4450E+00  2.1950E+00  5.5321E-02
  2.4475E+00  2.1975E+00  5.5164E-02
  2.4500E+00  2.2000E+00  5.5007E-02
  2.4525E+00  2.2025E+00  5.4851E-02
  2.4550E+00  2.2050E+00  5.4696E-02
  2.4575E+00  2.2075E+00  5.4541E-02
  2.4600E+00  2.2100E+00  5.4387E-02
  2.4625E+00  2.2125E+00  5.4233E-02
  2.4650E+00  2.2150E+00  5.4080E-02
  2.4675E+00  2.2175E+00  5.3928E-02
  2.4700E+00  2.2200E+00  5.3776E-02
  2.4725E+00  2.2225E+00  5.3624E-02
  2.4750E+00  2.2250E+00  5.3473E-02
  2.4775E+00  2.2275E+00  5.3323E-02
  2.4800E+00  2.2300E+00  5.3174E-02
  2.4825E+00  2.2325E+00  5.3025E-02
  2.4850E+00  2.2350E+00  5.2876E-02
  2.4875E+00  2.2375E+00  5.2728E-02
  2.4900E+00  2.2400E+00  5.2580E-02
  2.4925E+00  2.2425E+00  5.2434E-02
  2.4950E+00  2.2450E+00  5.2287E-02
  2.4975E+00  2.2475E+00  5.2141E-02
  2.5000E+00  2.2500E+00  5.1996E-02
  2.5025E+00  2.2525E+00  5.1851E-02
  2.5050E+00  2.2550E+00  5.1707E-02
  2.5075E+00  2.2575E+00  5.1563E-02
  2.5100E+00  2.2600E+00  5.1420E-02
  2.5125E+00  2.2625E+00  5.1278E-02
  2.5150E+00  2.2650E+00  5.1135E-02
  2.5175E+00  2.2675E+00  5.0994E-02
  2.5200E+00  2.2700E+00  5.0853E-02
  2.5225E+00  2.2725E+00  5.0712E-02
  2.5250E+00  2.2750E+00  5.0572E-02
  2.5275E+00  2.2775E+00  5.0433E-02
  2.5300E+00  2.2800E+00  5.0294E-02
  2.5325E+00  2.2825E+00  5.0155E-02
  2.5350E+00  2.2850E+00  5.0017E-02
  2.5375E+00  2.2875E+00  4.9880E-02
  2.5400E+00  2.2900E+00  4.9743E-02
  2.5425E+00  2.2925E+00  4.9606E-02
  2.5450E+00  2.2950E+00  4.9470E-02
  2.5475E+00  2.2975E+00  4.9335E-02
  2.5500E+00  2.3000E+00  4.9200E-02
  2.5525E+00  2.3025E+00  4.9065E-02
  2.5550E+00  2.3050E+00  4.8931E-02
  2.5575E+00  2.3075E+00  4.8798E-02
  2.5600E+00  2.3100E+00  4.8665E-02
  2.5625E+00  2.3125E+00  4.8532E-02
  2.5650E+00  2.3150E+00  4.8400E-02
  2.5675E+00  2.3175E+00  4.8268E-02
  2.5700E+00  2.3200E+00  4.8137E-02
  2.5725E+00  2.3225E+00  4.8006E-02
  2.5750E+00  2.3250E+00  4.7876E-02
  2.5775E+00  2.3275E+00  4.7746E-02
  2.5800E+00  2.3300E+00  4.7617E-02
  2.5825E+00  2.3325E+00  4.7488E-02
  2.5850E+00  2.3350E+00  4.7360E-02
  2.5875E+00  2.3375E+00  4.7232E-02
  2.5900E+00  2.3400E+00  4.7105E-02
  2.5925E+00  2.3425E+00  4.6978E-02
  2.5950E+00  2.3450E+00  4.6851E-02
  2.5975E+00  2.3475E+00  4.6725E-02
  2.6000E+00  2.3500E+00  4.6599E-02
  2.6025E+00  2.3525E+00  4.6474E-02
  2.6050E+00  2.3550E+00  4.6349E-02
  2.6075E+00  2.3575E+00  4.6225E-02
  2.6100E+00  2.3600E+00  4.6101E-02
  2.6125E+00  2.3625E+00  4.5978E-02
  2.6150E+00  2.3650E+00  4.5855E-02
  2.6175E+00  2.3675E+00  4.5732E-02
  2.6200E+00  2.3700E+00  4.5610E-02
  2.6225E+00  2.3725E+00  4.5489E-02
  2.6250E+00  2.3750E+00  4.5367E-02
  2.6275E+00  2.3775E+00  4.5247E-02
  2.6300E+00  2.3800E+00  4.5126E-02
  2.6325E+00  2.3825E+00  4.5006E-02
  2.6350E+00  2.3850E+00  4.4886E-02
  2.6375E+00  2.3875E+00  4.4767E-02
  2.6400E+00  2.3900E+00  4.4649E-02
  2.6425E+00  2.3925E+00  4.4530E-02
  2.6450E+00  2.3950E+00  4.4412E-02
  2.6475E+00  2.3975E+00  4.4295E-02
  2.6500E+00  2.4000E+00  4.4178E-02
  2.6525E+00  2.4025E+00  4.4061E-02
  2.6550E+00  2.4050E+00  4.3945E-02
  2.6575E+00  2.4075E+00  4.3829E-02
  2.6600E+00  2.4100E+00  4.3714E-02
  2.6625E+00  2.4125E+00  4.3599E-02
  2.6650E+00  2.4150E+00  4.3484E-02
  2.6675E+00  2.4175E+00  4.3370E-02
  2.6700E+00  2.4200E+00  4.3256E-02
  2.6725E+00  2.4225E+00  4.3143E-02
  2.6750E+00  2.4250E+00  4.3030E-02
  2.6775E+00  2.4275E+00  4.2917E-02
  2.6800E+00  2.4300E+00  4.2805E-02
  2.6825E+00  2.4325E+00  4.2693E-02
  2.6850E+00  2.4350E+00  4.2581E-02
  2.6875E+00  2.4375E+00  4.2470E-02
  2.6900E+00  2.4400E+00  4.2360E-02
  2.6925E+00  2.4425E+00  4.2249E-02
  2.6950E+00  2.4450E+00  4.2139E-02
  2.6975E+00  2.4475E+00  4.2030E-02
  2.7000E+00  2.4500E+00  4.1921E-02
  2.7025E+00  2.4525E+00  4.1812E-02
  2.7050E+00  2.4550E+00  4.1703E-02
  2.7075E+00  2.4575E+00  4.1595E-02
  2.7100E+00  2.4600E+00  4.1487E-02
  2.7125E+00  2.4625E+00  4.1380E-02
  2.7150E+00  2.4650E+00  4.1273E-02
  2.7175E+00  2.4675E+00  4.1167E-02
  2.7200E+00  2.4700E+00  4.1060E-02
  2.7225E+00  2.4725E+00  4.0954E-02
  2.7250E+00  2.4750E+00  4.0849E-02
  2.7275E+00  2.4775E+00  4.0744E-02
  2.7300E+00  2.4800E+00  4.0639E-02
  2.7325E+00  2.4825E+00  4.0535E-02
  2.7350E+00  2.4850E+00  4.0430E-02
  2.7375E+00  2.4875E+00  4.0327E-02
  2.7400E+00  2.4900E+00  4.0223E-02
  2.7425E+00  2.4925E+00  4.0120E-02
  2.7450E+00  2.4950E+00  4.0018E-02
  2.7475E+00  2.4975E+00  3.9915E-02
    2    1    1    2  :(2S+1) L pi n
 -2.50000E-01    1000
  2.5000E-01  0.0000E+00  1.3548E+01
  2.5250E-01  2.5000E-03  1.3141E+01
  2.5500E-01  5.0000E-03  1.2750E+01
  2.5750E-01  7.5000E-03  1.2374E+01
  2.6000E-01  1.0000E-02  1.2012E+01
  2.6250E-01  1.2500E-02  1.1664E+01
  2.6500E-01  1.5000E-02  1.1328E+01
  2.6750E-01  1.7500E-02  1.1005E+01
  2.7000E-01  2.0000E-02  1.0694E+01
  2.7250E-01  2.2500E-02  1.0394E+01
  2.7500E-01  2.5000E-02  1.0105E+01
  2.7750E-01  2.7500E-02  9.8256E+00
  2.8000E-01  3.0000E-02  9.5564E+00
  2.8250E-01  3.2500E-02  9.2967E+00
  2.8500E-01  3.5000E-02  9.0460E+00
  2.8750E-01  3.7500E-02  8.8039E+00
  2.9000E-01  4.0000E-02  8.5701E+00
  2.9250E-01  4.2500E-02  8.3442E+00
  2.9500E-01  4.5000E-02  8.1260E+00
  2.9750E-01  4.7500E-02  7.9150E+00
  3.0000E-01  5.0000E-02  7.7110E+00
  3.0250E-01  5.2500E-02  7.5138E+00
  3.0500E-01  5.5000E-02  7.3229E+00
  3.0750E-01  5.7500E-02  7.1383E+00
  3.1000E-01  6.0000E-02  6.9596E+00
  3.1250E-01  6.2500E-02  6.7866E+00
  3.1500E-01  6.5000E-02  6.6191E+00
  3.1750E-01  6.7500E-02  6.4569E+00
  3.2000E-01  7.0000E-02  6.2997E+00
  3.2250E-01  7.2500E-02  6.1475E+00
  3.2500E-01  7.5000E-02  5.9999E+00
  3.2750E-01  7.7500E-02  5.8568E+00
  3.3000E-01  8.0000E-02  5.7181E+00
  3.3250E-01  8.2500E-02  5.5836E+00
  3.3500E-01  8.5000E-02  5.4531E+00
  3.3750E-01  8.7500E-02  5.3266E+00
  3.4000E-01  9.0000E-02  5.2037E+00
  3.4250E-01  9.2500E-02  5.0845E+00
  3.4500E-01  9.5000E-02  4.9687E+00
  3.4750E-01  9.7500E-02  4.8563E+00
  3.5000E-01  1.0000E-01  4.7472E+00
  3.5250E-01  1.0250E-01  4.6412E+00
  3.5500E-01  1.0500E-01  4.5382E+00
  3.5750E-01  1.0750E-01  4.4381E+00
  3.6000E-01  1.1000E-01  4.3408E+00
  3.6250E-01  1.1250E-01  4.2462E+00
  3.6500E-01  1.1500E-01  4.1543E+00
  3.6750E-01  1.1750E-01  4.0649E+00
  3.7000E-01  1.2000E-01  3.9779E+00
  3.7250E-01  1.2250E-01  3.8933E+00
  3.7500E-01  1.2500E-01  3.8110E+00
  3.7750E-01  1.2750E-01  3.7310E+00
  3.8000E-01  1.3000E-01  3.6530E+00
  3.8250E-01  1.3250E-01  3.5772E+00
  3.8500E-01  1.3500E-01  3.5033E+00
  3.8750E-01  1.3750E-01  3.4314E+00
  3.9000E-01  1.4000E-01  3.3614E+00
  3.9250E-01  1.4250E-01  3.2931E+00
  3.9500E-01  1.4500E-01  3.2267E+00
  3.9750E-01  1.4750E-01  3.1619E+00
  4.0000E-01  1.5000E-01  3.0988E+00
  4.0250E-01  1.5250E-01  3.0373E+00
  4.0500E-01  1.5500E-01  2.9774E+00
  4.0750E-01  1.5750E-01  2.9190E+00
  4.1000E-01  1.6000E-01  2.8620E+00
  4.1250E-01  1.6250E-01  2.8064E+00
  4.1500E-01  1.6500E-01  2.7522E+00
  4.1750E-01  1.6750E-01  2.6994E+00
  4.2000E-01  1.7000E-01  2.6478E+00
  4.2250E-01  1.7250E-01  2.5975E+00
  4.2500E-01  1.7500E-01  2.5484E+00
  4.2750E-01  1.7750E-01  2.5005E+00
  4.3000E-01  1.8000E-01  2.4537E+00
  4.3250E-01  1.8250E-01  2.4080E+00
  4.3500E-01  1.8500E-01  2.3634E+00
  4.3750E-01  1.8750E-01  2.3199E+00
  4.4000E-01  1.9000E-01  2.2774E+00
  4.4250E-01  1.9250E-01  2.2359E+00
  4.4500E-01  1.9500E-01  2.1953E+00
  4.4750E-01  1.9750E-01  2.1557E+00
  4.5000E-01  2.0000E-01  2.1169E+00
  4.5250E-01  2.0250E-01  2.0791E+00
  4.5500E-01  2.0500E-01  2.0421E+00
  4.5750E-01  2.0750E-01  2.0060E+00
  4.6000E-01  2.1000E-01  1.9707E+00
  4.6250E-01  2.1250E-01  1.9361E+00
  4.6500E-01  2.1500E-01  1.9024E+00
  4.6750E-01  2.1750E-01  1.8693E+00
  4.7000E-01  2.2000E-01  1.8370E+00
  4.7250E-01  2.2250E-01  1.8055E+00
  4.7500E-01  2.2500E-01  1.7746E+00
  4.7750E-01  2.2750E-01  1.7443E+00
  4.8000E-01  2.3000E-01  1.7148E+00
  4.8250E-01  2.3250E-01  1.6858E+00
  4.8500E-01  2.3500E-01  1.6575E+00
  4.8750E-01  2.3750E-01  1.6298E+00
  4.9000E-01  2.4000E-01  1.6027E+00
  4.9250E-01  2.4250E-01  1.5761E+00
  4.9500E-01  2.4500E-01  1.5501E+00
  4.9750E-01  2.4750E-01  1.5247E+00
  5.0000E-01  2.5000E-01  1.4998E+00
  5.0250E-01  2.5250E-01  1.4754E+00
  5.0500E-01  2.5500E-01  1.4515E+00
  5.0750E-01  2.5750E-01  1.4281E+00
  5.1000E-01  2.6000E-01  1.4051E+00
  5.1250E-01  2.6250E-01  1.3827E+00
  5.1500E-01  2.6500E-01  1.3607E+00
  5.1750E-01  2.6750E-01  1.3391E+00
  5.2000E-01  2.7000E-01  1.3180E+00
  5.2250E-01  2.7250E-01  1.2973E+00
  5.2500E-01  2.7500E-01  1.2770E+00
  5.2750E-01  2.7750E-01  1.2571E+00
  5.3000E-01  2.8000E-01  1.2376E+00
  5.3250E-01  2.8250E-01  1.2185E+00
  5.3500E-01  2.8500E-01  1.1997E+00
  5.3750E-01  2.8750E-01  1.1814E+00
  5.4000E-01  2.9000E-01  1.1633E+00
  5.4250E-01  2.9250E-01  1.1457E+00
  5.4500E-01  2.9500E-01  1.1284E+00
  5.4750E-01  2.9750E-01  1.1114E+00
  5.5000E-01  3.0000E-01  1.0947E+00
  5.5250E-01  3.0250E-01  1.0783E+00
  5.5500E-01  3.0500E-01  1.0623E+00
  5.5750E-01  3.0750E-01  1.0465E+00
  5.6000E-01  3.1000E-01  1.0311E+00
  5.6250E-01  3.1250E-01  1.0159E+00
  5.6500E-01  3.1500E-01  1.0010E+00
  5.6750E-01  3.1750E-01  9.8645E-01
  5.7000E-01  3.2000E-01  9.7212E-01
  5.7250E-01  3.2250E-01  9.5805E-01
  5.7500E-01  3.2500E-01  9.4424E-01
  5.7750E-01  3.2750E-01  9.3068E-01
  5.8000E-01  3.3000E-01  9.1737E-01
  5.8250E-01  3.3250E-01  9.0430E-01
  5.8500E-01  3.3500E-01  8.9147E-01
  5.8750E-01  3.3750E-01  8.7886E-01
  5.9000E-01  3.4000E-01  8.6649E-01
  5.9250E-01  3.4250E-01  8.5433E-01
  5.9500E-01  3.4500E-01  8.4239E-01
  5.9750E-01  3.4750E-01  8.3066E-01
  6.0000E-01  3.5000E-01  8.1913E-01
  6.0250E-01  3.5250E-01  8.0781E-01
  6.0500E-01  3.5500E-01  7.9669E-01
  6.0750E-01  3.5750E-01  7.8576E-01
  6.1000E-01  3.6000E-01  7.7502E-01
  6.1250E-01  3.6250E-01  7.6447E-01
  6.1500E-01  3.6500E-01  7.5410E-01
  6.1750E-01  3.6750E-01  7.4390E-01
  6.2000E-01  3.7000E-01  7.3388E-01
  6.2250E-01  3.7250E-01  7.2403E-01
  6.2500E-01  3.7500E-01  7.1435E-01
  6.2750E-01  3.7750E-01  7.0484E-01
  6.3000E-01  3.8000E-01  6.9548E-01
  6.3250E-01  3.8250E-01  6.8628E-01
  6.3500E-01  3.8500E-01  6.7723E-01
  6.3750E-01  3.8750E-01  6.6834E-01
  6.4000E-01  3.9000E-01  6.5959E-01
  6.4250E-01  3.9250E-01  6.5099E-01
  6.4500E-01  3.9500E-01  6.4253E-01
  6.4750E-01  3.9750E-01  6.3420E-01
  6.5000E-01  4.0000E-01  6.2602E-01
  6.5250E-01  4.0250E-01  6.1797E-01
  6.5500E-01  4.0500E-01  6.1005E-01
  6.5750E-01  4.0750E-01  6.0225E-01
  6.6000E-01  4.1000E-01  5.9459E-01
  6.6250E-01  4.1250E-01  5.8704E-01
  6.6500E-01  4.1500E-01  5.7962E-01
  6.6750E-01  4.1750E-01  5.7232E-01
  6.7000E-01  4.2000E-01  5.6513E-01
  6.7250E-01  4.2250E-01  5.5806E-01
  6.7500E-01  4.2500E-01  5.5110E-01
  6.7750E-01  4.2750E-01  5.4424E-01
  6.8000E-01  4.3000E-01  5.3750E-01
  6.8250E-01  4.3250E-01  5.3086E-01
  6.8500E-01  4.3500E-01  5.2433E-01
  6.8750E-01  4.3750E-01  5.1789E-01
  6.9000E-01  4.4000E-01  5.1156E-01
  6.9250E-01  4.4250E-01  5.0532E-01
  6.9500E-01  4.4500E-01  4.9918E-01
  6.9750E-01  4.4750E-01  4.9314E-01
  7.0000E-01  4.5000E-01  4.8719E-01
  7.0250E-01  4.5250E-01  4.8132E-01
  7.0500E-01  4.5500E-01  4.7555E-01
  7.0750E-01  4.5750E-01  4.6987E-01
  7.1000E-01  4.6000E-01  4.6427E-01
  7.1250E-01  4.6250E-01  4.5875E-01
  7.1500E-01  4.6500E-01  4.5332E-01
  7.1750E-01  4.6750E-01  4.4797E-01
  7.2000E-01  4.7000E-01  4.4270E-01
  7.2250E-01  4.7250E-01  4.3750E-01
  7.2500E-01  4.7500E-01  4.3239E-01
  7.2750E-01  4.7750E-01  4.2735E-01
  7.3000E-01  4.8000E-01  4.2238E-01
  7.3250E-01  4.8250E-01  4.1748E-01
  7.3500E-01  4.8500E-01  4.1266E-01
  7.3750E-01  4.8750E-01  4.0791E-01
  7.4000E-01  4.9000E-01  4.0323E-01
  7.4250E-01  4.9250E-01  3.9861E-01
  7.4500E-01  4.9500E-01  3.9407E-01
  7.4750E-01  4.9750E-01  3.8958E-01
  7.5000E-01  5.0000E-01  3.8516E-01
  7.5250E-01  5.0250E-01  3.8081E-01
  7.5500E-01  5.0500E-01  3.7652E-01
  7.5750E-01  5.0750E-01  3.7228E-01
  7.6000E-01  5.1000E-01  3.6811E-01
  7.6250E-01  5.1250E-01  3.6400E-01
  7.6500E-01  5.1500E-01  3.5995E-01
  7.6750E-01  5.1750E-01  3.5595E-01
  7.7000E-01  5.2000E-01  3.5201E-01
  7.7250E-01  5.2250E-01  3.4812E-01
  7.7500E-01  5.2500E-01  3.4429E-01
  7.7750E-01  5.2750E-01  3.4051E-01
  7.8000E-01  5.3000E-01  3.3678E-01
  7.8250E-01  5.3250E-01  3.3310E-01
  7.8500E-01  5.3500E-01  3.2948E-01
  7.8750E-01  5.3750E-01  3.2590E-01
  7.9000E-01  5.4000E-01  3.2238E-01
  7.9250E-01  5.4250E-01  3.1890E-01
  7.9500E-01  5.4500E-01  3.1547E-01
  7.9750E-01  5.4750E-01  3.1208E-01
  8.0000E-01  5.5000E-01  3.0875E-01
  8.0250E-01  5.5250E-01  3.0545E-01
  8.0500E-01  5.5500E-01  3.0220E-01
  8.0750E-01  5.5750E-01  2.9900E-01
  8.1000E-01  5.6000E-01  2.9584E-01
  8.1250E-01  5.6250E-01  2.9271E-01
  8.1500E-01  5.6500E-01  2.8964E-01
  8.1750E-01  5.6750E-01  2.8660E-01
  8.2000E-01  5.7000E-01  2.8360E-01
  8.2250E-01  5.7250E-01  2.8064E-01
  8.2500E-01  5.7500E-01  2.7772E-01
  8.2750E-01  5.7750E-01  2.7484E-01
  8.3000E-01  5.8000E-01  2.7200E-01
  8.3250E-01  5.8250E-01  2.6919E-01
  8.3500E-01  5.8500E-01  2.6642E-01
  8.3750E-01  5.8750E-01  2.6369E-01
  8.4000E-01  5.9000E-01  2.6099E-01
  8.4250E-01  5.9250E-01  2.5832E-01
  8.4500E-01  5.9500E-01  2.5569E-01
  8.4750E-01  5.9750E-01  2.5310E-01
  8.5000E-01  6.0000E-01  2.5054E-01
  8.5250E-01  6.0250E-01  2.4801E-01
  8.5500E-01  6.0500E-01  2.4551E-01
  8.5750E-01  6.0750E-01  2.4304E-01
  8.6000E-01  6.1000E-01  2.4061E-01
  8.6250E-01  6.1250E-01  2.3820E-01
  8.6500E-01  6.1500E-01  2.3583E-01
  8.6750E-01  6.1750E-01  2.3348E-01
  8.7000E-01  6.2000E-01  2.3117E-01
  8.7250E-01  6.2250E-01  2.2888E-01
  8.7500E-01  6.2500E-01  2.2663E-01
  8.7750E-01  6.2750E-01  2.2440E-01
  8.8000E-01  6.3000E-01  2.2220E-01
  8.8250E-01  6.3250E-01  2.2002E-01
  8.8500E-01  6.3500E-01  2.1787E-01
  8.8750E-01  6.3750E-01  2.1575E-01
  8.9000E-01  6.4000E-01  2.1366E-01
  8.9250E-01  6.4250E-01  2.1159E-01
  8.9500E-01  6.4500E-01  2.0954E-01
  8.9750E-01  6.4750E-01  2.0752E-01
  9.0000E-01  6.5000E-01  2.0553E-01
  9.0250E-01  6.5250E-01  2.0356E-01
  9.0500E-01  6.5500E-01  2.0161E-01
  9.0750E-01  6.5750E-01  1.9969E-01
  9.1000E-01  6.6000E-01  1.9779E-01
  9.1250E-01  6.6250E-01  1.9591E-01
  9.1500E-01  6.6500E-01  1.9405E-01
  9.1750E-01  6.6750E-01  1.9222E-01
  9.2000E-01  6.7000E-01  1.9041E-01
  9.2250E-01  6.7250E-01  1.8862E-01
  9.2500E-01  6.7500E-01  1.8685E-01
  9.2750E-01  6.7750E-01  1.8510E-01
  9.3000E-01  6.8000E-01  1.8338E-01
  9.3250E-01  6.8250E-01  1.8167E-01
  9.3500E-01  6.8500E-01  1.7998E-01
  9.3750E-01  6.8750E-01  1.7831E-01
  9.4000E-01  6.9000E-01  1.7667E-01
  9.4250E-01  6.9250E-01  1.7504E-01
  9.4500E-01  6.9500E-01  1.7343E-01
  9.4750E-01  6.9750E-01  1.7184E-01
  9.5000E-01  7.0000E-01  1.7026E-01
  9.5250E-01  7.0250E-01  1.6871E-01
  9.5500E-01  7.0500E-01  1.6717E-01
  9.5750E-01  7.0750E-01  1.6565E-01
  9.6000E-01  7.1000E-01  1.6415E-01
  9.6250E-01  7.1250E-01  1.6267E-01
  9.6500E-01  7.1500E-01  1.6120E-01
  9.6750E-01  7.1750E-01  1.5975E-01
  9.7000E-01  7.2000E-01  1.5831E-01
  9.7250E-01  7.2250E-01  1.5690E-01
  9.7500E-01  7.2500E-01  1.5549E-01
  9.7750E-01  7.2750E-01  1.5411E-01
  9.8000E-01  7.3000E-01  1.5274E-01
  9.8250E-01  7.3250E-01  1.5138E-01
  9.8500E-01  7.3500E-01  1.5004E-01
  9.8750E-01  7.3750E-01  1.4871E-01
  9.9000E-01  7.4000E-01  1.4740E-01
  9.9250E-01  7.4250E-01  1.4611E-01
  9.9500E-01  7.4500E-01  1.4482E-01
  9.9750E-01  7.4750E-01  1.4356E-01
  1.0000E+00  7.5000E-01  1.4230E-01
  1.0025E+00  7.5250E-01  1.4106E-01
  1.0050E+00  7.5500E-01  1.3984E-01
  1.0075E+00  7.5750E-01  1.3862E-01
  1.0100E+00  7.6000E-01  1.3742E-01
  1.0125E+00  7.6250E-01  1.3624E-01
  1.0150E+00  7.6500E-01  1.3506E-01
  1.0175E+00  7.6750E-01  1.3390E-01
  1.0200E+00  7.7000E-01  1.3275E-01
  1.0225E+00  7.7250E-01  1.3161E-01
  1.0250E+00  7.7500E-01  1.3049E-01
  1.0275E+00  7.7750E-01  1.2938E-01
  1.0300E+00  7.8000E-01  1.2828E-01
  1.0325E+00  7.8250E-01  1.2719E-01
  1.0350E+00  7.8500E-01  1.2611E-01
  1.0375E+00  7.8750E-01  1.2505E-01
  1.0400E+00  7.9000E-01  1.2399E-01
  1.0425E+00  7.9250E-01  1.2295E-01
  1.0450E+00  7.9500E-01  1.2192E-01
  1.0475E+00  7.9750E-01  1.2090E-01
  1.0500E+00  8.0000E-01  1.1989E-01
  1.0525E+00  8.0250E-01  1.1889E-01
  1.0550E+00  8.0500E-01  1.1790E-01
  1.0575E+00  8.0750E-01  1.1692E-01
  1.0600E+00  8.1000E-01  1.1595E-01
  1.0625E+00  8.1250E-01  1.1499E-01
  1.0650E+00  8.1500E-01  1.1405E-01
  1.0675E+00  8.1750E-01  1.1311E-01
  1.0700E+00  8.2000E-01  1.1218E-01
  1.0725E+00  8.2250E-01  1.1126E-01
  1.0750E+00  8.2500E-01  1.1035E-01
  1.0775E+00  8.2750E-01  1.0945E-01
  1.0800E+00  8.3000E-01  1.0856E-01
  1.0825E+00  8.3250E-01  1.0767E-01
  1.0850E+00  8.3500E-01  1.0680E-01
  1.0875E+00  8.3750E-01  1.0594E-01
  1.0900E+00  8.4000E-01  1.0508E-01
  1.0925E+00  8.4250E-01  1.0423E-01
  1.0950E+00  8.4500E-01  1.0340E-01
  1.0975E+00  8.4750E-01  1.0257E-01
  1.1000E+00  8.5000E-01  1.0174E-01
  1.1025E+00  8.5250E-01  1.0093E-01
  1.1050E+00  8.5500E-01  1.0013E-01
  1.1075E+00  8.5750E-01  9.9330E-02
  1.1100E+00  8.6000E-01  9.8541E-02
  1.1125E+00  8.6250E-01  9.7760E-02
  1.1150E+00  8.6500E-01  9.6986E-02
  1.1175E+00  8.6750E-01  9.6221E-02
  1.1200E+00  8.7000E-01  9.5463E-02
  1.1225E+00  8.7250E-01  9.4712E-02
  1.1250E+00  8.7500E-01  9.3969E-02
  1.1275E+00  8.7750E-01  9.3233E-02
  1.1300E+00  8.8000E-01  9.2505E-02
  1.1325E+00  8.8250E-01  9.1783E-02
  1.1350E+00  8.8500E-01  9.1069E-02
  1.1375E+00  8.8750E-01  9.0361E-02
  1.1400E+00  8.9000E-01  8.9661E-02
  1.1425E+00  8.9250E-01  8.8967E-02
  1.1450E+00  8.9500E-01  8.8280E-02
  1.1475E+00  8.9750E-01  8.7600E-02
  1.1500E+00  9.0000E-01  8.6926E-02
  1.1525E+00  9.0250E-01  8.6259E-02
  1.1550E+00  9.0500E-01  8.5598E-02
  1.1575E+00  9.0750E-01  8.4944E-02
  1.1600E+00  9.1000E-01  8.4296E-02
  1.1625E+00  9.1250E-01  8.3654E-02
  1.1650E+00  9.1500E-01  8.3018E-02
  1.1675E+00  9.1750E-01  8.2389E-02
  1.1700E+00  9.2000E-01  8.1765E-02
  1.1725E+00  9.2250E-01  8.1147E-02
  1.1750E+00  9.2500E-01  8.0535E-02
  1.1775E+00  9.2750E-01  7.9929E-02
  1.1800E+00  9.3000E-01  7.9329E-02
  1.1825E+00  9.3250E-01  7.8734E-02
  1.1850E+00  9.3500E-01  7.8145E-02
  1.1875E+00  9.3750E-01  7.7561E-02
  1.1900E+00  9.4000E-01  7.6983E-02
  1.1925E+00  9.4250E-01  7.6410E-02
  1.1950E+00  9.4500E-01  7.5843E-02
  1.1975E+00  9.4750E-01  7.5281E-02
  1.2000E+00  9.5000E-01  7.4724E-02
  1.2025E+00  9.5250E-01  7.4172E-02
  1.2050E+00  9.5500E-01  7.3626E-02
  1.2075E+00  9.5750E-01  7.3084E-02
  1.2100E+00  9.6000E-01  7.2548E-02
  1.2125E+00  9.6250E-01  7.2016E-02
  1.2150E+00  9.6500E-01  7.1489E-02
  1.2175E+00  9.6750E-01  7.0967E-02
  1.2200E+00  9.7000E-01  7.0450E-02
  1.2225E+00  9.7250E-01  6.9938E-02
  1.2250E+00  9.7500E-01  6.9430E-02
  1.2275E+00  9.7750E-01  6.8927E-02
  1.2300E+00  9.8000E-01  6.8429E-02
  1.2325E+00  9.8250E-01  6.7935E-02
  1.2350E+00  9.8500E-01  6.7445E-02
  1.2375E+00  9.8750E-01  6.6960E-02
  1.2400E+00  9.9000E-01  6.6479E-02
  1.2425E+00  9.9250E-01  6.6003E-02
  1.2450E+00  9.9500E-01  6.5531E-02
  1.2475E+00  9.9750E-01  6.5063E-02
  1.2500E+00  1.0000E+00  6.4599E-02
  1.2525E+00  1.0025E+00  6.4140E-02
  1.2550E+00  1.0050E+00  6.3684E-02
  1.2575E+00  1.0075E+00  6.3233E-02
  1.2600E+00  1.0100E+00  6.2786E-02
  1.2625E+00  1.0125E+00  6.2342E-02
  1.2650E+00  1.0150E+00  6.1903E-02
  1.2675E+00  1.0175E+00  6.1467E-02
  1.2700E+00  1.0200E+00  6.1036E-02
  1.2725E+00  1.0225E+00  6.0608E-02
  1.2750E+00  1.0250E+00  6.0183E-02
  1.2775E+00  1.0275E+00  5.9763E-02
  1.2800E+00  1.0300E+00  5.9346E-02
  1.2825E+00  1.0325E+00  5.8933E-02
  1.2850E+00  1.0350E+00  5.8524E-02
  1.2875E+00  1.0375E+00  5.8118E-02
  1.2900E+00  1.0400E+00  5.7715E-02
  1.2925E+00  1.0425E+00  5.7316E-02
  1.2950E+00  1.0450E+00  5.6921E-02
  1.2975E+00  1.0475E+00  5.6529E-02
  1.3000E+00  1.0500E+00  5.6140E-02
  1.3025E+00  1.0525E+00  5.5755E-02
  1.3050E+00  1.0550E+00  5.5373E-02
  1.3075E+00  1.0575E+00  5.4994E-02
  1.3100E+00  1.0600E+00  5.4619E-02
  1.3125E+00  1.0625E+00  5.4246E-02
  1.3150E+00  1.0650E+00  5.3877E-02
  1.3175E+00  1.0675E+00  5.3512E-02
  1.3200E+00  1.0700E+00  5.3149E-02
  1.3225E+00  1.0725E+00  5.2789E-02
  1.3250E+00  1.0750E+00  5.2432E-02
  1.3275E+00  1.0775E+00  5.2079E-02
  1.3300E+00  1.0800E+00  5.1728E-02
  1.3325E+00  1.0825E+00  5.1380E-02
  1.3350E+00  1.0850E+00  5.1036E-02
  1.3375E+00  1.0875E+00  5.0694E-02
  1.3400E+00  1.0900E+00  5.0355E-02
  1.3425E+00  1.0925E+00  5.0019E-02
  1.3450E+00  1.0950E+00  4.9685E-02
  1.3475E+00  1.0975E+00  4.9355E-02
  1.3500E+00  1.1000E+00  4.9027E-02
  1.3525E+00  1.1025E+00  4.8702E-02
  1.3550E+00  1.1050E+00  4.8379E-02
  1.3575E+00  1.1075E+00  4.8060E-02
  1.3600E+00  1.1100E+00  4.7743E-02
  1.3625E+00  1.1125E+00  4.7428E-02
  1.3650E+00  1.1150E+00  4.7116E-02
  1.3675E+00  1.1175E+00  4.6807E-02
  1.3700E+00  1.1200E+00  4.6500E-02
  1.3725E+00  1.1225E+00  4.6196E-02
  1.3750E+00  1.1250E+00  4.5895E-02
  1.3775E+00  1.1275E+00  4.5595E-02
  1.3800E+00  1.1300E+00  4.5298E-02
  1.3825E+00  1.1325E+00  4.5004E-02
  1.3850E+00  1.1350E+00  4.4712E-02
  1.3875E+00  1.1375E+00  4.4422E-02
  1.3900E+00  1.1400E+00  4.4135E-02
  1.3925E+00  1.1425E+00  4.3850E-02
  1.3950E+00  1.1450E+00  4.3568E-02
  1.3975E+00  1.1475E+00  4.3287E-02
  1.4000E+00  1.1500E+00  4.3009E-02
  1.4025E+00  1.1525E+00  4.2733E-02
  1.4050E+00  1.1550E+00  4.2460E-02
  1.4075E+00  1.1575E+00  4.2188E-02
  1.4100E+00  1.1600E+00  4.1919E-02
  1.4125E+00  1.1625E+00  4.1652E-02
  1.4150E+00  1.1650E+00  4.1387E-02
  1.4175E+00  1.1675E+00  4.1124E-02
  1.4200E+00  1.1700E+00  4.0863E-02
  1.4225E+00  1.1725E+00  4.0605E-02
  1.4250E+00  1.1750E+00  4.0348E-02
  1.4275E+00  1.1775E+00  4.0093E-02
  1.4300E+00  1.1800E+00  3.9841E-02
  1.4325E+00  1.1825E+00  3.9590E-02
  1.4350E+00  1.1850E+00  3.9342E-02
  1.4375E+00  1.1875E+00  3.9095E-02
  1.4400E+00  1.1900E+00  3.8850E-02
  1.4425E+00  1.1925E+00  3.8607E-02
  1.4450E+00  1.1950E+00  3.8366E-02
  1.4475E+00  1.1975E+00  3.8127E-02
  1.4500E+00  1.2000E+00  3.7890E-02
  1.4525E+00  1.2025E+00  3.7655E-02
  1.4550E+00  1.2050E+00  3.7421E-02
  1.4575E+00  1.2075E+00  3.7190E-02
  1.4600E+00  1.2100E+00  3.6960E-02
  1.4625E+00  1.2125E+00  3.6732E-02
  1.4650E+00  1.2150E+00  3.6505E-02
  1.4675E+00  1.2175E+00  3.6281E-02
  1.4700E+00  1.2200E+00  3.6058E-02
  1.4725E+00  1.2225E+00  3.5837E-02
  1.4750E+00  1.2250E+00  3.5617E-02
  1.4775E+00  1.2275E+00  3.5399E-02
  1.4800E+00  1.2300E+00  3.5183E-02
  1.4825E+00  1.2325E+00  3.4969E-02
  1.4850E+00  1.2350E+00  3.4756E-02
  1.4875E+00  1.2375E+00  3.4545E-02
  1.4900E+00  1.2400E+00  3.4335E-02
  1.4925E+00  1.2425E+00  3.4127E-02
  1.4950E+00  1.2450E+00  3.3921E-02
  1.4975E+00  1.2475E+00  3.3716E-02
  1.5000E+00  1.2500E+00  3.3513E-02
  1.5025E+00  1.2525E+00  3.3311E-02
  1.5050E+00  1.2550E+00  3.3111E-02
  1.5075E+00  1.2575E+00  3.2912E-02
  1.5100E+00  1.2600E+00  3.2715E-02
  1.5125E+00  1.2625E+00  3.2519E-02
  1.5150E+00  1.2650E+00  3.2324E-02
  1.5175E+00  1.2675E+00  3.2132E-02
  1.5200E+00  1.2700E+00  3.1940E-02
  1.5225E+00  1.2725E+00  3.1750E-02
  1.5250E+00  1.2750E+00  3.1562E-02
  1.5275E+00  1.2775E+00  3.1374E-02
  1.5300E+00  1.2800E+00  3.1189E-02
  1.5325E+00  1.2825E+00  3.1004E-02
  1.5350E+00  1.2850E+00  3.0821E-02
  1.5375E+00  1.2875E+00  3.0639E-02
  1.5400E+00  1.2900E+00  3.0459E-02
  1.5425E+00  1.2925E+00  3.0280E-02
  1.5450E+00  1.2950E+00  3.0102E-02
  1.5475E+00  1.2975E+00  2.9926E-02
  1.5500E+00  1.3000E+00  2.9751E-02
  1.5525E+00  1.3025E+00  2.9577E-02
  1.5550E+00  1.3050E+00  2.9404E-02
  1.5575E+00  1.3075E+00  2.9233E-02
  1.5600E+00  1.3100E+00  2.9063E-02
  1.5625E+00  1.3125E+00  2.8894E-02
  1.5650E+00  1.3150E+00  2.8727E-02
  1.5675E+00  1.3175E+00  2.8560E-02
  1.5700E+00  1.3200E+00  2.8395E-02
  1.5725E+00  1.3225E+00  2.8231E-02
  1.5750E+00  1.3250E+00  2.8068E-02
  1.5775E+00  1.3275E+00  2.7907E-02
  1.5800E+00  1.3300E+00  2.7746E-02
  1.5825E+00  1.3325E+00  2.7587E-02
  1.5850E+00  1.3350E+00  2.7429E-02
  1.5875E+00  1.3375E+00  2.7272E-02
  1.5900E+00  1.3400E+00  2.7116E-02
  1.5925E+00  1.3425E+00  2.6961E-02
  1.5950E+00  1.3450E+00  2.6808E-02
  1.5975E+00  1.3475E+00  2.6655E-02
  1.6000E+00  1.3500E+00  2.6504E-02
  1.6025E+00  1.3525E+00  2.6353E-02
  1.6050E+00  1.3550E+00  2.6204E-02
  1.6075E+00  1.3575E+00  2.6056E-02
  1.6100E+00  1.3600E+00  2.5908E-02
  1.6125E+00  1.3625E+00  2.5762E-02
  1.6150E+00  1.3650E+00  2.5617E-02
  1.6175E+00  1.3675E+00  2.5473E-02
  1.6200E+00  1.3700E+00  2.5330E-02
  1.6225E+00  1.3725E+00  2.5188E-02
  1.6250E+00  1.3750E+00  2.5046E-02
  1.6275E+00  1.3775E+00  2.4906E-02
  1.6300E+00  1.3800E+00  2.4767E-02
  1.6325E+00  1.3825E+00  2.4629E-02
  1.6350E+00  1.3850E+00  2.4492E-02
  1.6375E+00  1.3875E+00  2.4356E-02
  1.6400E+00  1.3900E+00  2.4220E-02
  1.6425E+00  1.3925E+00  2.4086E-02
  1.6450E+00  1.3950E+00  2.3952E-02
  1.6475E+00  1.3975E+00  2.3820E-02
  1.6500E+00  1.4000E+00  2.3688E-02
  1.6525E+00  1.4025E+00  2.3558E-02
  1.6550E+00  1.4050E+00  2.3428E-02
  1.6575E+00  1.4075E+00  2.3299E-02
  1.6600E+00  1.4100E+00  2.3171E-02
  1.6625E+00  1.4125E+00  2.3044E-02
  1.6650E+00  1.4150E+00  2.2918E-02
  1.6675E+00  1.4175E+00  2.2792E-02
  1.6700E+00  1.4200E+00  2.2668E-02
  1.6725E+00  1.4225E+00  2.2544E-02
  1.6750E+00  1.4250E+00  2.2421E-02
  1.6775E+00  1.4275E+00  2.2299E-02
  1.6800E+00  1.4300E+00  2.2178E-02
  1.6825E+00  1.4325E+00  2.2058E-02
  1.6850E+00  1.4350E+00  2.1938E-02
  1.6875E+00  1.4375E+00  2.1819E-02
  1.6900E+00  1.4400E+00  2.1701E-02
  1.6925E+00  1.4425E+00  2.1584E-02
  1.6950E+00  1.4450E+00  2.1468E-02
  1.6975E+00  1.4475E+00  2.1352E-02
  1.7000E+00  1.4500E+00  2.1238E-02
  1.7025E+00  1.4525E+00  2.1124E-02
  1.7050E+00  1.4550E+00  2.1011E-02
  1.7075E+00  1.4575E+00  2.0898E-02
  1.7100E+00  1.4600E+00  2.0786E-02
  1.7125E+00  1.4625E+00  2.0675E-02
  1.7150E+00  1.4650E+00  2.0565E-02
  1.7175E+00  1.4675E+00  2.0456E-02
  1.7200E+00  1.4700E+00  2.0347E-02
  1.7225E+00  1.4725E+00  2.0239E-02
  1.7250E+00  1.4750E+00  2.0131E-02
  1.7275E+00  1.4775E+00  2.0025E-02
  1.7300E+00  1.4800E+00  1.9919E-02
  1.7325E+00  1.4825E+00  1.9814E-02
  1.7350E+00  1.4850E+00  1.9709E-02
  1.7375E+00  1.4875E+00  1.9605E-02
  1.7400E+00  1.4900E+00  1.9502E-02
  1.7425E+00  1.4925E+00  1.9400E-02
  1.7450E+00  1.4950E+00  1.9298E-02
  1.7475E+00  1.4975E+00  1.9197E-02
  1.7500E+00  1.5000E+00  1.9096E-02
  1.7525E+00  1.5025E+00  1.8997E-02
  1.7550E+00  1.5050E+00  1.8897E-02
  1.7575E+00  1.5075E+00  1.8799E-02
  1.7600E+00  1.5100E+00  1.8701E-02
  1.7625E+00  1.5125E+00  1.8604E-02
  1.7650E+00  1.5150E+00  1.8507E-02
  1.7675E+00  1.5175E+00  1.8411E-02
  1.7700E+00  1.5200E+00  1.8316E-02
  1.7725E+00  1.5225E+00  1.8221E-02
  1.7750E+00  1.5250E+00  1.8127E-02
  1.7775E+00  1.5275E+00  1.8033E-02
  1.7800E+00  1.5300E+00  1.7941E-02
  1.7825E+00  1.5325E+00  1.7848E-02
  1.7850E+00  1.5350E+00  1.7757E-02
  1.7875E+00  1.5375E+00  1.7665E-02
  1.7900E+00  1.5400E+00  1.7575E-02
  1.7925E+00  1.5425E+00  1.7485E-02
  1.7950E+00  1.5450E+00  1.7396E-02
  1.7975E+00  1.5475E+00  1.7307E-02
  1.8000E+00  1.5500E+00  1.7218E-02
  1.8025E+00  1.5525E+00  1.7131E-02
  1.8050E+00  1.5550E+00  1.7044E-02
  1.8075E+00  1.5575E+00  1.6957E-02
  1.8100E+00  1.5600E+00  1.6871E-02
  1.8125E+00  1.5625E+00  1.6786E-02
  1.8150E+00  1.5650E+00  1.6701E-02
  1.8175E+00  1.5675E+00  1.6616E-02
  1.8200E+00  1.5700E+00  1.6532E-02
  1.8225E+00  1.5725E+00  1.6449E-02
  1.8250E+00  1.5750E+00  1.6366E-02
  1.8275E+00  1.5775E+00  1.6284E-02
  1.8300E+00  1.5800E+00  1.6202E-02
  1.8325E+00  1.5825E+00  1.6121E-02
  1.8350E+00  1.5850E+00  1.6040E-02
  1.8375E+00  1.5875E+00  1.5960E-02
  1.8400E+00  1.5900E+00  1.5880E-02
  1.8425E+00  1.5925E+00  1.5801E-02
  1.8450E+00  1.5950E+00  1.5722E-02
  1.8475E+00  1.5975E+00  1.5644E-02
  1.8500E+00  1.6000E+00  1.5566E-02
  1.8525E+00  1.6025E+00  1.5489E-02
  1.8550E+00  1.6050E+00  1.5412E-02
  1.8575E+00  1.6075E+00  1.5335E-02
  1.8600E+00  1.6100E+00  1.5260E-02
  1.8625E+00  1.6125E+00  1.5184E-02
  1.8650E+00  1.6150E+00  1.5109E-02
  1.8675E+00  1.6175E+00  1.5035E-02
  1.8700E+00  1.6200E+00  1.4961E-02
  1.8725E+00  1.6225E+00  1.4887E-02
  1.8750E+00  1.6250E+00  1.4814E-02
  1.8775E+00  1.6275E+00  1.4741E-02
  1.8800E+00  1.6300E+00  1.4669E-02
  1.8825E+00  1.6325E+00  1.4597E-02
  1.8850E+00  1.6350E+00  1.4526E-02
  1.8875E+00  1.6375E+00  1.4455E-02
  1.8900E+00  1.6400E+00  1.4385E-02
  1.8925E+00  1.6425E+00  1.4315E-02
  1.8950E+00  1.6450E+00  1.4245E-02
  1.8975E+00  1.6475E+00  1.4176E-02
  1.9000E+00  1.6500E+00  1.4107E-02
  1.9025E+00  1.6525E+00  1.4039E-02
  1.9050E+00  1.6550E+00  1.3971E-02
  1.9075E+00  1.6575E+00  1.3903E-02
  1.9100E+00  1.6600E+00  1.3836E-02
  1.9125E+00  1.6625E+00  1.3769E-02
  1.9150E+00  1.6650E+00  1.3703E-02
  1.9175E+00  1.6675E+00  1.3637E-02
  1.9200E+00  1.6700E+00  1.3572E-02
  1.9225E+00  1.6725E+00  1.3507E-02
  1.9250E+00  1.6750E+00  1.3442E-02
  1.9275E+00  1.6775E+00  1.3377E-02
  1.9300E+00  1.6800E+00  1.3313E-02
  1.9325E+00  1.6825E+00  1.3250E-02
  1.9350E+00  1.6850E+00  1.3187E-02
  1.9375E+00  1.6875E+00  1.3124E-02
  1.9400E+00  1.6900E+00  1.3061E-02
  1.9425E+00  1.6925E+00  1.2999E-02
  1.9450E+00  1.6950E+00  1.2938E-02
  1.9475E+00  1.6975E+00  1.2876E-02
  1.9500E+00  1.7000E+00  1.2815E-02
  1.9525E+00  1.7025E+00  1.2755E-02
  1.9550E+00  1.7050E+00  1.2694E-02
  1.9575E+00  1.7075E+00  1.2634E-02
  1.9600E+00  1.7100E+00  1.2575E-02
  1.9625E+00  1.7125E+00  1.2516E-02
  1.9650E+00  1.7150E+00  1.2457E-02
  1.9675E+00  1.7175E+00  1.2398E-02
  1.9700E+00  1.7200E+00  1.2340E-02
  1.9725E+00  1.7225E+00  1.2282E-02
  1.9750E+00  1.7250E+00  1.2225E-02
  1.9775E+00  1.7275E+00  1.2168E-02
  1.9800E+00  1.7300E+00  1.2111E-02
  1.9825E+00  1.7325E+00  1.2054E-02
  1.9850E+00  1.7350E+00  1.1998E-02
  1.9875E+00  1.7375E+00  1.1942E-02
  1.9900E+00  1.7400E+00  1.1887E-02
  1.9925E+00  1.7425E+00  1.1832E-02
  1.9950E+00  1.7450E+00  1.1777E-02
  1.9975E+00  1.7475E+00  1.1722E-02
  2.0000E+00  1.7500E+00  1.1668E-02
  2.0025E+00  1.7525E+00  1.1614E-02
  2.0050E+00  1.7550E+00  1.1560E-02
  2.0075E+00  1.7575E+00  1.1507E-02
  2.0100E+00  1.7600E+00  1.1454E-02
  2.0125E+00  1.7625E+00  1.1401E-02
  2.0150E+00  1.7650E+00  1.1349E-02
  2.0175E+00  1.7675E+00  1.1297E-02
  2.0200E+00  1.7700E+00  1.1245E-02
  2.0225E+00  1.7725E+00  1.1194E-02
  2.0250E+00  1.7750E+00  1.1142E-02
  2.0275E+00  1.7775E+00  1.1092E-02
  2.0300E+00  1.7800E+00  1.1041E-02
  2.0325E+00  1.7825E+00  1.0991E-02
  2.0350E+00  1.7850E+00  1.0941E-02
  2.0375E+00  1.7875E+00  1.0891E-02
  2.0400E+00  1.7900E+00  1.0841E-02
  2.0425E+00  1.7925E+00  1.0792E-02
  2.0450E+00  1.7950E+00  1.0743E-02
  2.0475E+00  1.7975E+00  1.0695E-02
  2.0500E+00  1.8000E+00  1.0646E-02
  2.0525E+00  1.8025E+00  1.0598E-02
  2.0550E+00  1.8050E+00  1.0550E-02
  2.0575E+00  1.8075E+00  1.0503E-02
  2.0600E+00  1.8100E+00  1.0455E-02
  2.0625E+00  1.8125E+00  1.0408E-02
  2.0650E+00  1.8150E+00  1.0362E-02
  2.0675E+00  1.8175E+00  1.0315E-02
  2.0700E+00  1.8200E+00  1.0269E-02
  2.0725E+00  1.8225E+00  1.0223E-02
  2.0750E+00  1.8250E+00  1.0177E-02
  2.0775E+00  1.8275E+00  1.0132E-02
  2.0800E+00  1.8300E+00  1.0087E-02
  2.0825E+00  1.8325E+00  1.0042E-02
  2.0850E+00  1.8350E+00  9.9968E-03
  2.0875E+00  1.8375E+00  9.9524E-03
  2.0900E+00  1.8400E+00  9.9082E-03
  2.0925E+00  1.8425E+00  9.8642E-03
  2.0950E+00  1.8450E+00  9.8205E-03
  2.0975E+00  1.8475E+00  9.7770E-03
  2.1000E+00  1.8500E+00  9.7337E-03
  2.1025E+00  1.8525E+00  9.6907E-03
  2.1050E+00  1.8550E+00  9.6480E-03
  2.1075E+00  1.8575E+00  9.6054E-03
  2.1100E+00  1.8600E+00  9.5631E-03
  2.1125E+00  1.8625E+00  9.5211E-03
  2.1150E+00  1.8650E+00  9.4792E-03
  2.1175E+00  1.8675E+00  9.4376E-03
  2.1200E+00  1.8700E+00  9.3962E-03
  2.1225E+00  1.8725E+00  9.3551E-03
  2.1250E+00  1.8750E+00  9.3142E-03
  2.1275E+00  1.8775E+00  9.2735E-03
  2.1300E+00  1.8800E+00  9.2330E-03
  2.1325E+00  1.8825E+00  9.1927E-03
  2.1350E+00  1.8850E+00  9.1527E-03
  2.1375E+00  1.8875E+00  9.1128E-03
  2.1400E+00  1.8900E+00  9.0732E-03
  2.1425E+00  1.8925E+00  9.0338E-03
  2.1450E+00  1.8950E+00  8.9947E-03
  2.1475E+00  1.8975E+00  8.9557E-03
  2.1500E+00  1.9000E+00  8.9169E-03
  2.1525E+00  1.9025E+00  8.8784E-03
  2.1550E+00  1.9050E+00  8.8400E-03
  2.1575E+00  1.9075E+00  8.8019E-03
  2.1600E+00  1.9100E+00  8.7640E-03
  2.1625E+00  1.9125E+00  8.7262E-03
  2.1650E+00  1.9150E+00  8.6887E-03
  2.1675E+00  1.9175E+00  8.6514E-03
  2.1700E+00  1.9200E+00  8.6143E-03
  2.1725E+00  1.9225E+00  8.5774E-03
  2.1750E+00  1.9250E+00  8.5406E-03
  2.1775E+00  1.9275E+00  8.5041E-03
  2.1800E+00  1.9300E+00  8.4678E-03
  2.1825E+00  1.9325E+00  8.4316E-03
  2.1850E+00  1.9350E+00  8.3957E-03
  2.1875E+00  1.9375E+00  8.3599E-03
  2.1900E+00  1.9400E+00  8.3243E-03
  2.1925E+00  1.9425E+00  8.2890E-03
  2.1950E+00  1.9450E+00  8.2538E-03
  2.1975E+00  1.9475E+00  8.2188E-03
  2.2000E+00  1.9500E+00  8.1839E-03
  2.2025E+00  1.9525E+00  8.1493E-03
  2.2050E+00  1.9550E+00  8.1148E-03
  2.2075E+00  1.9575E+00  8.0806E-03
  2.2100E+00  1.9600E+00  8.0465E-03
  2.2125E+00  1.9625E+00  8.0126E-03
  2.2150E+00  1.9650E+00  7.9788E-03
  2.2175E+00  1.9675E+00  7.9453E-03
  2.2200E+00  1.9700E+00  7.9119E-03
  2.2225E+00  1.9725E+00  7.8787E-03
  2.2250E+00  1.9750E+00  7.8457E-03
  2.2275E+00  1.9775E+00  7.8128E-03
  2.2300E+00  1.9800E+00  7.7801E-03
  2.2325E+00  1.9825E+00  7.7476E-03
  2.2350E+00  1.9850E+00  7.7152E-03
  2.2375E+00  1.9875E+00  7.6831E-03
  2.2400E+00  1.9900E+00  7.6510E-03
  2.2425E+00  1.9925E+00  7.6192E-03
  2.2450E+00  1.9950E+00  7.5875E-03
  2.2475E+00  1.9975E+00  7.5560E-03
  2.2500E+00  2.0000E+00  7.5246E-03
  2.2525E+00  2.0025E+00  7.4935E-03
  2.2550E+00  2.0050E+00  7.4624E-03
  2.2575E+00  2.0075E+00  7.4316E-03
  2.2600E+00  2.0100E+00  7.4008E-03
  2.2625E+00  2.0125E+00  7.3703E-03
  2.2650E+00  2.0150E+00  7.3399E-03
  2.2675E+00  2.0175E+00  7.3097E-03
  2.2700E+00  2.0200E+00  7.2796E-03
  2.2725E+00  2.0225E+00  7.2496E-03
  2.2750E+00  2.0250E+00  7.2199E-03
  2.2775E+00  2.0275E+00  7.1902E-03
  2.2800E+00  2.0300E+00  7.1608E-03
  2.2825E+00  2.0325E+00  7.1314E-03
  2.2850E+00  2.0350E+00  7.1023E-03
  2.2875E+00  2.0375E+00  7.0733E-03
  2.2900E+00  2.0400E+00  7.0444E-03
  2.2925E+00  2.0425E+00  7.0157E-03
  2.2950E+00  2.0450E+00  6.9871E-03
  2.2975E+00  2.0475E+00  6.9586E-03
  2.3000E+00  2.0500E+00  6.9303E-03
  2.3025E+00  2.0525E+00  6.9022E-03
  2.3050E+00  2.0550E+00  6.8742E-03
  2.3075E+00  2.0575E+00  6.8463E-03
  2.3100E+00  2.0600E+00  6.8186E-03
  2.3125E+00  2.0625E+00  6.7910E-03
  2.3150E+00  2.0650E+00  6.7636E-03
  2.3175E+00  2.0675E+00  6.7363E-03
  2.3200E+00  2.0700E+00  6.7091E-03
  2.3225E+00  2.0725E+00  6.6821E-03
  2.3250E+00  2.0750E+00  6.6552E-03
  2.3275E+00  2.0775E+00  6.6284E-03
  2.3300E+00  2.0800E+00  6.6018E-03
  2.3325E+00  2.0825E+00  6.5753E-03
  2.3350E+00  2.0850E+00  6.5489E-03
  2.3375E+00  2.0875E+00  6.5227E-03
  2.3400E+00  2.0900E+00  6.4966E-03
  2.3425E+00  2.0925E+00  6.4706E-03
  2.3450E+00  2.0950E+00  6.4448E-03
  2.3475E+00  2.0975E+00  6.4190E-03
  2.3500E+00  2.1000E+00  6.3935E-03
  2.3525E+00  2.1025E+00  6.3680E-03
  2.3550E+00  2.1050E+00  6.3427E-03
  2.3575E+00  2.1075E+00  6.3175E-03
  2.3600E+00  2.1100E+00  6.2924E-03
  2.3625E+00  2.1125E+00  6.2674E-03
  2.3650E+00  2.1150E+00  6.2426E-03
  2.3675E+00  2.1175E+00  6.2179E-03
  2.3700E+00  2.1200E+00  6.1933E-03
  2.3725E+00  2.1225E+00  6.1688E-03
  2.3750E+00  2.1250E+00  6.1445E-03
  2.3775E+00  2.1275E+00  6.1203E-03
  2.3800E+00  2.1300E+00  6.0961E-03
  2.3825E+00  2.1325E+00  6.0722E-03
  2.3850E+00  2.1350E+00  6.0483E-03
  2.3875E+00  2.1375E+00  6.0245E-03
  2.3900E+00  2.1400E+00  6.0009E-03
  2.3925E+00  2.1425E+00  5.9774E-03
  2.3950E+00  2.1450E+00  5.9540E-03
  2.3975E+00  2.1475E+00  5.9307E-03
  2.4000E+00  2.1500E+00  5.9075E-03
  2.4025E+00  2.1525E+00  5.8844E-03
  2.4050E+00  2.1550E+00  5.8615E-03
  2.4075E+00  2.1575E+00  5.8386E-03
  2.4100E+00  2.1600E+00  5.8159E-03
  2.4125E+00  2.1625E+00  5.7933E-03
  2.4150E+00  2.1650E+00  5.7707E-03
  2.4175E+00  2.1675E+00  5.7483E-03
  2.4200E+00  2.1700E+00  5.7260E-03
  2.4225E+00  2.1725E+00  5.7039E-03
  2.4250E+00  2.1750E+00  5.6818E-03
  2.4275E+00  2.1775E+00  5.6598E-03
  2.4300E+00  2.1800E+00  5.6379E-03
  2.4325E+00  2.1825E+00  5.6162E-03
  2.4350E+00  2.1850E+00  5.5945E-03
  2.4375E+00  2.1875E+00  5.5730E-03
  2.4400E+00  2.1900E+00  5.5515E-03
  2.4425E+00  2.1925E+00  5.5302E-03
  2.4450E+00  2.1950E+00  5.5089E-03
  2.4475E+00  2.1975E+00  5.4878E-03
  2.4500E+00  2.2000E+00  5.4667E-03
  2.4525E+00  2.2025E+00  5.4458E-03
  2.4550E+00  2.2050E+00  5.4249E-03
  2.4575E+00  2.2075E+00  5.4042E-03
  2.4600E+00  2.2100E+00  5.3835E-03
  2.4625E+00  2.2125E+00  5.3630E-03
  2.4650E+00  2.2150E+00  5.3426E-03
  2.4675E+00  2.2175E+00  5.3222E-03
  2.4700E+00  2.2200E+00  5.3019E-03
  2.4725E+00  2.2225E+00  5.2818E-03
  2.4750E+00  2.2250E+00  5.2617E-03
  2.4775E+00  2.2275E+00  5.2418E-03
  2.4800E+00  2.2300E+00  5.2219E-03
  2.4825E+00  2.2325E+00  5.2021E-03
  2.4850E+00  2.2350E+00  5.1824E-03
  2.4875E+00  2.2375E+00  5.1628E-03
  2.4900E+00  2.2400E+00  5.1433E-03
  2.4925E+00  2.2425E+00  5.1239E-03
  2.4950E+00  2.2450E+00  5.1046E-03
  2.4975E+00  2.2475E+00  5.0854E-03
  2.5000E+00  2.2500E+00  5.0662E-03
  2.5025E+00  2.2525E+00  5.0472E-03
  2.5050E+00  2.2550E+00  5.0282E-03
  2.5075E+00  2.2575E+00  5.0093E-03
  2.5100E+00  2.2600E+00  4.9906E-03
  2.5125E+00  2.2625E+00  4.9719E-03
  2.5150E+00  2.2650E+00  4.9532E-03
  2.5175E+00  2.2675E+00  4.9347E-03
  2.5200E+00  2.2700E+00  4.9163E-03
  2.5225E+00  2.2725E+00  4.8979E-03
  2.5250E+00  2.2750E+00  4.8797E-03
  2.5275E+00  2.2775E+00  4.8615E-03
  2.5300E+00  2.2800E+00  4.8434E-03
  2.5325E+00  2.2825E+00  4.8254E-03
  2.5350E+00  2.2850E+00  4.8075E-03
  2.5375E+00  2.2875E+00  4.7896E-03
  2.5400E+00  2.2900E+00  4.7719E-03
  2.5425E+00  2.2925E+00  4.7542E-03
  2.5450E+00  2.2950E+00  4.7366E-03
  2.5475E+00  2.2975E+00  4.7191E-03
  2.5500E+00  2.3000E+00  4.7016E-03
  2.5525E+00  2.3025E+00  4.6843E-03
  2.5550E+00  2.3050E+00  4.6670E-03
  2.5575E+00  2.3075E+00  4.6498E-03
  2.5600E+00  2.3100E+00  4.6327E-03
  2.5625E+00  2.3125E+00  4.6157E-03
  2.5650E+00  2.3150E+00  4.5987E-03
  2.5675E+00  2.3175E+00  4.5818E-03
  2.5700E+00  2.3200E+00  4.5650E-03
  2.5725E+00  2.3225E+00  4.5483E-03
  2.5750E+00  2.3250E+00  4.5316E-03
  2.5775E+00  2.3275E+00  4.5150E-03
  2.5800E+00  2.3300E+00  4.4985E-03
  2.5825E+00  2.3325E+00  4.4821E-03
  2.5850E+00  2.3350E+00  4.4658E-03
  2.5875E+00  2.3375E+00  4.4495E-03
  2.5900E+00  2.3400E+00  4.4333E-03
  2.5925E+00  2.3425E+00  4.4171E-03
  2.5950E+00  2.3450E+00  4.4011E-03
  2.5975E+00  2.3475E+00  4.3851E-03
  2.6000E+00  2.3500E+00  4.3692E-03
  2.6025E+00  2.3525E+00  4.3533E-03
  2.6050E+00  2.3550E+00  4.3376E-03
  2.6075E+00  2.3575E+00  4.3219E-03
  2.6100E+00  2.3600E+00  4.3063E-03
  2.6125E+00  2.3625E+00  4.2907E-03
  2.6150E+00  2.3650E+00  4.2752E-03
  2.6175E+00  2.3675E+00  4.2598E-03
  2.6200E+00  2.3700E+00  4.2445E-03
  2.6225E+00  2.3725E+00  4.2292E-03
  2.6250E+00  2.3750E+00  4.2140E-03
  2.6275E+00  2.3775E+00  4.1988E-03
  2.6300E+00  2.3800E+00  4.1837E-03
  2.6325E+00  2.3825E+00  4.1687E-03
  2.6350E+00  2.3850E+00  4.1538E-03
  2.6375E+00  2.3875E+00  4.1389E-03
  2.6400E+00  2.3900E+00  4.1241E-03
  2.6425E+00  2.3925E+00  4.1094E-03
  2.6450E+00  2.3950E+00  4.0947E-03
  2.6475E+00  2.3975E+00  4.0801E-03
  2.6500E+00  2.4000E+00  4.0655E-03
  2.6525E+00  2.4025E+00  4.0511E-03
  2.6550E+00  2.4050E+00  4.0366E-03
  2.6575E+00  2.4075E+00  4.0223E-03
  2.6600E+00  2.4100E+00  4.0080E-03
  2.6625E+00  2.4125E+00  3.9938E-03
  2.6650E+00  2.4150E+00  3.9796E-03
  2.6675E+00  2.4175E+00  3.9655E-03
  2.6700E+00  2.4200E+00  3.9515E-03
  2.6725E+00  2.4225E+00  3.9375E-03
  2.6750E+00  2.4250E+00  3.9236E-03
  2.6775E+00  2.4275E+00  3.9097E-03
  2.6800E+00  2.4300E+00  3.8959E-03
  2.6825E+00  2.4325E+00  3.8822E-03
  2.6850E+00  2.4350E+00  3.8685E-03
  2.6875E+00  2.4375E+00  3.8549E-03
  2.6900E+00  2.4400E+00  3.8413E-03
  2.6925E+00  2.4425E+00  3.8279E-03
  2.6950E+00  2.4450E+00  3.8144E-03
  2.6975E+00  2.4475E+00  3.8010E-03
  2.7000E+00  2.4500E+00  3.7877E-03
  2.7025E+00  2.4525E+00  3.7745E-03
  2.7050E+00  2.4550E+00  3.7613E-03
  2.7075E+00  2.4575E+00  3.7481E-03
  2.7100E+00  2.4600E+00  3.7350E-03
  2.7125E+00  2.4625E+00  3.7220E-03
  2.7150E+00  2.4650E+00  3.7090E-03
  2.7175E+00  2.4675E+00  3.6961E-03
  2.7200E+00  2.4700E+00  3.6832E-03
  2.7225E+00  2.4725E+00  3.6704E-03
  2.7250E+00  2.4750E+00  3.6577E-03
  2.7275E+00  2.4775E+00  3.6450E-03
  2.7300E+00  2.4800E+00  3.6323E-03
  2.7325E+00  2.4825E+00  3.6198E-03
  2.7350E+00  2.4850E+00  3.6072E-03
  2.7375E+00  2.4875E+00  3.5948E-03
  2.7400E+00  2.4900E+00  3.5823E-03
  2.7425E+00  2.4925E+00  3.5700E-03
  2.7450E+00  2.4950E+00  3.5577E-03
  2.7475E+00  2.4975E+00  3.5454E-03
