  1     1            1s2  1  0 S  0.0  1          0.000       0.000000          0.000       0.000000
  2     2          1s.2s  3  0 S  1.0  3   10736136.000      97.834873   10721774.919      97.704002
  3     2          1s.2s  1  0 S  0.0  1   10838778.000      98.770216   10837130.880      98.755203
  4     3          1s.2p  3  1 P  0.0  1   10831985.830      98.708323   10821329.015      98.611206
  5     3          1s.2p  3  1 P  1.0  3   10832819.180      98.715917   10822908.029      98.625595
  6     3          1s.2p  3  1 P  2.0  5   10836391.130      98.748467   10829229.110      98.683197
  7     3          1s.2p  1  1 P  1.0  3   10906612.000      99.388365   10916141.881      99.475204
  8     4          1s.3s  3  0 S  1.0  3   12691170.000     115.650454   12673342.960     115.487999
  9     4          1s.3s  1  0 S  0.0  1   12718304.000     115.897718   12704947.528     115.776001
 10     5          1s.3p  3  1 P  0.0  1   12717465.000     115.890072   12701786.987     115.747200
 11     5          1s.3p  3  1 P  1.0  3   12717729.000     115.892478   12703366.839     115.761597
 12     5          1s.3p  3  1 P  2.0  5   12718786.000     115.902110   12704947.528     115.776001
 13     5          1s.3p  1  1 P  1.0  3   12738006.000     116.077255   12727070.474     115.977600
 14     6          1s.3d  3  2 D  1.0  3   12733183.000     116.033305   12720749.393     115.919998
 15     6          1s.3d  3  2 D  2.0  5   12733223.000     116.033670   12720749.393     115.919998
 16     6          1s.3d  3  2 D  3.0  7   12733603.000     116.037132   12722330.082     115.934402
 17     6          1s.3d  1  2 D  2.0  5   12734298.000     116.043466   12722330.082     115.934402
 18     7          1s.4s  3  0 S  1.0  3   13361991.000     121.763425   13343354.943     121.593597
 19     7          1s.4s  1  0 S  0.0  1   13372977.000     121.863537   13354416.416     121.694397
 20     8          1s.4p  3  1 P  0.0  1   13372822.000     121.862125   13354416.416     121.694397
 21     8          1s.4p  3  1 P  1.0  3   13372934.000     121.863145   13354416.416     121.694397
 22     8          1s.4p  3  1 P  2.0  5   13373378.000     121.867191   13355997.105     121.708801
 23     8          1s.4p  1  1 P  1.0  3   13381265.000     121.939063   13365477.889     121.795197
 24     9          1s.4d  3  2 D  1.0  3   13379385.000     121.921931   13362318.186     121.766403
 25     9          1s.4d  3  2 D  2.0  5   13379400.000     121.922068   13362318.186     121.766403
 26     9          1s.4d  3  2 D  3.0  7   13379562.000     121.923544   13362318.186     121.766403
 27     9          1s.4d  1  2 D  2.0  5   13379830.000     121.925986   13363898.874     121.780807
 28    10          1s.4f  3  3 F  2.0  5   13379893.000     121.926560   13362318.186     121.766403
 29    10          1s.4f  3  3 F  3.0  7          0.000       0.000000   13362318.186     121.766403
 30    10          1s.4f  3  3 F  4.0  9          0.000       0.000000   13363898.874     121.780807
 31    10          1s.4f  1  3 F  3.0  7   13379898.000     121.926606   13363898.874     121.780807
 32    11          1s.5s  3  0 S  1.0  3   13669618.000     124.566729   13649917.325     124.387199
 33    11          1s.5s  1  0 S  0.0  1   13675137.000     124.617022   13654657.717     124.430397
 34    12          1s.5p  3  1 P  0.0  1   13675091.000     124.616603   13654657.717     124.430397
 35    12          1s.5p  3  1 P  1.0  3   13675149.000     124.617131   13654657.717     124.430397
 36    12          1s.5p  3  1 P  2.0  5   13675377.000     124.619209   13656238.406     124.444801
 37    12          1s.5p  1  1 P  1.0  3   13679363.000     124.655532   13660978.798     124.487999
 38    13          1s.5d  3  2 D  1.0  3   13678422.000     124.646957   13659398.947     124.473602
 39    13          1s.5d  3  2 D  2.0  5   13678430.000     124.647030   13659398.947     124.473602
 40    13          1s.5d  3  2 D  3.0  7   13678513.000     124.647786   13659398.947     124.473602
 41    13          1s.5d  1  2 D  2.0  5   13678680.000     124.649308   13659398.947     124.473602
 42    14          1s.5f  3  3 F  2.0  5          0.000       0.000000   13659398.947     124.473602
 43    14          1s.5f  3  3 F  3.0  7          0.000       0.000000   13659398.947     124.473602
 44    14          1s.5f  3  3 F  4.0  9          0.000       0.000000   13659398.947     124.473602
 45    14          1s.5f  1  3 F  3.0  7          0.000       0.000000   13659398.947     124.473602
 46    15          1s.5g  3  4 G  3.0  7          0.000       0.000000   13659398.947     124.473602
 47    15          1s.5g  3  4 G  4.0  9          0.000       0.000000   13659398.947     124.473602
 48    15          1s.5g  3  4 G  5.0 11          0.000       0.000000   13659398.947     124.473602
 49    15          1s.5g  1  4 G  4.0  9          0.000       0.000000   13659398.947     124.473602
qq -1
%filename: mg_11.elvlc
%observed energy levels: Martin,W.C., Sugar,J., Musgrove,A., Dalton,G.R., 1995,
     NIST Database for Atomic Spectroscopy, Version 1.0, NIST Standard Reference Database 61.
%observed energy levels (2s2p 3P): Chen, M.H., Cheng, K.T., Johnson, W.R., 1993, Ph.Rev.A, 47, 3692
%theoretical energy levels: Sampson, D.H., Goett, S.J., Clark, R.E.H., 1983, ADNDT, 29, 467
%produced as part of the Arcetri/Cambridge/NRL 'CHIANTI' atomic data base collaboration
%
% K.P.Dere and E.Landi 2000
qq -1


qq
    1    2         9.3144      0.000e+00      7.347e+04                1s2 1S0.0 -               1s.2s 3S1.0     
    1    3         0.0000      0.000e+00      3.242e+07                1s2 1S0.0 -               1s.2s 1S0.0     
    1    5         9.2312      1.322e-03      3.448e+10                1s2 1S0.0 -               1s.2p 3P1.0     
    1    6         9.2282      0.000e+00      1.060e+07                1s2 1S0.0 -               1s.2p 3P2.0     
    1    7         9.1688      7.450e-01      1.969e+13                1s2 1S0.0 -               1s.2p 1P1.0     
    1   11         7.8631      2.584e-04      9.287e+09                1s2 1S0.0 -               1s.3p 3P1.0     
    1   13         7.8505      1.520e-01      5.481e+12                1s2 1S0.0 -               1s.3p 1P1.0     
    1   21         7.4778      1.012e-04      4.022e+09                1s2 1S0.0 -               1s.4p 3P1.0     
    1   23         7.4731      5.700e-02      2.268e+12                1s2 1S0.0 -               1s.4p 1P1.0     
    1   35         7.3125      5.011e-05      2.082e+09                1s2 1S0.0 -               1s.5p 3P1.0     
    1   37         7.3103      2.760e-02      1.148e+12                1s2 1S0.0 -               1s.5p 1P1.0     
    2    4      1043.2987      1.890e-01      1.340e+08              1s.2s 3S1.0 -               1s.2p 3P0.0     
    2    5      1034.3061      1.890e-01      1.370e+08              1s.2s 3S1.0 -               1s.2p 3P1.0     
    2    6       997.4552      1.980e-01      1.520e+08              1s.2s 3S1.0 -               1s.2p 3P2.0     
    2   10        50.4713      1.132e-01      2.963e+11              1s.2s 3S1.0 -               1s.3p 3P0.0     
    2   11        50.4645      3.391e-01      2.959e+11              1s.2s 3S1.0 -               1s.3p 3P1.0     
    2   12        50.4376      5.669e-01      2.971e+11              1s.2s 3S1.0 -               1s.3p 3P2.0     
    2   13        49.9534      6.314e-04      5.623e+08              1s.2s 3S1.0 -               1s.3p 1P1.0     
    2   20        37.9265      2.897e-02      1.343e+11              1s.2s 3S1.0 -               1s.4p 3P0.0     
    2   21        37.9249      8.674e-02      1.340e+11              1s.2s 3S1.0 -               1s.4p 3P1.0     
    2   22        37.9185      1.449e-01      1.344e+11              1s.2s 3S1.0 -               1s.4p 3P2.0     
    2   23        37.8054      1.718e-04      2.671e+08              1s.2s 3S1.0 -               1s.4p 1P1.0     
    2   34        34.0258      1.176e-02      6.772e+10              1s.2s 3S1.0 -               1s.5p 3P0.0     
    2   35        34.0251      3.520e-02      6.757e+10              1s.2s 3S1.0 -               1s.5p 3P1.0     
    2   36        34.0224      5.882e-02      6.775e+10              1s.2s 3S1.0 -               1s.5p 3P2.0     
    2   37        33.9764      7.176e-05      1.381e+08              1s.2s 3S1.0 -               1s.5p 1P1.0     
    3   11        53.2213      5.876e-04      4.610e+08              1s.2s 1S0.0 -               1s.3p 3P1.0     
    3   13        52.6531      3.235e-01      2.593e+11              1s.2s 1S0.0 -               1s.3p 1P1.0     
    3   21        39.4609      1.636e-04      2.335e+08              1s.2s 1S0.0 -               1s.4p 3P1.0     
    3   23        39.3316      8.330e-02      1.197e+11              1s.2s 1S0.0 -               1s.4p 1P1.0     
    3   35        35.2564      6.879e-05      1.230e+08              1s.2s 1S0.0 -               1s.5p 3P1.0     
    3   37        35.2041      3.389e-02      6.077e+10              1s.2s 1S0.0 -               1s.5p 1P1.0     
    4    8        53.7871      1.508e-03      1.158e+09              1s.2p 3P0.0 -               1s.3s 3S1.0     
    4   14        52.5985      7.723e-02      6.203e+10              1s.2p 3P0.0 -               1s.3d 3D1.0     
    4   18        39.5257      3.380e-04      4.808e+08              1s.2p 3P0.0 -               1s.4s 3S1.0     
    4   24        39.2558      1.352e-02      1.950e+10              1s.2p 3P0.0 -               1s.4d 3D1.0     
    4   32        35.2407      1.346e-04      2.408e+08              1s.2p 3P0.0 -               1s.5s 3S1.0     
    4   38        35.1317      4.925e-03      8.867e+09              1s.2p 3P0.0 -               1s.5d 3D1.0     
    5    8        53.8112      1.358e-02      1.042e+10              1s.2p 3P1.0 -               1s.3s 3S1.0     
    5   14        52.6216      1.739e-01      1.396e+11              1s.2p 3P1.0 -               1s.3d 3D1.0     
    5   15        52.6205      5.218e-01      2.513e+11              1s.2p 3P1.0 -               1s.3d 3D2.0     
    5   18        39.5387      3.042e-03      4.324e+09              1s.2p 3P1.0 -               1s.4s 3S1.0     
    5   24        39.2686      3.044e-02      4.387e+10              1s.2p 3P1.0 -               1s.4d 3D1.0     
    5   25        39.2684      9.135e-02      7.899e+10              1s.2p 3P1.0 -               1s.4d 3D2.0     
    5   32        35.2511      1.212e-03      2.167e+09              1s.2p 3P1.0 -               1s.5s 3S1.0     
    5   38        35.1420      1.109e-02      1.996e+10              1s.2p 3P1.0 -               1s.5d 3D1.0     
    5   39        35.1419      3.328e-02      3.593e+10              1s.2p 3P1.0 -               1s.5d 3D2.0     
    6    8        53.9149      3.778e-02      2.888e+10              1s.2p 3P2.0 -               1s.3s 3S1.0     
    6   14        52.7207      8.698e-01      6.954e+11              1s.2p 3P2.0 -               1s.3d 3D1.0     
    6   15        52.7196      2.898e-01      1.390e+11              1s.2p 3P2.0 -               1s.3d 3D2.0     
    6   16        52.7090      1.625e+00      5.571e+11              1s.2p 3P2.0 -               1s.3d 3D3.0     
    6   18        39.5946      8.465e-03      1.200e+10              1s.2p 3P2.0 -               1s.4s 3S1.0     
    6   24        39.3238      1.522e-01      2.187e+11              1s.2p 3P2.0 -               1s.4d 3D1.0     
    6   25        39.3236      5.073e-02      4.374e+10              1s.2p 3P2.0 -               1s.4d 3D2.0     
    6   26        39.3211      2.844e-01      1.752e+11              1s.2p 3P2.0 -               1s.4d 3D3.0     
    6   32        35.2955      3.372e-03      6.015e+09              1s.2p 3P2.0 -               1s.5s 3S1.0     
    6   38        35.1862      5.546e-02      9.955e+10              1s.2p 3P2.0 -               1s.5d 3D1.0     
    6   39        35.1861      1.848e-02      1.990e+10              1s.2p 3P2.0 -               1s.5d 3D2.0     
    6   40        35.1850      1.036e-01      7.970e+10              1s.2p 3P2.0 -               1s.5d 3D3.0     
    7    9        55.1971      4.077e-02      8.921e+10              1s.2p 1P1.0 -               1s.3s 1S0.0     
    7   17        54.7141      2.087e+00      9.295e+11              1s.2p 1P1.0 -               1s.3d 1D2.0     
    7   19        40.5456      9.135e-03      3.705e+10              1s.2p 1P1.0 -               1s.4s 1S0.0     
    7   27        40.4332      3.654e-01      2.980e+11              1s.2p 1P1.0 -               1s.4d 1D2.0     
    7   33        36.1204      3.639e-03      1.859e+10              1s.2p 1P1.0 -               1s.5s 1S0.0     
    7   41        36.0742      1.331e-01      1.364e+11              1s.2p 1P1.0 -               1s.5d 1D2.0     
    8   20       146.7027      1.614e-01      5.000e+10              1s.3s 3S1.0 -               1s.4p 3P0.0     
    8   21       146.6786      4.842e-01      5.001e+10              1s.3s 3S1.0 -               1s.4p 3P1.0     
    8   22       146.5831      8.085e-01      5.017e+10              1s.3s 3S1.0 -               1s.4p 3P2.0     
    8   34       101.6344      4.029e-02      2.600e+10              1s.3s 3S1.0 -               1s.5p 3P0.0     
    8   35       101.6284      1.209e-01      2.601e+10              1s.3s 3S1.0 -               1s.5p 3P1.0     
    8   36       101.6048      2.018e-01      2.606e+10              1s.3s 3S1.0 -               1s.5p 3P2.0     
    9   23       150.8387      4.847e-01      4.734e+10              1s.3s 1S0.0 -               1s.4p 1P1.0     
    9   37       104.0521      1.210e-01      2.484e+10              1s.3s 1S0.0 -               1s.5p 1P1.0     
   10   18       155.1531      3.580e-03      3.305e+08              1s.3p 3P0.0 -               1s.4s 3S1.0     
   10   24       151.0759      6.863e-02      6.682e+09              1s.3p 3P0.0 -               1s.4d 3D1.0     
   10   32       105.0253      8.245e-04      1.661e+08              1s.3p 3P0.0 -               1s.5s 3S1.0     
   10   38       104.0631      1.545e-02      3.170e+09              1s.3p 3P0.0 -               1s.5d 3D1.0     
   11   18       155.2166      3.222e-02      2.972e+09              1s.3p 3P1.0 -               1s.4s 3S1.0     
   11   24       151.1362      1.545e-01      1.503e+10              1s.3p 3P1.0 -               1s.4d 3D1.0     
   11   25       151.1328      4.637e-01      2.707e+10              1s.3p 3P1.0 -               1s.4d 3D2.0     
   11   32       105.0545      7.421e-03      1.494e+09              1s.3p 3P1.0 -               1s.5s 3S1.0     
   11   38       104.0917      3.479e-02      7.135e+09              1s.3p 3P1.0 -               1s.5d 3D1.0     
   11   39       104.0909      1.044e-01      1.285e+10              1s.3p 3P1.0 -               1s.5d 3D2.0     
   12   18       155.4717      8.965e-02      8.242e+09              1s.3p 3P2.0 -               1s.4s 3S1.0     
   12   24       151.3780      7.729e-01      7.495e+10              1s.3p 3P2.0 -               1s.4d 3D1.0     
   12   25       151.3746      2.575e-01      1.498e+10              1s.3p 3P2.0 -               1s.4d 3D2.0     
   12   26       151.3375      1.444e+00      6.005e+10              1s.3p 3P2.0 -               1s.4d 3D3.0     
   12   32       105.1712      2.065e-02      4.149e+09              1s.3p 3P2.0 -               1s.5s 3S1.0     
   12   38       104.2064      1.740e-01      3.561e+10              1s.3p 3P2.0 -               1s.5d 3D1.0     
   12   39       104.2055      5.798e-02      7.119e+09              1s.3p 3P2.0 -               1s.5d 3D2.0     
   12   40       104.1965      3.250e-01      2.851e+10              1s.3p 3P2.0 -               1s.5d 3D3.0     
   13   19       157.4878      9.675e-02      2.601e+10              1s.3p 1P1.0 -               1s.4s 1S0.0     
   13   27       155.8062      1.855e+00      1.019e+11              1s.3p 1P1.0 -               1s.4d 1D2.0     
   13   33       106.7089      2.228e-02      1.304e+10              1s.3p 1P1.0 -               1s.5s 1S0.0     
   13   41       106.3070      4.176e-01      4.927e+10              1s.3p 1P1.0 -               1s.5d 1D2.0     
   14   20       156.3385      3.660e-03      9.983e+08              1s.3d 3D1.0 -               1s.4p 3P0.0     
   14   21       156.3111      2.746e-03      2.498e+08              1s.3d 3D1.0 -               1s.4p 3P1.0     
   14   22       156.2027      8.243e-03      4.505e+08              1s.3d 3D1.0 -               1s.4p 3P2.0     
   14   28       154.6291      6.108e-01      3.406e+10              1s.3d 3D1.0 -               1s.4f 3F2.0     
   14   34       106.1677      7.359e-04      4.353e+08              1s.3d 3D1.0 -               1s.5p 3P0.0     
   14   35       106.1611      5.523e-04      1.089e+08              1s.3d 3D1.0 -               1s.5p 3P1.0     
   14   36       106.1355      1.658e-03      1.962e+08              1s.3d 3D1.0 -               1s.5p 3P2.0     
   14   42      -106.5362      9.396e-02      1.104e+10              1s.3d 3D1.0 -               1s.5f 3F2.0     
   15   21       156.3209      1.374e-02      1.250e+09              1s.3d 3D2.0 -               1s.4p 3P1.0     
   15   22       156.2124      4.577e-03      2.501e+08              1s.3d 3D2.0 -               1s.4p 3P2.0     
   15   28       154.6387      1.883e-01      1.050e+10              1s.3d 3D2.0 -               1s.4f 3F2.0     
   15   29      -155.8682      1.508e+00      5.911e+10              1s.3d 3D2.0 -               1s.4f 3F3.0     
   15   35       106.1656      2.763e-03      5.448e+08              1s.3d 3D2.0 -               1s.5p 3P1.0     
   15   36       106.1400      9.205e-04      1.089e+08              1s.3d 3D2.0 -               1s.5p 3P2.0     
   15   42      -106.5362      2.897e-02      3.403e+09              1s.3d 3D2.0 -               1s.5f 3F2.0     
   15   43      -106.5362      2.320e-01      1.947e+10              1s.3d 3D2.0 -               1s.5f 3F3.0     
   16   22       156.3052      3.593e-02      1.961e+09              1s.3d 3D3.0 -               1s.4p 3P2.0     
   16   28       154.7296      3.691e-01      2.056e+10              1s.3d 3D3.0 -               1s.4f 3F2.0     
   16   29      -156.2532      2.637e-01      1.029e+10              1s.3d 3D3.0 -               1s.4f 3F3.0     
   16   30      -155.8682      3.054e+00      9.312e+10              1s.3d 3D3.0 -               1s.4f 3F4.0     
   16   36       106.1828      7.224e-03      8.543e+08              1s.3d 3D3.0 -               1s.5p 3P2.0     
   16   42      -106.7159      5.678e-02      6.648e+09              1s.3d 3D3.0 -               1s.5f 3F2.0     
   16   43      -106.7159      4.056e-02      3.392e+09              1s.3d 3D3.0 -               1s.5f 3F3.0     
   16   44      -106.7159      4.698e-01      3.056e+10              1s.3d 3D3.0 -               1s.5f 3F4.0     
   17   23       154.5677      5.495e-02      5.111e+09              1s.3d 1D2.0 -               1s.4p 1P1.0     
   17   31       154.8950      5.090e+00      2.020e+11              1s.3d 1D2.0 -               1s.4f 1F3.0     
   17   37       105.8130      1.105e-02      2.193e+09              1s.3d 1D2.0 -               1s.5p 1P1.0     
   17   45      -106.7159      7.830e-01      6.548e+10              1s.3d 1D2.0 -               1s.5f 1F3.0     
   18   34       319.3874      1.812e-01      1.184e+10              1s.4s 3S1.0 -               1s.5p 3P0.0     
   18   35       319.3282      5.437e-01      1.185e+10              1s.4s 3S1.0 -               1s.5p 3P1.0     
   18   36       319.0959      9.077e-01      1.189e+10              1s.4s 3S1.0 -               1s.5p 3P2.0     
   19   37       326.3863      5.442e-01      1.135e+10              1s.4s 1S0.0 -               1s.5p 1P1.0     
   20   32       336.9324      5.873e-03      1.150e+08              1s.4p 3P0.0 -               1s.5s 3S1.0     
   20   38       327.2257      6.763e-02      1.404e+09              1s.4p 3P0.0 -               1s.5d 3D1.0     
   21   32       337.0596      5.286e-02      1.034e+09              1s.4p 3P1.0 -               1s.5s 3S1.0     
   21   38       327.3457      1.523e-01      3.158e+09              1s.4p 3P1.0 -               1s.5d 3D1.0     
   21   39       327.3371      4.570e-01      5.687e+09              1s.4p 3P1.0 -               1s.5d 3D2.0     
   22   32       337.5648      1.471e-01      2.869e+09              1s.4p 3P2.0 -               1s.5s 3S1.0     
   22   38       327.8222      7.616e-01      1.575e+10              1s.4p 3P2.0 -               1s.5d 3D1.0     
   22   39       327.8136      2.538e-01      3.149e+09              1s.4p 3P2.0 -               1s.5d 3D2.0     
   22   40       327.7244      1.423e+00      1.262e+10              1s.4p 3P2.0 -               1s.5d 3D3.0     
   23   33       340.2848      1.587e-01      9.137e+09              1s.4p 1P1.0 -               1s.5s 1S0.0     
   23   41       336.2311      1.828e+00      2.156e+10              1s.4p 1P1.0 -               1s.5d 1D2.0     
   24   34       338.1743      9.264e-03      5.400e+08              1s.4d 3D1.0 -               1s.5p 3P0.0     
   24   35       338.1080      6.952e-03      1.351e+08              1s.4d 3D1.0 -               1s.5p 3P1.0     
   24   36       337.8476      2.087e-02      2.438e+08              1s.4d 3D1.0 -               1s.5p 3P2.0     
   24   42      -336.6092      5.342e-01      6.286e+09              1s.4d 3D1.0 -               1s.5f 3F2.0     
   25   35       338.1252      3.478e-02      6.760e+08              1s.4d 3D2.0 -               1s.5p 3P1.0     
   25   36       337.8647      1.159e-02      1.354e+08              1s.4d 3D2.0 -               1s.5p 3P2.0     
   25   42      -336.6092      1.647e-01      1.938e+09              1s.4d 3D2.0 -               1s.5f 3F2.0     
   25   43      -336.6092      1.319e+00      1.109e+10              1s.4d 3D2.0 -               1s.5f 3F3.0     
   26   36       338.0497      9.094e-02      1.061e+09              1s.4d 3D3.0 -               1s.5p 3P2.0     
   26   42      -336.6092      3.228e-01      3.799e+09              1s.4d 3D3.0 -               1s.5f 3F2.0     
   26   43      -336.6092      2.306e-01      1.938e+09              1s.4d 3D3.0 -               1s.5f 3F3.0     
   26   44      -336.6092      2.671e+00      1.746e+10              1s.4d 3D3.0 -               1s.5f 3F4.0     
   27   37       333.8536      1.391e-01      2.773e+09              1s.4d 1D2.0 -               1s.5p 1P1.0     
   27   45      -338.4101      4.451e+00      3.702e+10              1s.4d 1D2.0 -               1s.5f 1F3.0     
   28   38       334.9764      8.871e-03      1.757e+08              1s.4f 3F2.0 -               1s.5d 3D1.0     
   28   39       334.9675      1.641e-03      1.950e+07              1s.4f 3F2.0 -               1s.5d 3D2.0     
   28   40       334.8744      2.298e-03      1.952e+07              1s.4f 3F2.0 -               1s.5d 3D3.0     
   28   46      -336.6092      1.602e+00      1.347e+10              1s.4f 3F2.0 -               1s.5g 3G3.0     
   29   39      -336.6092      1.840e-02      2.165e+08              1s.4f 3F3.0 -               1s.5d 3D2.0     
   29   40      -336.6092      2.298e-03      1.932e+07              1s.4f 3F3.0 -               1s.5d 3D3.0     
   29   46      -336.6092      1.960e-01      1.647e+09              1s.4f 3F3.0 -               1s.5g 3G3.0     
   29   47      -336.6092      2.290e+00      1.497e+10              1s.4f 3F3.0 -               1s.5g 3G4.0     
   30   40      -338.4101      3.422e-02      2.846e+08              1s.4f 3F4.0 -               1s.5d 3D3.0     
   30   46      -338.4101      3.998e-03      3.325e+07              1s.4f 3F4.0 -               1s.5g 3G3.0     
   30   47      -338.4101      1.526e-01      9.870e+08              1s.4f 3F4.0 -               1s.5g 3G4.0     
   30   48      -338.4101      4.935e+00      2.612e+10              1s.4f 3F4.0 -               1s.5g 3G5.0     
   31   41       334.6928      6.210e-02      7.392e+08              1s.4f 1F3.0 -               1s.5d 1D2.0     
   31   49      -338.4101      9.422e+00      6.094e+10              1s.4f 1F3.0 -               1s.5g 1G4.0     
qq -1
%filename: mg_11.wgfa
%observed energy levels: Martin,W.C., Sugar,J., Musgrove,A., Dalton,G.R., 1995,
   NIST Database for Atomic Spectroscopy, Version 1.0, NIST Standard Reference Database 61
%observed energy levels (2s2p 3P): Chen, M.H., Cheng, K.T., Johnson, W.R., 1993, Ph.Rev.A, 47, 3692
%theoretical energy levels: Sampson, D.H., Goett, S.J., Clark, R.E.H., 1983, ADNDT, 29, 467
%oscillator strengths and A values (1-7,13,23,37): Wiese, W.L., Fuhr, J.R., 1995, 
   NIST Database for Atomic Spectroscopy, Version 1.0, NIST Standard Reference Database 61
%oscillator strengths (for transitions involving lower levels 1,2,3): 
   Sampson, D.H., Goett, S.J., Clark, R.E.H., 1983, ADNDT, 29, 467,  Hydrogenic values
%A values (1-6; 2-4,5,6): Lin, C.D., Johnson, W.R., Dalgarno, A., Phys Rev A, 1977, 15, 154
%A values (1-2): Stefanelli, G.S., Beiersdorfer, P., Decaux, V., Widmann, K., 1995, Phys. Rev. A, 52, 3651
%A values (1-5): Armour, I.A., Silver, J.D., Traebert, E., 1981, J. Phys. B, 14 ,3563
%A values (1-3, 2-phot): Drake, G.W.F., Phys Rev A, 1986, 34, 2871
%oscillator strengths: Wiese, W.L., Smith, M.W., Glennon, B.M., 1966, Atomic Transition Probabilities, NSRDS-NBS-4. 
%Comment: Wiese's oscillator strengths are hydrogenic
%produced as part of the Arcetri/Cambridge/NRL 'CHIANTI' atomic data base collaboration
%
% K.P.Dere and E.Landi - Apr 2005
qq -1
 12 11  1  2  2 0.000e+00 9.770e+01 2.000e-01 1.810e-03 2.235e-03 1.942e-03 1.366e-03 4.705e-04
 12 11  1  3  2 0.000e+00 9.876e+01 2.000e-01 3.375e-03 3.644e-03 3.800e-03 4.139e-03 4.966e-03
 12 11  1  4  2 0.000e+00 9.861e+01 2.000e-01 1.101e-03 1.168e-03 9.891e-04 6.870e-04 2.197e-04
 12 11  1  5  2 0.000e+00 9.863e+01 2.000e-01 3.415e-03 3.505e-03 2.983e-03 2.090e-03 6.678e-04
 12 11  1  6  2 0.000e+00 9.869e+01 2.000e-01 5.675e-03 5.829e-03 4.939e-03 3.444e-03 1.013e-03
 12 11  1  7  1 7.450e-01 9.948e+01 1.300e+00 9.930e-03 1.201e-02 1.477e-02 2.028e-02 2.996e-02
 12 11  1  8  3 0.000e+00 1.155e+02 1.900e+00 4.640e-04 4.665e-04 5.115e-04 5.823e-04 7.377e-04
 12 11  1  9  2 0.000e+00 1.158e+02 1.700e+00 6.675e-04 8.367e-04 9.693e-04 1.098e-03 1.272e-03
 12 11  1 10  3 0.000e+00 1.157e+02 1.700e+00 2.835e-04 2.523e-04 2.526e-04 2.642e-04 3.013e-04
 12 11  1 11  4 2.584e-04 1.158e+02 1.700e+00 1.608e-03 8.316e-04 3.342e-04 5.658e-05 6.646e-06
 12 11  1 12  3 0.000e+00 1.158e+02 1.700e+00 1.983e-03 1.764e-03 1.766e-03 1.847e-03 2.107e-03
 12 11  1 13  1 1.407e-01 1.160e+02 2.500e+00 1.743e-03 3.454e-03 4.426e-03 4.943e-03 4.864e-03
 12 11  1 14  3 0.000e+00 1.159e+02 1.200e+00 1.117e-04 8.920e-05 8.018e-05 7.621e-05 7.918e-05
 12 11  1 15  2 0.000e+00 1.159e+02 9.000e-01 1.818e-04 1.207e-04 8.322e-05 5.563e-05 4.375e-05
 12 11  1 16  3 0.000e+00 1.159e+02 1.200e+00 2.609e-04 2.080e-04 1.872e-04 1.778e-04 1.850e-04
 12 11  1 17  2 0.000e+00 1.159e+02 2.700e+00 7.712e-05 2.604e-04 4.179e-04 5.813e-04 8.185e-04
 12 11  1 18  3 0.000e+00 1.216e+02 2.700e+00 1.890e-04 1.908e-04 2.120e-04 2.409e-04 2.922e-04
 12 11  1 19  2 0.000e+00 1.217e+02 1.700e+00 2.407e-04 3.067e-04 3.578e-04 4.070e-04 4.727e-04
 12 11  1 20  3 0.000e+00 1.217e+02 1.700e+00 1.153e-04 1.009e-04 1.002e-04 1.041e-04 1.176e-04
 12 11  1 21  4 1.012e-04 1.217e+02 1.700e+00 6.541e-04 3.342e-04 1.330e-04 2.217e-05 2.557e-06
 12 11  1 22  3 0.000e+00 1.217e+02 1.700e+00 8.072e-04 7.067e-04 7.017e-04 7.288e-04 8.245e-04
 12 11  1 23  1 5.135e-02 1.218e+02 2.500e+00 6.044e-04 1.252e-03 1.603e-03 1.766e-03 1.690e-03
 12 11  1 24  3 0.000e+00 1.218e+02 1.300e+00 5.994e-05 4.682e-05 4.204e-05 3.995e-05 4.136e-05
 12 11  1 25  2 0.000e+00 1.218e+02 9.000e-01 9.907e-05 6.399e-05 4.210e-05 2.560e-05 1.544e-05
 12 11  1 26  3 0.000e+00 1.218e+02 1.200e+00 1.404e-04 1.104e-04 9.872e-05 9.325e-05 9.648e-05
 12 11  1 27  2 0.000e+00 1.218e+02 2.700e+00 4.516e-05 1.373e-04 2.176e-04 3.013e-04 4.260e-04
 12 11  1 28  3 0.000e+00 1.218e+02 1.000e+00 4.788e-06 3.465e-06 2.832e-06 2.472e-06 2.315e-06
 12 11  1 29  2 0.000e+00 1.218e+02 1.100e+00 5.588e-06 3.522e-06 2.830e-06 2.522e-06 2.922e-06
 12 11  1 30  3 0.000e+00 1.218e+02 1.100e+00 8.593e-06 6.101e-06 5.036e-06 4.414e-06 4.191e-06
 12 11  1 31  2 0.000e+00 1.218e+02 1.100e+00 5.019e-06 3.545e-06 3.326e-06 3.442e-06 4.403e-06
 12 11  1 32  3 0.000e+00 1.244e+02 1.700e+00 9.633e-05 9.420e-05 1.009e-04 1.131e-04 1.420e-04
 12 11  1 33  2 0.000e+00 1.244e+02 1.700e+00 1.147e-04 1.474e-04 1.725e-04 1.966e-04 2.287e-04
 12 11  1 34  3 0.000e+00 1.244e+02 1.700e+00 5.808e-05 5.049e-05 4.993e-05 5.173e-05 5.824e-05
 12 11  1 35  4 5.011e-05 1.244e+02 1.700e+00 3.297e-04 1.675e-04 6.638e-05 1.104e-05 1.269e-06
 12 11  1 36  3 0.000e+00 1.244e+02 1.700e+00 4.066e-04 3.533e-04 3.497e-04 3.620e-04 4.082e-04
 12 11  1 37  1 2.464e-02 1.245e+02 2.500e+00 2.830e-04 5.991e-04 7.664e-04 8.406e-04 7.936e-04
 12 11  1 38  3 0.000e+00 1.245e+02 1.200e+00 3.313e-05 2.596e-05 2.312e-05 2.181e-05 2.247e-05
 12 11  1 39  2 0.000e+00 1.245e+02 1.000e+00 5.442e-05 3.374e-05 2.162e-05 1.271e-05 7.177e-06
 12 11  1 40  3 0.000e+00 1.245e+02 1.200e+00 7.731e-05 6.056e-05 5.395e-05 5.088e-05 5.243e-05
 12 11  1 41  2 0.000e+00 1.245e+02 2.700e+00 2.356e-05 7.299e-05 1.156e-04 1.595e-04 2.281e-04
 12 11  1 42  3 0.000e+00 1.245e+02 1.000e+00 3.779e-06 2.723e-06 2.220e-06 1.935e-06 1.808e-06
 12 11  1 43  2 0.000e+00 1.245e+02 1.000e+00 4.464e-06 2.823e-06 2.196e-06 1.886e-06 2.116e-06
 12 11  1 44  3 0.000e+00 1.245e+02 1.000e+00 6.800e-06 4.901e-06 3.996e-06 3.483e-06 3.254e-06
 12 11  1 45  2 0.000e+00 1.245e+02 1.100e+00 3.898e-06 2.753e-06 2.604e-06 2.701e-06 3.515e-06
 12 11  1 46  3 0.000e+00 1.245e+02 3.000e-01 1.042e-07 8.641e-08 6.892e-08 5.172e-08 3.454e-08
 12 11  1 47  3 0.000e+00 1.245e+02 1.300e+00 1.138e-07 7.760e-08 6.995e-08 7.408e-08 9.179e-08
 12 11  1 48  3 0.000e+00 1.245e+02 3.000e-01 1.629e-07 1.352e-07 1.080e-07 8.116e-08 5.442e-08
 12 11  1 49  2 0.000e+00 1.245e+02 3.000e-01 1.152e-07 8.932e-08 6.372e-08 3.855e-08 1.315e-08
 12 11  2  3  2 0.000e+00 1.054e+00 1.500e+01 1.377e-02 2.126e-02 1.839e-02 1.154e-02 2.822e-03
 12 11  2  4  1 2.100e-02 9.072e-01 6.600e+00 2.967e-01 2.062e-01 1.566e-01 1.332e-01 9.260e-02
 12 11  2  5  1 6.300e-02 9.289e-01 5.500e+00 8.796e-01 6.548e-01 4.867e-01 4.021e-01 2.713e-01
 12 11  2  6  1 1.100e-01 9.762e-01 5.500e+00 1.521e+00 1.091e+00 8.093e-01 6.670e-01 4.508e-01
 12 11  2  7  2 0.000e+00 1.774e+00 1.000e+01 3.411e-02 4.800e-02 3.688e-02 2.045e-02 3.916e-03
 12 11  2  8  2 0.000e+00 1.778e+01 2.700e+00 1.012e-01 1.084e-01 1.142e-01 1.191e-01 1.252e-01
 12 11  2  9  3 0.000e+00 1.807e+01 5.700e+00 2.507e-03 2.979e-03 3.576e-03 4.069e-03 5.145e-03
 12 11  2 10  1 1.132e-01 1.804e+01 3.500e+00 8.037e-03 1.214e-02 1.566e-02 2.005e-02 2.513e-02
 12 11  2 11  1 3.391e-01 1.806e+01 3.500e+00 2.408e-02 3.635e-02 4.689e-02 5.999e-02 7.521e-02
 12 11  2 12  1 5.669e-01 1.807e+01 3.500e+00 4.017e-02 6.068e-02 7.828e-02 1.002e-01 1.257e-01
 12 11  2 13  4 6.314e-04 1.827e+01 2.700e+00 5.833e-03 2.607e-03 8.284e-04 1.462e-04 1.492e-04
 12 11  2 14  2 0.000e+00 1.822e+01 4.700e+00 2.657e-02 3.467e-02 4.190e-02 4.901e-02 6.029e-02
 12 11  2 15  2 0.000e+00 1.822e+01 4.700e+00 5.959e-02 7.702e-02 9.277e-02 1.083e-01 1.331e-01
 12 11  2 16  2 0.000e+00 1.823e+01 4.700e+00 8.677e-02 1.133e-01 1.369e-01 1.601e-01 1.971e-01
 12 11  2 17  2 0.000e+00 1.823e+01 3.700e+00 2.013e-02 1.338e-02 1.011e-02 8.187e-03 7.249e-03
 12 11  2 18  2 0.000e+00 2.389e+01 3.700e+00 1.966e-02 2.148e-02 2.262e-02 2.349e-02 2.443e-02
 12 11  2 19  3 0.000e+00 2.399e+01 4.700e+00 8.726e-04 8.977e-04 1.018e-03 1.119e-03 1.384e-03
 12 11  2 20  1 2.897e-02 2.399e+01 3.500e+00 2.026e-03 2.960e-03 3.587e-03 4.240e-03 4.835e-03
 12 11  2 21  1 8.674e-02 2.399e+01 3.500e+00 6.069e-03 8.865e-03 1.074e-02 1.269e-02 1.448e-02
 12 11  2 22  1 1.449e-01 2.400e+01 3.500e+00 1.013e-02 1.480e-02 1.793e-02 2.119e-02 2.418e-02
 12 11  2 23  4 1.718e-04 2.409e+01 1.700e+00 4.433e-03 2.431e-03 1.027e-03 1.773e-04 1.628e-05
 12 11  2 24  2 0.000e+00 2.406e+01 4.700e+00 4.511e-03 5.265e-03 6.000e-03 6.683e-03 7.639e-03
 12 11  2 25  2 0.000e+00 2.406e+01 3.700e+00 1.034e-02 1.163e-02 1.317e-02 1.470e-02 1.711e-02
 12 11  2 26  2 0.000e+00 2.406e+01 4.700e+00 1.474e-02 1.720e-02 1.960e-02 2.183e-02 2.496e-02
 12 11  2 27  2 0.000e+00 2.408e+01 2.300e+00 5.510e-03 3.472e-03 2.232e-03 1.364e-03 6.123e-04
 12 11  2 28  2 0.000e+00 2.406e+01 4.700e+00 3.664e-03 4.189e-03 4.613e-03 4.996e-03 5.583e-03
 12 11  2 29  2 0.000e+00 2.406e+01 3.700e+00 4.578e-03 4.129e-03 4.159e-03 4.284e-03 4.709e-03
 12 11  2 30  2 0.000e+00 2.408e+01 4.700e+00 6.596e-03 7.540e-03 8.303e-03 8.993e-03 1.005e-02
 12 11  2 31  2 0.000e+00 2.408e+01 2.700e+00 4.392e-03 3.412e-03 3.065e-03 2.913e-03 3.061e-03
 12 11  2 32  2 0.000e+00 2.668e+01 4.700e+00 7.476e-03 8.265e-03 8.681e-03 8.991e-03 9.291e-03
 12 11  2 33  3 0.000e+00 2.673e+01 3.700e+00 4.177e-04 4.011e-04 4.409e-04 4.780e-04 5.918e-04
 12 11  2 34  1 1.176e-02 2.673e+01 3.500e+00 8.188e-04 1.176e-03 1.393e-03 1.600e-03 1.762e-03
 12 11  2 35  1 3.520e-02 2.673e+01 3.500e+00 2.453e-03 3.523e-03 4.171e-03 4.787e-03 5.272e-03
 12 11  2 36  1 5.882e-02 2.674e+01 3.500e+00 4.093e-03 5.882e-03 6.965e-03 7.993e-03 8.807e-03
 12 11  2 37  4 7.176e-05 2.678e+01 1.700e+00 2.156e-03 1.164e-03 4.775e-04 7.936e-05 5.519e-06
 12 11  2 38  2 0.000e+00 2.677e+01 3.700e+00 1.640e-03 1.755e-03 1.950e-03 2.147e-03 2.445e-03
 12 11  2 39  2 0.000e+00 2.677e+01 3.700e+00 3.776e-03 3.999e-03 4.422e-03 4.855e-03 5.518e-03
 12 11  2 40  2 0.000e+00 2.677e+01 3.700e+00 5.356e-03 5.734e-03 6.370e-03 7.012e-03 7.982e-03
 12 11  2 41  2 0.000e+00 2.677e+01 1.700e+00 2.491e-03 1.626e-03 1.033e-03 5.898e-04 1.695e-04
 12 11  2 42  2 0.000e+00 2.677e+01 4.700e+00 1.947e-03 2.097e-03 2.277e-03 2.455e-03 2.768e-03
 12 11  2 43  2 0.000e+00 2.677e+01 3.700e+00 2.443e-03 2.119e-03 2.112e-03 2.165e-03 2.407e-03
 12 11  2 44  2 0.000e+00 2.677e+01 3.700e+00 3.516e-03 3.721e-03 4.029e-03 4.342e-03 4.967e-03
 12 11  2 45  2 0.000e+00 2.677e+01 3.700e+00 3.516e-03 3.721e-03 4.029e-03 4.342e-03 4.967e-03
 12 11  2 46  2 0.000e+00 2.677e+01 2.700e+00 2.690e-04 2.110e-04 2.053e-04 2.163e-04 2.690e-04
 12 11  2 47  2 0.000e+00 2.677e+01 2.700e+00 3.360e-04 2.132e-04 1.771e-04 1.664e-04 1.920e-04
 12 11  2 48  2 0.000e+00 2.677e+01 2.700e+00 4.229e-04 3.315e-04 3.227e-04 3.399e-04 4.227e-04
 12 11  2 49  2 0.000e+00 2.677e+01 2.400e+00 3.388e-04 2.058e-04 1.583e-04 1.383e-04 1.524e-04
 12 11  3  4  2 0.000e+00 1.454e-01 1.500e+02 4.113e-03 4.848e-03 3.474e-03 1.751e-03 7.249e-05
 12 11  3  5  2 0.000e+00 1.246e-01 1.300e+02 1.030e-02 1.754e-02 1.550e-02 1.063e-02 5.817e-03
 12 11  3  6  2 0.000e+00 7.731e-02 2.400e+02 1.451e-02 2.411e-02 1.870e-02 9.882e-03 1.837e-04
 12 11  3  7  2 0.000e+00 7.203e-01 3.800e+01 1.174e+00 1.469e+00 1.754e+00 2.120e+00 2.695e+00
 12 11  3  8  3 0.000e+00 1.673e+01 7.700e+00 2.502e-03 3.112e-03 3.743e-03 4.207e-03 5.242e-03
 12 11  3  9  2 0.000e+00 1.702e+01 3.700e+00 3.231e-02 3.582e-02 3.813e-02 3.989e-02 4.180e-02
 12 11  3 10  3 0.000e+00 1.699e+01 4.700e+00 6.920e-04 8.017e-04 9.400e-04 1.052e-03 1.292e-03
 12 11  3 11  4 5.876e-04 1.701e+01 2.700e+00 1.959e-03 9.060e-04 3.263e-04 1.165e-04 1.419e-04
 12 11  3 12  3 0.000e+00 1.702e+01 3.700e+00 3.482e-03 3.898e-03 4.553e-03 5.115e-03 6.415e-03
 12 11  3 13  1 3.235e-01 1.722e+01 2.500e+00 1.915e-02 3.010e-02 4.056e-02 5.496e-02 7.540e-02
 12 11  3 14  3 0.000e+00 1.716e+01 3.700e+00 3.917e-03 4.327e-03 5.075e-03 5.720e-03 7.320e-03
 12 11  3 15  2 0.000e+00 1.716e+01 3.700e+00 8.277e-03 6.895e-03 6.541e-03 6.592e-03 7.435e-03
 12 11  3 16  3 0.000e+00 1.718e+01 3.700e+00 9.137e-03 1.009e-02 1.184e-02 1.334e-02 1.707e-02
 12 11  3 17  2 0.000e+00 1.718e+01 4.700e+00 4.815e-02 7.122e-02 8.974e-02 1.070e-01 1.334e-01
 12 11  3 18  3 0.000e+00 2.284e+01 4.700e+00 8.724e-04 8.975e-04 1.018e-03 1.117e-03 1.389e-03
 12 11  3 19  2 0.000e+00 2.294e+01 3.700e+00 6.020e-03 6.897e-03 7.400e-03 7.769e-03 8.148e-03
 12 11  3 20  3 0.000e+00 2.294e+01 3.700e+00 2.534e-04 2.570e-04 2.826e-04 3.051e-04 3.637e-04
 12 11  3 21  4 1.636e-04 2.294e+01 1.900e+00 1.187e-03 6.239e-04 2.470e-04 5.137e-05 2.787e-05
 12 11  3 22  3 0.000e+00 2.295e+01 3.700e+00 1.267e-03 1.285e-03 1.413e-03 1.526e-03 1.819e-03
 12 11  3 23  1 8.330e-02 2.304e+01 2.500e+00 4.368e-03 7.305e-03 9.567e-03 1.200e-02 1.454e-02
 12 11  3 24  3 0.000e+00 2.301e+01 4.700e+00 1.096e-03 1.156e-03 1.304e-03 1.428e-03 1.719e-03
 12 11  3 25  2 0.000e+00 2.301e+01 2.700e+00 1.942e-03 1.308e-03 9.775e-04 7.708e-04 6.423e-04
 12 11  3 26  3 0.000e+00 2.301e+01 4.700e+00 2.557e-03 2.698e-03 3.043e-03 3.332e-03 4.011e-03
 12 11  3 27  2 0.000e+00 2.303e+01 3.700e+00 6.964e-03 9.934e-03 1.227e-02 1.432e-02 1.717e-02
 12 11  3 28  3 0.000e+00 2.301e+01 4.700e+00 9.728e-04 8.823e-04 9.354e-04 9.548e-04 1.146e-03
 12 11  3 29  2 0.000e+00 2.301e+01 3.700e+00 1.796e-03 2.169e-03 2.454e-03 2.698e-03 3.085e-03
 12 11  3 30  3 0.000e+00 2.303e+01 3.700e+00 1.776e-03 1.590e-03 1.664e-03 1.696e-03 2.038e-03
 12 11  3 31  2 0.000e+00 2.303e+01 3.700e+00 2.090e-03 3.024e-03 3.604e-03 4.065e-03 4.717e-03
 12 11  3 32  3 0.000e+00 2.563e+01 4.700e+00 4.127e-04 4.052e-04 4.515e-04 4.885e-04 5.995e-04
 12 11  3 33  2 0.000e+00 2.568e+01 3.700e+00 2.231e-03 2.601e-03 2.804e-03 2.952e-03 3.109e-03
 12 11  3 34  3 0.000e+00 2.568e+01 3.700e+00 1.232e-04 1.199e-04 1.291e-04 1.374e-04 1.613e-04
 12 11  3 35  4 6.879e-05 2.568e+01 2.200e+00 4.568e-04 2.116e-04 7.295e-05 1.511e-05 1.140e-05
 12 11  3 36  3 0.000e+00 2.569e+01 4.700e+00 6.109e-04 6.041e-04 6.574e-04 6.983e-04 8.130e-04
 12 11  3 37  1 3.389e-02 2.573e+01 2.500e+00 1.650e-03 2.879e-03 3.751e-03 4.577e-03 5.297e-03
 12 11  3 38  3 0.000e+00 2.572e+01 4.700e+00 4.891e-04 4.956e-04 5.494e-04 5.943e-04 7.059e-04
 12 11  3 39  2 0.000e+00 2.572e+01 2.700e+00 8.297e-04 5.150e-04 3.542e-04 2.523e-04 1.726e-04
 12 11  3 40  3 0.000e+00 2.572e+01 4.700e+00 1.141e-03 1.156e-03 1.282e-03 1.387e-03 1.647e-03
 12 11  3 41  2 0.000e+00 2.572e+01 3.700e+00 2.265e-03 3.270e-03 4.039e-03 4.696e-03 5.566e-03
 12 11  3 42  3 0.000e+00 2.572e+01 4.700e+00 5.071e-04 4.482e-04 4.705e-04 4.789e-04 5.670e-04
 12 11  3 43  2 0.000e+00 2.572e+01 3.700e+00 9.440e-04 1.055e-03 1.162e-03 1.265e-03 1.426e-03
 12 11  3 44  3 0.000e+00 2.572e+01 4.700e+00 9.129e-04 8.065e-04 8.471e-04 8.619e-04 1.021e-03
 12 11  3 45  2 0.000e+00 2.572e+01 3.700e+00 1.135e-03 1.560e-03 1.828e-03 2.054e-03 2.359e-03
 12 11  3 46  3 0.000e+00 2.572e+01 4.700e+00 1.120e-04 8.328e-05 8.363e-05 7.901e-05 1.004e-04
 12 11  3 47  2 0.000e+00 2.572e+01 3.700e+00 1.149e-04 1.048e-04 1.123e-04 1.255e-04 1.548e-04
 12 11  3 48  3 0.000e+00 2.572e+01 3.700e+00 1.402e-04 1.043e-04 1.023e-04 9.618e-05 1.202e-04
 12 11  3 49  2 0.000e+00 2.572e+01 3.700e+00 1.183e-04 1.217e-04 1.361e-04 1.556e-04 1.938e-04
 12 11  4  5  2 0.000e+00 2.174e-02 8.000e+02 4.756e-02 5.955e-02 4.863e-02 2.977e-02 5.945e-03
 12 11  4  6  2 0.000e+00 6.902e-02 3.200e+02 5.483e-02 6.136e-02 5.200e-02 4.084e-02 3.145e-02
 12 11  4  7  2 0.000e+00 8.666e-01 2.000e+01 2.299e-02 2.943e-02 2.251e-02 1.232e-02 1.294e-03
 12 11  5  6  2 0.000e+00 4.726e-02 3.700e+02 1.611e-01 2.127e-01 1.837e-01 1.328e-01 7.712e-02
 12 11  5  7  2 0.000e+00 8.448e-01 2.000e+01 6.713e-02 8.763e-02 6.794e-02 3.769e-02 4.702e-03
 12 11  6  7  2 0.000e+00 7.976e-01 2.000e+01 1.077e-01 1.435e-01 1.143e-01 6.474e-02 8.585e-03
qq -1
%filename: mg_11.splups
%oscillator strengths and A values (1-7,13,23,37): Wiese, W.L., Fuhr, J.R., 1995,
   NIST Database for Atomic Spectroscopy, Version 1.0, NIST Standard Reference Database 61
%oscillator strengths (for transitions involving lower levels 1,2,3):
   Sampson, D.H., Goett, S.J., Clark, R.E.H., 1983, ADNDT, 29, 467,  Hydrogenic values
%oscillator strengths: Wiese, W.L., Smith, M.W., Glennon, B.M., 1966, Atomic Transition Probabilities, NSRDS-NBS-4 (hydrogenic)
%effective collision strengths (levels 1-7): Zhang, H., Sampson, D.H., 1987, ApJSS, 63, 487
%collison strengths: Sampson, D.H., Goett, S.J., Clark, R.E.H. 1983, ADNDT, 29, 467,  Hydrogenic values
%comment: effective collision strengths were provided in the temperature range 5.8 < Log T < 7.25
%produced as part of the Arcetri/Cambridge/NRL atomic 'CHIANTI' data base collaboration
%
% K.P.Dere and E. Landi 1998
 -1
    1                 1s2    1    0  s    1               0.000               0.000
    2                1s2s    2    0  s    4        10761796.500        10750613.909
    3                1s2p    2    1  p   12        10852686.252        10848718.691
    4                1s3s    3    0  s    4        12697953.500        12681244.102
    5                1s3p    3    1  p   12        12723216.667        12709819.714
    6                1s3d    3    2  d   20        12733618.750        12721697.806
    7                1s4s    4    0  s    4        13364737.500        13346120.311
    8                1s4p    4    1  p   12        13375192.417        13357840.405
    9                1s4d    4    2  d   20        13379561.950        13362713.358
   10                1s4f    4    3  f   28        13379895.917        13363221.436
   11                1s5s    5    0  s    4        13670997.750        13651102.423
   12                1s5p    5    1  p   12        13676292.667        13656896.608
   13                1s5d    5    2  d   20        13678520.350        13659398.947
   14                1s5f    5    3  f   28               0.000        13659398.947
   15                1s5g    5    4  g   36               0.000        13659398.947
 -1
%filename: mg_11.fblvl
%observed energy levels: Martin,W.C., Sugar,J., Musgrove,A., Dalton,G.R., 1995,
     NIST Database for Atomic Spectroscopy, Version 1.0, NIST Standard Reference Database 61
%observed energy levels (2s2p 3P): Chen, M.H., Cheng, K.T., Johnson, W.R., 1993, Ph.Rev.A, 47, 3692
%theoretical energy levels: Sampson, D.H., Goett, S.J., Clark, R.E.H., 1983, ADNDT, 29, 467
%comment:  free-bound data file developed from .elvlc file
%produced as part of the Arcetri/Cambridge/NRL 'CHIANTI' atomic data base collaboration
%
% E. Landi - Jul 2002
 -1
