  1     1            1s2  1  0 S  0.0  1          0.000       0.000000          0.000       0.000000
  2     2          1s.2s  3  0 S  1.0  3    3385890.000      30.854501    3367351.627      30.685566
  3     2          1s.2s  1  0 S  0.0  1    3439274.000      31.340972    3434669.465      31.299011
  4     3          1s.2p  3  1 P  0.0  1    3438312.457      31.332210    3425238.287      31.213068
  5     3          1s.2p  3  1 P  1.0  3    3438321.126      31.332289    3425478.781      31.215260
  6     3          1s.2p  3  1 P  2.0  5    3438612.149      31.334941    3426321.871      31.222942
  7     3          1s.2p  1  1 P  1.0  3    3473790.000      31.655505    3477880.752      31.692781
  8     4          1s.3s  3  0 S  1.0  3    3991860.000      36.376506    3970986.398      36.186291
  9     4          1s.3s  1  0 S  0.0  1          0.000       0.000000    3988830.684      36.348900
 10     5          1s.3p  3  1 P  0.0  1    4006160.000      36.506817    3987266.321      36.334644
 11     5          1s.3p  3  1 P  1.0  3    4006160.000      36.506817    3987509.118      36.336857
 12     5          1s.3p  3  1 P  2.0  5    4006160.000      36.506817    3987524.188      36.336994
 13     5          1s.3p  1  1 P  1.0  3    4016390.000      36.600040    4001384.518      36.463299
 14     6          1s.3d  3  2 D  1.0  3    4013460.000      36.573340    3997473.821      36.427662
 15     6          1s.3d  3  2 D  2.0  5    4013460.000      36.573340    3997468.797      36.427616
 16     6          1s.3d  3  2 D  3.0  7    4013460.000      36.573340    3997716.617      36.429874
 17     6          1s.3d  1  2 D  2.0  5    4013770.000      36.576165    3998267.933      36.434898
 18     7          1s.4s  3  0 S  1.0  3    4196800.000      38.244057    4174248.084      38.038548
 19     7          1s.4s  1  0 S  0.0  1    4202520.000      38.296181    4181242.297      38.102283
 20     8          1s.4p  3  1 P  0.0  1    4202620.000      38.297093    4180756.704      38.097858
 21     8          1s.4p  3  1 P  1.0  3    4202620.000      38.297093    4180756.704      38.097858
 22     8          1s.4p  3  1 P  2.0  5    4202620.000      38.297093    4180770.518      38.097984
 23     8          1s.4p  1  1 P  1.0  3    4206810.000      38.335275    4186478.748      38.150002
 24     9          1s.4d  3  2 D  1.0  3    4205820.000      38.326253    4184911.036      38.135715
 25     9          1s.4d  3  2 D  2.0  5    4205820.000      38.326253    4184911.036      38.135715
 26     9          1s.4d  3  2 D  3.0  7    4205820.000      38.326253    4184910.617      38.135712
 27     9          1s.4d  1  2 D  2.0  5    4205830.000      38.326344    4185190.670      38.138264
 28    10          1s.4f  3  3 F  2.0  5    4205810.000      38.326162    4185173.507      38.138107
 29    10          1s.4f  3  3 F  3.0  7    4205810.000      38.326162    4185173.507      38.138107
 30    10          1s.4f  3  3 F  4.0  9    4205810.000      38.326162    4185190.670      38.138264
 31    10          1s.4f  1  3 F  3.0  7    4205820.000      38.326253    4185190.670      38.138264
 32    11          1s.5s  3  0 S  1.0  3    4290150.000      39.094725    4266085.437      38.875431
 33    11          1s.5s  1  0 S  0.0  1    4293020.000      39.120878    4269784.735      38.909142
 34    12          1s.5p  3  1 P  0.0  1    4293080.000      39.121425    4269490.030      38.906456
 35    12          1s.5p  3  1 P  1.0  3    4293080.000      39.121425    4269490.030      38.906456
 36    12          1s.5p  3  1 P  2.0  5    4293080.000      39.121425    4269508.868      38.906628
 37    12          1s.5p  1  1 P  1.0  3    4296090.000      39.148854    4272394.378      38.932922
 38    13          1s.5d  3  2 D  1.0  3    4294570.000      39.135003    4271595.243      38.925640
 39    13          1s.5d  3  2 D  2.0  5    4294570.000      39.135003    4271595.243      38.925640
 40    13          1s.5d  3  2 D  3.0  7    4294570.000      39.135003    4271595.662      38.925644
 41    13          1s.5d  1  2 D  2.0  5    4294670.000      39.135914    4271891.204      38.928337
 42    14          1s.5f  3  3 F  2.0  5    4294700.000      39.136187    4271891.204      38.928337
 43    14          1s.5f  3  3 F  3.0  7    4294700.000      39.136187    4271891.204      38.928337
 44    14          1s.5f  3  3 F  4.0  9    4294700.000      39.136187    4271891.204      38.928337
 45    14          1s.5f  1  3 F  3.0  7    4294700.000      39.136187    4271891.204      38.928337
 46    15          1s.5g  3  4 G  3.0  7          0.000       0.000000    4271891.204      38.928337
 47    15          1s.5g  3  4 G  4.0  9          0.000       0.000000    4271891.204      38.928337
 48    15          1s.5g  3  4 G  5.0 11          0.000       0.000000    4271891.204      38.928337
 49    15          1s.5g  1  4 G  4.0  9          0.000       0.000000    4271891.204      38.928337
qq -1
%filename: n_6.elvlc
%observed energy levels: Martin,W.C., Sugar,J., Musgrove,A., Dalton,G.R., 1995,
     NIST Database for Atomic Spectroscopy, Version 1.0, NIST Standard Reference Database 61.
%observed energy levels (2s2p 3P): Chen, M.H., Cheng, K.T., Johnson, W.R., 1993, Ph.Rev.A, 47, 3692
%theoretical energy levels: Sampson, D.H., Goett, S.J., Clark, R.E.H., 1983, ADNDT, 29, 467
%produced as part of the Arcetri/Cambridge/NRL 'CHIANTI' atomic data base collaboration
%
% K.P.Dere and E.Landi 2000
 -1


qq
    1    2        29.5343      0.000e+00      2.538e+02                1s2 1S0.0 -               1s.2s 3S1.0     
    1    3         0.0000      0.000e+00      9.537e+05                1s2 1S0.0 -               1s.2s 1S0.0     
    1    5        29.0840      5.253e-05      1.380e+08                1s2 1S0.0 -               1s.2p 3P1.0     
    1    6        29.0815      0.000e+00      1.014e+05                1s2 1S0.0 -               1s.2p 3P2.0     
    1    7        28.7871      6.599e-01      1.771e+12                1s2 1S0.0 -               1s.2p 1P1.0     
    1   11        24.9616      9.948e-06      3.548e+07                1s2 1S0.0 -               1s.3p 3P1.0     
    1   13        24.8980      1.438e-01      5.155e+11                1s2 1S0.0 -               1s.3p 1P1.0     
    1   21        23.7947      3.895e-06      1.529e+07                1s2 1S0.0 -               1s.4p 3P1.0     
    1   23        23.7710      4.680e-02      1.841e+11                1s2 1S0.0 -               1s.4p 1P1.0     
    1   35        23.2933      1.929e-06      7.901e+06                1s2 1S0.0 -               1s.5p 3P1.0     
    1   37        23.2770      2.243e-02      9.199e+10                1s2 1S0.0 -               1s.5p 1P1.0     
    2    4      1907.5794      3.396e-01      6.900e+07              1s.2s 3S1.0 -               1s.2p 3P0.0     
    2    5      1907.2640      3.391e-01      6.896e+07              1s.2s 3S1.0 -               1s.2p 3P1.0     
    2    6      1896.7360      3.423e-01      7.021e+07              1s.2s 3S1.0 -               1s.2p 3P2.0     
    2   10       161.2204      1.114e-01      2.857e+10              1s.2s 3S1.0 -               1s.3p 3P0.0     
    2   11       161.2204      3.342e-01      2.857e+10              1s.2s 3S1.0 -               1s.3p 3P1.0     
    2   12       161.2204      5.571e-01      2.858e+10              1s.2s 3S1.0 -               1s.3p 3P2.0     
    2   13       158.6046      2.248e-05      1.986e+06              1s.2s 3S1.0 -               1s.3p 1P1.0     
    2   20       122.4397      2.541e-02      1.130e+10              1s.2s 3S1.0 -               1s.4p 3P0.0     
    2   21       122.4397      7.623e-02      1.130e+10              1s.2s 3S1.0 -               1s.4p 3P1.0     
    2   22       122.4397      1.270e-01      1.130e+10              1s.2s 3S1.0 -               1s.4p 3P2.0     
    2   23       121.8148      6.397e-06      9.580e+05              1s.2s 3S1.0 -               1s.4p 1P1.0     
    2   34       110.2307      1.027e-02      5.635e+09              1s.2s 3S1.0 -               1s.5p 3P0.0     
    2   35       110.2307      3.080e-02      5.633e+09              1s.2s 3S1.0 -               1s.5p 3P1.0     
    2   36       110.2307      5.134e-02      5.634e+09              1s.2s 3S1.0 -               1s.5p 3P2.0     
    2   37       109.8662      2.658e-06      4.893e+05              1s.2s 3S1.0 -               1s.5p 1P1.0     
    3    7      2897.2124      7.770e-02      2.057e+07              1s.2s 1S0.0 -               1s.2p 1P1.0     
    3   11       176.4026      1.960e-05      1.400e+06              1s.2s 1S0.0 -               1s.3p 3P1.0     
    3   13       173.2757      3.642e-01      2.696e+10              1s.2s 1S0.0 -               1s.3p 1P1.0     
    3   21       131.0024      5.827e-06      7.545e+05              1s.2s 1S0.0 -               1s.4p 3P1.0     
    3   23       130.2873      7.045e-02      9.223e+09              1s.2s 1S0.0 -               1s.4p 1P1.0     
    3   35       117.1228      3.187e-05      5.163e+06              1s.2s 1S0.0 -               1s.5p 3P1.0     
    3   37       116.7114      2.860e-02      4.666e+09              1s.2s 1S0.0 -               1s.5p 1P1.0     
    4    8       180.6533      1.508e-03      1.027e+08              1s.2p 3P0.0 -               1s.3s 3S1.0     
    4   14       173.8688      6.624e-01      4.869e+10              1s.2p 3P0.0 -               1s.3d 3D1.0     
    4   18       131.8416      3.380e-04      4.321e+07              1s.2p 3P0.0 -               1s.4s 3S1.0     
    4   24       130.2921      1.352e-02      1.770e+09              1s.2p 3P0.0 -               1s.4d 3D1.0     
    4   32       117.3935      1.346e-04      2.170e+07              1s.2p 3P0.0 -               1s.5s 3S1.0     
    4   38       116.7875      4.925e-03      8.024e+08              1s.2p 3P0.0 -               1s.5d 3D1.0     
    5    8       180.6562      1.358e-02      9.247e+08              1s.2p 3P1.0 -               1s.3s 3S1.0     
    5   14       173.8714      4.968e-01      3.652e+10              1s.2p 3P1.0 -               1s.3d 3D1.0     
    5   15       173.8714      1.490e+00      6.573e+10              1s.2p 3P1.0 -               1s.3d 3D2.0     
    5   18       131.8431      3.042e-03      3.889e+08              1s.2p 3P1.0 -               1s.4s 3S1.0     
    5   24       130.2936      3.044e-02      3.985e+09              1s.2p 3P1.0 -               1s.4d 3D1.0     
    5   25       130.2936      9.135e-02      7.175e+09              1s.2p 3P1.0 -               1s.4d 3D2.0     
    5   32       117.3947      1.212e-03      1.954e+08              1s.2p 3P1.0 -               1s.5s 3S1.0     
    5   38       116.7887      1.109e-02      1.807e+09              1s.2p 3P1.0 -               1s.5d 3D1.0     
    5   39       116.7887      3.328e-02      3.253e+09              1s.2p 3P1.0 -               1s.5d 3D2.0     
    6    8       180.7512      3.778e-02      2.570e+09              1s.2p 3P2.0 -               1s.3s 3S1.0     
    6   14       173.9594      3.310e-02      2.431e+09              1s.2p 3P2.0 -               1s.3d 3D1.0     
    6   15       173.9594      4.970e-01      2.190e+10              1s.2p 3P2.0 -               1s.3d 3D2.0     
    6   16       173.9594      2.781e+00      8.751e+10              1s.2p 3P2.0 -               1s.3d 3D3.0     
    6   18       131.8937      8.465e-03      1.081e+09              1s.2p 3P2.0 -               1s.4s 3S1.0     
    6   24       130.3430      1.522e-01      1.991e+10              1s.2p 3P2.0 -               1s.4d 3D1.0     
    6   25       130.3430      5.073e-02      3.981e+09              1s.2p 3P2.0 -               1s.4d 3D2.0     
    6   26       130.3430      2.844e-01      1.594e+10              1s.2p 3P2.0 -               1s.4d 3D3.0     
    6   32       117.4348      3.372e-03      5.434e+08              1s.2p 3P2.0 -               1s.5s 3S1.0     
    6   38       116.8284      5.546e-02      9.030e+09              1s.2p 3P2.0 -               1s.5d 3D1.0     
    6   39       116.8284      1.848e-02      1.805e+09              1s.2p 3P2.0 -               1s.5d 3D2.0     
    6   40       116.8284      1.036e-01      7.229e+09              1s.2p 3P2.0 -               1s.5d 3D3.0     
    7    9      -195.7142      4.077e-02      7.096e+09              1s.2p 1P1.0 -               1s.3s 1S0.0     
    7   17       185.1924      2.118e+00      8.234e+10              1s.2p 1P1.0 -               1s.3d 1D2.0     
    7   19       137.2253      9.135e-03      3.234e+09              1s.2p 1P1.0 -               1s.4s 1S0.0     
    7   27       136.6048      3.654e-01      2.611e+10              1s.2p 1P1.0 -               1s.4d 1D2.0     
    7   33       122.0661      3.639e-03      1.628e+09              1s.2p 1P1.0 -               1s.5s 1S0.0     
    7   41       121.8207      1.331e-01      1.196e+10              1s.2p 1P1.0 -               1s.5d 1D2.0     
    8   20       474.4742      1.614e-01      4.780e+09              1s.3s 3S1.0 -               1s.4p 3P0.0     
    8   21       474.4742      4.842e-01      4.780e+09              1s.3s 3S1.0 -               1s.4p 3P1.0     
    8   22       474.4742      8.085e-01      4.788e+09              1s.3s 3S1.0 -               1s.4p 3P2.0     
    8   34       331.9839      4.029e-02      2.437e+09              1s.3s 3S1.0 -               1s.5p 3P0.0     
    8   35       331.9839      1.209e-01      2.438e+09              1s.3s 3S1.0 -               1s.5p 3P1.0     
    8   36       331.9839      2.018e-01      2.441e+09              1s.3s 3S1.0 -               1s.5p 3P2.0     
    9   23      -505.9509      4.847e-01      4.208e+09              1s.3s 1S0.0 -               1s.4p 1P1.0     
    9   37      -352.6550      1.210e-01      2.162e+09              1s.3s 1S0.0 -               1s.5p 1P1.0     
   10   14     13698.6553      4.790e-02      5.672e+05              1s.3p 3P0.0 -               1s.3d 3D1.0     
   10   18       524.5499      3.580e-03      2.891e+07              1s.3p 3P0.0 -               1s.4s 3S1.0     
   10   24       500.8524      6.863e-02      6.080e+08              1s.3p 3P0.0 -               1s.4d 3D1.0     
   10   32       352.1257      8.245e-04      1.478e+07              1s.3p 3P0.0 -               1s.5s 3S1.0     
   10   38       346.7292      1.545e-02      2.856e+08              1s.3p 3P0.0 -               1s.5d 3D1.0     
   11   14     13698.6553      3.600e-02      4.263e+05              1s.3p 3P1.0 -               1s.3d 3D1.0     
   11   15     13698.6553      1.077e-01      7.652e+05              1s.3p 3P1.0 -               1s.3d 3D2.0     
   11   18       524.5499      3.222e-02      2.602e+08              1s.3p 3P1.0 -               1s.4s 3S1.0     
   11   24       500.8524      1.545e-01      1.369e+09              1s.3p 3P1.0 -               1s.4d 3D1.0     
   11   25       500.8524      4.637e-01      2.465e+09              1s.3p 3P1.0 -               1s.4d 3D2.0     
   11   32       352.1257      7.421e-03      1.330e+08              1s.3p 3P1.0 -               1s.5s 3S1.0     
   11   38       346.7292      3.479e-02      6.431e+08              1s.3p 3P1.0 -               1s.5d 3D1.0     
   11   39       346.7292      1.044e-01      1.158e+09              1s.3p 3P1.0 -               1s.5d 3D2.0     
   12   14     13698.6553      2.390e-03      2.830e+04              1s.3p 3P2.0 -               1s.3d 3D1.0     
   12   15     13698.6553      3.590e-02      2.551e+05              1s.3p 3P2.0 -               1s.3d 3D2.0     
   12   16     13698.6553      2.010e-01      1.020e+06              1s.3p 3P2.0 -               1s.3d 3D3.0     
   12   18       524.5499      8.965e-02      7.240e+08              1s.3p 3P2.0 -               1s.4s 3S1.0     
   12   24       500.8524      7.729e-01      6.847e+09              1s.3p 3P2.0 -               1s.4d 3D1.0     
   12   25       500.8524      2.575e-01      1.369e+09              1s.3p 3P2.0 -               1s.4d 3D2.0     
   12   26       500.8524      1.444e+00      5.482e+09              1s.3p 3P2.0 -               1s.4d 3D3.0     
   12   32       352.1257      2.065e-02      3.701e+08              1s.3p 3P2.0 -               1s.5s 3S1.0     
   12   38       346.7292      1.740e-01      3.216e+09              1s.3p 3P2.0 -               1s.5d 3D1.0     
   12   39       346.7292      5.798e-02      6.430e+08              1s.3p 3P2.0 -               1s.5d 3D2.0     
   12   40       346.7292      3.250e-01      2.575e+09              1s.3p 3P2.0 -               1s.5d 3D3.0     
   13   19       537.2599      9.675e-02      2.235e+09              1s.3p 1P1.0 -               1s.4s 1S0.0     
   13   27       527.8726      1.855e+00      8.876e+09              1s.3p 1P1.0 -               1s.4d 1D2.0     
   13   33       361.4944      2.228e-02      1.137e+09              1s.3p 1P1.0 -               1s.5s 1S0.0     
   13   41       359.3510      4.176e-01      4.312e+09              1s.3p 1P1.0 -               1s.5d 1D2.0     
   14   20       528.6540      3.660e-03      8.731e+07              1s.3d 3D1.0 -               1s.4p 3P0.0     
   14   21       528.6540      2.746e-03      2.183e+07              1s.3d 3D1.0 -               1s.4p 3P1.0     
   14   22       528.6540      8.243e-03      3.933e+07              1s.3d 3D1.0 -               1s.4p 3P2.0     
   14   28       519.8866      6.108e-01      3.013e+09              1s.3d 3D1.0 -               1s.4f 3F2.0     
   14   34       357.6289      7.359e-04      3.836e+07              1s.3d 3D1.0 -               1s.5p 3P0.0     
   14   35       357.6289      5.523e-04      9.596e+06              1s.3d 3D1.0 -               1s.5p 3P1.0     
   14   36       357.6289      1.658e-03      1.728e+07              1s.3d 3D1.0 -               1s.5p 3P2.0     
   14   42       355.5688      9.396e-02      9.909e+08              1s.3d 3D1.0 -               1s.5f 3F2.0     
   15   21       528.6540      1.374e-02      1.093e+08              1s.3d 3D2.0 -               1s.4p 3P1.0     
   15   22       528.6540      4.577e-03      2.184e+07              1s.3d 3D2.0 -               1s.4p 3P2.0     
   15   28       519.8866      1.883e-01      9.289e+08              1s.3d 3D2.0 -               1s.4f 3F2.0     
   15   29       519.8866      1.508e+00      5.314e+09              1s.3d 3D2.0 -               1s.4f 3F3.0     
   15   35       357.6289      2.763e-03      4.801e+07              1s.3d 3D2.0 -               1s.5p 3P1.0     
   15   36       357.6289      9.205e-04      9.596e+06              1s.3d 3D2.0 -               1s.5p 3P2.0     
   15   42       355.5688      2.897e-02      3.055e+08              1s.3d 3D2.0 -               1s.5f 3F2.0     
   15   43       355.5688      2.320e-01      1.748e+09              1s.3d 3D2.0 -               1s.5f 3F3.0     
   16   22       528.6540      3.593e-02      1.714e+08              1s.3d 3D3.0 -               1s.4p 3P2.0     
   16   28       519.8866      3.691e-01      1.821e+09              1s.3d 3D3.0 -               1s.4f 3F2.0     
   16   29       519.8866      2.637e-01      9.292e+08              1s.3d 3D3.0 -               1s.4f 3F3.0     
   16   30       519.8866      3.054e+00      8.370e+09              1s.3d 3D3.0 -               1s.4f 3F4.0     
   16   36       357.6289      7.224e-03      7.531e+07              1s.3d 3D3.0 -               1s.5p 3P2.0     
   16   42       355.5688      5.678e-02      5.988e+08              1s.3d 3D3.0 -               1s.5f 3F2.0     
   16   43       355.5688      4.056e-02      3.055e+08              1s.3d 3D3.0 -               1s.5f 3F3.0     
   16   44       355.5688      4.698e-01      2.753e+09              1s.3d 3D3.0 -               1s.5f 3F4.0     
   17   23       518.0283      5.495e-02      4.550e+08              1s.3d 1D2.0 -               1s.4p 1P1.0     
   17   31       520.6987      5.090e+00      1.788e+10              1s.3d 1D2.0 -               1s.4f 1F3.0     
   17   37       354.2086      1.105e-02      1.957e+08              1s.3d 1D2.0 -               1s.5p 1P1.0     
   17   45       355.9612      7.830e-01      5.885e+09              1s.3d 1D2.0 -               1s.5f 1F3.0     
   18   34      1038.6392      1.812e-01      1.120e+09              1s.4s 3S1.0 -               1s.5p 3P0.0     
   18   35      1038.6392      5.437e-01      1.120e+09              1s.4s 3S1.0 -               1s.5p 3P1.0     
   18   36      1038.6392      9.077e-01      1.122e+09              1s.4s 3S1.0 -               1s.5p 3P2.0     
   19   37      1068.7206      5.442e-01      1.059e+09              1s.4s 1S0.0 -               1s.5p 1P1.0     
   20   32      1142.4675      5.873e-03      9.999e+06              1s.4p 3P0.0 -               1s.5s 3S1.0     
   20   38      1087.5496      6.763e-02      1.271e+08              1s.4p 3P0.0 -               1s.5d 3D1.0     
   21   32      1142.4675      5.286e-02      9.000e+07              1s.4p 3P1.0 -               1s.5s 3S1.0     
   21   38      1087.5496      1.523e-01      2.861e+08              1s.4p 3P1.0 -               1s.5d 3D1.0     
   21   39      1087.5496      4.570e-01      5.152e+08              1s.4p 3P1.0 -               1s.5d 3D2.0     
   22   32      1142.4675      1.471e-01      2.504e+08              1s.4p 3P2.0 -               1s.5s 3S1.0     
   22   38      1087.5496      7.616e-01      1.431e+09              1s.4p 3P2.0 -               1s.5d 3D1.0     
   22   39      1087.5496      2.538e-01      2.861e+08              1s.4p 3P2.0 -               1s.5d 3D2.0     
   22   40      1087.5496      1.423e+00      1.146e+09              1s.4p 3P2.0 -               1s.5d 3D3.0     
   23   33      1159.9603      1.587e-01      7.863e+08              1s.4p 1P1.0 -               1s.5s 1S0.0     
   23   41      1138.1765      1.828e+00      1.881e+09              1s.4p 1P1.0 -               1s.5d 1D2.0     
   24   34      1146.0026      9.264e-03      4.703e+07              1s.4d 3D1.0 -               1s.5p 3P0.0     
   24   35      1146.0026      6.952e-03      1.176e+07              1s.4d 3D1.0 -               1s.5p 3P1.0     
   24   36      1146.0026      2.087e-02      2.119e+07              1s.4d 3D1.0 -               1s.5p 3P2.0     
   24   42      1125.1146      5.342e-01      5.627e+08              1s.4d 3D1.0 -               1s.5f 3F2.0     
   25   35      1146.0026      3.478e-02      5.885e+07              1s.4d 3D2.0 -               1s.5p 3P1.0     
   25   36      1146.0026      1.159e-02      1.177e+07              1s.4d 3D2.0 -               1s.5p 3P2.0     
   25   42      1125.1146      1.647e-01      1.735e+08              1s.4d 3D2.0 -               1s.5f 3F2.0     
   25   43      1125.1146      1.319e+00      9.923e+08              1s.4d 3D2.0 -               1s.5f 3F3.0     
   26   36      1146.0026      9.094e-02      9.233e+07              1s.4d 3D3.0 -               1s.5p 3P2.0     
   26   42      1125.1146      3.228e-01      3.400e+08              1s.4d 3D3.0 -               1s.5f 3F2.0     
   26   43      1125.1146      2.306e-01      1.735e+08              1s.4d 3D3.0 -               1s.5f 3F3.0     
   26   44      1125.1146      2.671e+00      1.563e+09              1s.4d 3D3.0 -               1s.5f 3F4.0     
   27   37      1107.9125      1.391e-01      2.518e+08              1s.4d 1D2.0 -               1s.5p 1P1.0     
   27   45      1125.2412      4.451e+00      3.348e+09              1s.4d 1D2.0 -               1s.5f 1F3.0     
   28   38      1126.6357      8.871e-03      1.553e+07              1s.4f 3F2.0 -               1s.5d 3D1.0     
   28   39      1126.6357      1.641e-03      1.724e+06              1s.4f 3F2.0 -               1s.5d 3D2.0     
   28   40      1126.6357      2.298e-03      1.724e+06              1s.4f 3F2.0 -               1s.5d 3D3.0     
   28   46     -1153.1719      1.602e+00      1.147e+09              1s.4f 3F2.0 -               1s.5g 3G3.0     
   29   39      1126.6357      1.840e-02      1.933e+07              1s.4f 3F3.0 -               1s.5d 3D2.0     
   29   40      1126.6357      2.298e-03      1.724e+06              1s.4f 3F3.0 -               1s.5d 3D3.0     
   29   46     -1153.1719      1.960e-01      1.404e+08              1s.4f 3F3.0 -               1s.5g 3G3.0     
   29   47     -1153.1719      2.290e+00      1.276e+09              1s.4f 3F3.0 -               1s.5g 3G4.0     
   30   40      1126.6357      3.422e-02      2.568e+07              1s.4f 3F4.0 -               1s.5d 3D3.0     
   30   46     -1153.4014      3.998e-03      2.862e+06              1s.4f 3F4.0 -               1s.5g 3G3.0     
   30   47     -1153.4014      1.526e-01      8.497e+07              1s.4f 3F4.0 -               1s.5g 3G4.0     
   30   48     -1153.4014      4.935e+00      2.248e+09              1s.4f 3F4.0 -               1s.5g 3G5.0     
   31   41      1125.4945      6.210e-02      6.536e+07              1s.4f 1F3.0 -               1s.5d 1D2.0     
   31   49     -1153.4014      9.422e+00      5.246e+09              1s.4f 1F3.0 -               1s.5g 1G4.0     
qq -1
%filename: n_6.wgfa
%observed energy levels: Martin,W.C., Sugar,J., Musgrove,A., Dalton,G.R., 1995,
   NIST Database for Atomic Spectroscopy, Version 1.0, NIST Standard Reference Database 61.
%observed energy levels (1s2p 3P): Chen, M.H., Cheng, K.T., Johnson, W.R., 1993, Ph.Rev.A, 47, 3692
%observed energy levels (n=6 to 8): Kelly, R.L. 1987, J. Phys. Chem. Ref. Data 16, Suppl. 1
%oscillator strengths and A values (1-13; 2-10,11,12; 3-7,13; 4-14; 5-14,15; 6-14,15,16; 7-17;
   10-14; 11-14,15; 12-14,15,16): Wiese W.L., Fuhr J.R., 1995, NIST Database for Atomic
   Spectroscopy, Version 1.0, NIST Standard Reference Database 61.
%oscillator strengths (transitions with lower levels 1,2,3): Sampson,D.H., Goett,S.J.,
   Clark,R.E.H., 1983, ADNDT, 29, 467
%A values (1-6; 2-4,5,6): Lin, C.D., Johnson, W.R., Dalgarno, A., Phys Rev A, 1977, 15, 154
%A values (1-2): Neill, P.A., Traebert, E., Beiersdorfer, P., et al., 2000, Phys. Scr., 62, 141
%A values (1-5): Hutton, R., Restad, N., Engstroem, L., Huldt, S., 1985, Phys. Scr., 31, 506
%A values (1-3, 2-phot): Drake, G.W.F., Phys Rev A, 1986, 34, 2871
%oscillator strengths: Wiese,W.L., Smith,M.W., Glennon,B.M., 1966, Atomic Transition Probabilities, NSRDS-NBS-4
%comment: Wiese's oscillator strengths are hydrogenic
%produced as part of the Arcetri/Cambridge/NRL 'CHIANTI' atomic data base collaboration
% K.P.Dere and E.Landi - Apr 2005
qq -1
  7  6  1  2  3 0.000e+00 3.069e+01 1.700e+00 5.493e-03 5.753e-03 6.456e-03 7.571e-03 9.912e-03
  7  6  1  3  2 0.000e+00 3.130e+01 2.700e+00 1.172e-02 1.486e-02 1.680e-02 1.865e-02 2.057e-02
  7  6  1  4  3 0.000e+00 3.121e+01 1.700e+00 3.418e-03 3.179e-03 3.269e-03 3.505e-03 4.065e-03
  7  6  1  5  3 4.053e-05 3.122e+01 1.700e+00 1.025e-02 9.534e-03 9.819e-03 1.056e-02 1.237e-02
  7  6  1  6  3 0.000e+00 3.122e+01 1.700e+00 2.393e-02 2.225e-02 2.289e-02 2.454e-02 2.845e-02
  7  6  1  7  1 6.599e-01 3.169e+01 2.500e+00 2.478e-02 4.994e-02 6.600e-02 7.743e-02 8.339e-02
  7  6  1  8  3 0.000e+00 3.619e+01 1.700e+00 1.428e-03 1.425e-03 1.549e-03 1.765e-03 2.218e-03
  7  6  1  9  2 0.000e+00 3.635e+01 1.700e+00 2.040e-03 2.570e-03 2.972e-03 3.375e-03 3.876e-03
  7  6  1 10  3 0.000e+00 3.633e+01 1.700e+00 8.803e-04 7.778e-04 7.800e-04 8.167e-04 9.238e-04
  7  6  1 11  3 9.948e-06 3.634e+01 1.700e+00 2.641e-03 2.333e-03 2.343e-03 2.460e-03 2.813e-03
  7  6  1 12  3 0.000e+00 3.634e+01 1.700e+00 6.161e-03 5.442e-03 5.458e-03 5.714e-03 6.467e-03
  7  6  1 13  1 1.287e-01 3.646e+01 2.500e+00 4.574e-03 9.889e-03 1.283e-02 1.437e-02 1.414e-02
  7  6  1 14  3 0.000e+00 3.643e+01 1.000e+00 3.141e-04 2.529e-04 2.259e-04 2.122e-04 2.178e-04
  7  6  1 15  3 0.000e+00 3.643e+01 1.700e+00 5.154e-04 3.937e-04 3.723e-04 3.756e-04 4.792e-04
  7  6  1 16  3 0.000e+00 3.643e+01 7.000e-01 7.384e-04 6.168e-04 5.453e-04 4.998e-04 5.042e-04
  7  6  1 17  2 0.000e+00 3.643e+01 1.700e+00 1.244e-04 5.387e-04 9.563e-04 1.433e-03 2.192e-03
  7  6  1 18  3 0.000e+00 3.804e+01 1.700e+00 5.860e-04 5.756e-04 6.193e-04 6.994e-04 8.678e-04
  7  6  1 19  2 0.000e+00 3.810e+01 1.700e+00 7.360e-04 9.425e-04 1.097e-03 1.251e-03 1.438e-03
  7  6  1 20  3 0.000e+00 3.810e+01 1.700e+00 3.581e-04 3.112e-04 3.097e-04 3.218e-04 3.615e-04
  7  6  1 21  3 3.895e-06 3.810e+01 1.700e+00 1.074e-03 9.338e-04 9.307e-04 9.708e-04 1.104e-03
  7  6  1 22  3 0.000e+00 3.810e+01 1.700e+00 2.507e-03 2.178e-03 2.168e-03 2.252e-03 2.532e-03
  7  6  1 23  1 4.680e-02 3.815e+01 2.200e+00 1.525e-03 3.279e-03 4.444e-03 5.112e-03 4.928e-03
  7  6  1 24  3 0.000e+00 3.814e+01 1.000e+00 1.729e-04 1.375e-04 1.220e-04 1.140e-04 1.163e-04
  7  6  1 25  2 0.000e+00 3.814e+01 7.000e-01 2.903e-04 1.954e-04 1.245e-04 6.318e-05 3.305e-06
  7  6  1 26  3 0.000e+00 3.814e+01 7.000e-01 4.063e-04 3.360e-04 2.951e-04 2.688e-04 2.691e-04
  7  6  1 27  2 0.000e+00 3.814e+01 1.700e+00 1.003e-04 3.034e-04 5.179e-04 7.642e-04 1.165e-03
  7  6  1 28  3 0.000e+00 3.814e+01 7.000e-01 1.439e-05 1.089e-05 8.855e-06 7.515e-06 6.742e-06
  7  6  1 29  2 0.000e+00 3.814e+01 7.000e-01 1.797e-05 1.187e-05 8.505e-06 6.296e-06 5.666e-06
  7  6  1 30  3 0.000e+00 3.814e+01 7.000e-01 2.593e-05 1.958e-05 1.596e-05 1.351e-05 1.218e-05
  7  6  1 31  2 0.000e+00 3.814e+01 8.000e-01 1.420e-05 1.080e-05 1.044e-05 1.121e-05 1.500e-05
  7  6  1 32  3 0.000e+00 3.888e+01 1.700e+00 2.964e-04 2.889e-04 3.094e-04 3.480e-04 4.296e-04
  7  6  1 33  2 0.000e+00 3.891e+01 7.000e-01 3.486e-04 4.039e-04 4.674e-04 5.424e-04 6.816e-04
  7  6  1 34  3 0.000e+00 3.891e+01 7.000e-01 1.831e-04 1.646e-04 1.558e-04 1.534e-04 1.732e-04
  7  6  1 35  3 1.929e-06 3.891e+01 7.000e-01 5.496e-04 4.937e-04 4.680e-04 4.608e-04 5.271e-04
  7  6  1 36  3 0.000e+00 3.891e+01 7.000e-01 1.282e-03 1.152e-03 1.091e-03 1.074e-03 1.213e-03
  7  6  1 37  1 2.243e-02 3.893e+01 2.400e+00 7.161e-04 1.666e-03 2.194e-03 2.441e-03 2.309e-03
  7  6  1 38  3 0.000e+00 3.893e+01 7.000e-01 9.594e-05 7.906e-05 6.917e-05 6.289e-05 6.267e-05
  7  6  1 39  2 0.000e+00 3.893e+01 7.000e-01 1.600e-04 1.073e-04 6.807e-05 3.440e-05 1.547e-06
  7  6  1 40  3 0.000e+00 3.893e+01 7.000e-01 2.239e-04 1.845e-04 1.614e-04 1.467e-04 1.462e-04
  7  6  1 41  2 0.000e+00 3.893e+01 1.700e+00 5.207e-05 1.604e-04 2.743e-04 4.027e-04 6.144e-04
  7  6  1 42  3 0.000e+00 3.893e+01 7.000e-01 1.135e-05 8.557e-06 6.940e-06 5.878e-06 5.262e-06
  7  6  1 43  2 0.000e+00 3.893e+01 7.000e-01 1.457e-05 9.401e-06 6.417e-06 4.352e-06 3.317e-06
  7  6  1 44  3 0.000e+00 3.893e+01 7.000e-01 2.046e-05 1.538e-05 1.251e-05 1.057e-05 9.509e-06
  7  6  1 45  2 0.000e+00 3.893e+01 7.000e-01 1.075e-05 8.422e-06 8.233e-06 9.007e-06 1.229e-05
  7  6  1 46  3 0.000e+00 3.893e+01 7.000e-01 3.081e-07 2.129e-07 1.583e-07 1.264e-07 1.017e-07
  7  6  1 47  2 0.000e+00 3.893e+01 6.000e-01 3.573e-07 2.216e-07 1.348e-07 7.879e-08 1.976e-08
  7  6  1 48  3 0.000e+00 3.893e+01 6.000e-01 4.871e-07 3.473e-07 2.588e-07 2.037e-07 1.601e-07
  7  6  1 49  2 0.000e+00 3.893e+01 6.000e-01 3.463e-07 2.169e-07 1.356e-07 8.473e-08 3.313e-08
  7  6  2  8  2 0.000e+00 5.501e+00 3.700e+00 3.250e-01 3.540e-01 3.724e-01 3.872e-01 4.033e-01
  7  6  2  9  3 0.000e+00 5.663e+00 4.700e+00 8.307e-03 9.627e-03 1.143e-02 1.328e-02 1.640e-02
  7  6  2 10  1 9.447e-02 5.649e+00 2.500e+00 2.041e-02 2.829e-02 3.661e-02 4.894e-02 6.708e-02
  7  6  2 11  1 2.835e-01 5.651e+00 2.500e+00 6.125e-02 8.484e-02 1.098e-01 1.468e-01 2.012e-01
  7  6  2 12  1 4.727e-01 5.651e+00 2.500e+00 1.021e-01 1.414e-01 1.830e-01 2.447e-01 3.355e-01
  7  6  2 13  3 2.248e-05 5.778e+00 3.700e+00 1.981e-02 2.250e-02 2.611e-02 2.996e-02 3.682e-02
  7  6  2 14  2 0.000e+00 5.742e+00 3.700e+00 8.206e-02 1.044e-01 1.260e-01 1.486e-01 1.867e-01
  7  6  2 15  2 0.000e+00 5.742e+00 3.700e+00 1.911e-01 2.430e-01 2.930e-01 3.458e-01 4.341e-01
  7  6  2 16  2 0.000e+00 5.744e+00 3.700e+00 2.681e-01 3.411e-01 4.114e-01 4.855e-01 6.096e-01
  7  6  2 17  3 0.000e+00 5.749e+00 5.700e+00 6.209e-02 7.488e-02 9.161e-02 1.114e-01 1.510e-01
  7  6  2 18  2 0.000e+00 7.353e+00 3.700e+00 6.293e-02 6.913e-02 7.272e-02 7.559e-02 7.852e-02
  7  6  2 19  3 0.000e+00 7.417e+00 3.700e+00 2.940e-03 2.927e-03 3.268e-03 3.650e-03 4.400e-03
  7  6  2 20  1 2.541e-02 7.412e+00 2.500e+00 5.483e-03 7.487e-03 9.246e-03 1.138e-02 1.377e-02
  7  6  2 21  1 7.623e-02 7.412e+00 2.500e+00 1.645e-02 2.246e-02 2.774e-02 3.413e-02 4.131e-02
  7  6  2 22  1 1.270e-01 7.412e+00 2.500e+00 2.743e-02 3.743e-02 4.624e-02 5.689e-02 6.882e-02
  7  6  2 23  3 6.397e-06 7.464e+00 3.700e+00 7.169e-03 7.249e-03 7.950e-03 8.730e-03 1.016e-02
  7  6  2 24  2 0.000e+00 7.450e+00 3.700e+00 1.507e-02 1.704e-02 1.934e-02 2.165e-02 2.476e-02
  7  6  2 25  2 0.000e+00 7.450e+00 3.700e+00 3.514e-02 3.970e-02 4.504e-02 5.042e-02 5.766e-02
  7  6  2 26  2 0.000e+00 7.450e+00 3.700e+00 4.925e-02 5.567e-02 6.317e-02 7.073e-02 8.088e-02
  7  6  2 27  3 0.000e+00 7.453e+00 3.700e+00 1.777e-02 1.830e-02 2.063e-02 2.342e-02 2.953e-02
  7  6  2 28  2 0.000e+00 7.453e+00 3.700e+00 1.031e-02 1.168e-02 1.294e-02 1.409e-02 1.592e-02
  7  6  2 29  2 0.000e+00 7.453e+00 3.700e+00 1.384e-02 1.324e-02 1.386e-02 1.457e-02 1.616e-02
  7  6  2 30  2 0.000e+00 7.453e+00 3.700e+00 1.856e-02 2.103e-02 2.328e-02 2.537e-02 2.866e-02
  7  6  2 31  2 0.000e+00 7.453e+00 1.600e+00 1.364e-02 9.905e-03 7.917e-03 6.573e-03 6.034e-03
  7  6  2 32  2 0.000e+00 8.190e+00 3.700e+00 2.385e-02 2.626e-02 2.765e-02 2.875e-02 2.985e-02
  7  6  2 33  3 0.000e+00 8.224e+00 3.700e+00 1.400e-03 1.327e-03 1.455e-03 1.599e-03 1.898e-03
  7  6  2 34  1 1.027e-02 8.221e+00 2.500e+00 2.214e-03 2.993e-03 3.637e-03 4.343e-03 5.020e-03
  7  6  2 35  1 3.080e-02 8.221e+00 2.500e+00 6.641e-03 8.979e-03 1.091e-02 1.303e-02 1.506e-02
  7  6  2 36  1 5.134e-02 8.221e+00 2.500e+00 1.107e-02 1.497e-02 1.818e-02 2.172e-02 2.510e-02
  7  6  2 37  3 2.658e-06 8.247e+00 3.700e+00 3.504e-03 3.376e-03 3.633e-03 3.923e-03 4.494e-03
  7  6  2 38  2 0.000e+00 8.240e+00 3.700e+00 5.513e-03 5.821e-03 6.468e-03 7.117e-03 8.066e-03
  7  6  2 39  2 0.000e+00 8.240e+00 3.700e+00 1.286e-02 1.357e-02 1.507e-02 1.658e-02 1.881e-02
  7  6  2 40  2 0.000e+00 8.240e+00 3.700e+00 1.801e-02 1.901e-02 2.113e-02 2.325e-02 2.635e-02
  7  6  2 41  3 0.000e+00 8.243e+00 3.700e+00 7.960e-03 7.851e-03 8.663e-03 9.631e-03 1.169e-02
  7  6  2 42  2 0.000e+00 8.243e+00 3.700e+00 5.791e-03 6.065e-03 6.579e-03 7.097e-03 8.076e-03
  7  6  2 43  2 0.000e+00 8.243e+00 3.700e+00 7.674e-03 7.207e-03 7.537e-03 7.938e-03 8.927e-03
  7  6  2 44  2 0.000e+00 8.243e+00 3.700e+00 1.043e-02 1.092e-02 1.184e-02 1.277e-02 1.453e-02
  7  6  2 45  2 0.000e+00 8.243e+00 1.700e+00 6.886e-03 4.638e-03 3.488e-03 2.710e-03 2.336e-03
  7  6  2 46  2 0.000e+00 8.243e+00 2.100e+00 8.342e-04 6.323e-04 6.055e-04 6.187e-04 8.097e-04
  7  6  2 47  2 0.000e+00 8.243e+00 1.700e+00 1.079e-03 7.010e-04 5.588e-04 4.884e-04 5.538e-04
  7  6  2 48  2 0.000e+00 8.243e+00 1.900e+00 1.318e-03 1.006e-03 9.501e-04 9.661e-04 1.219e-03
  7  6  2 49  2 0.000e+00 8.243e+00 1.700e+00 1.076e-03 6.657e-04 5.004e-04 4.108e-04 4.376e-04
  7  6  3  8  3 0.000e+00 4.887e+00 4.700e+00 8.301e-03 9.627e-03 1.144e-02 1.326e-02 1.647e-02
  7  6  3  9  2 0.000e+00 5.050e+00 3.700e+00 1.032e-01 1.152e-01 1.226e-01 1.284e-01 1.349e-01
  7  6  3 10  3 0.000e+00 5.036e+00 3.700e+00 2.200e-03 2.499e-03 2.893e-03 3.300e-03 3.995e-03
  7  6  3 11  3 1.960e-05 5.038e+00 4.700e+00 6.600e-03 7.722e-03 9.074e-03 1.047e-02 1.308e-02
  7  6  3 12  3 0.000e+00 5.038e+00 3.700e+00 1.100e-02 1.249e-02 1.446e-02 1.650e-02 1.997e-02
  7  6  3 13  1 2.591e-01 5.164e+00 2.500e+00 4.846e-02 7.887e-02 1.078e-01 1.467e-01 2.012e-01
  7  6  3 14  3 0.000e+00 5.129e+00 4.700e+00 1.232e-02 1.424e-02 1.665e-02 1.900e-02 2.285e-02
  7  6  3 15  2 0.000e+00 5.129e+00 2.200e+00 2.050e-02 1.334e-02 8.504e-03 4.769e-03 1.104e-03
  7  6  3 16  3 0.000e+00 5.131e+00 3.700e+00 2.886e-02 3.235e-02 3.759e-02 4.309e-02 5.303e-02
  7  6  3 17  2 0.000e+00 5.136e+00 3.700e+00 1.525e-01 2.224e-01 2.816e-01 3.406e-01 4.353e-01
  7  6  3 18  3 0.000e+00 6.740e+00 3.700e+00 2.935e-03 2.928e-03 3.269e-03 3.647e-03 4.414e-03
  7  6  3 19  2 0.000e+00 6.803e+00 3.700e+00 1.914e-02 2.218e-02 2.377e-02 2.500e-02 2.620e-02
  7  6  3 20  3 0.000e+00 6.799e+00 3.700e+00 7.953e-04 8.053e-04 8.813e-04 9.636e-04 1.109e-03
  7  6  3 21  3 5.827e-06 6.799e+00 3.700e+00 2.389e-03 2.419e-03 2.664e-03 2.943e-03 3.538e-03
  7  6  3 22  3 0.000e+00 6.799e+00 3.700e+00 3.977e-03 4.026e-03 4.407e-03 4.817e-03 5.545e-03
  7  6  3 23  1 7.045e-02 6.851e+00 2.500e+00 1.182e-02 2.050e-02 2.713e-02 3.411e-02 4.130e-02
  7  6  3 24  3 0.000e+00 6.837e+00 3.700e+00 3.539e-03 3.636e-03 4.047e-03 4.496e-03 5.310e-03
  7  6  3 25  2 0.000e+00 6.837e+00 1.700e+00 5.914e-03 3.819e-03 2.374e-03 1.231e-03 8.626e-05
  7  6  3 26  3 0.000e+00 6.837e+00 3.700e+00 8.258e-03 8.484e-03 9.442e-03 1.049e-02 1.239e-02
  7  6  3 27  2 0.000e+00 6.839e+00 3.700e+00 2.401e-02 3.435e-02 4.214e-02 4.926e-02 5.859e-02
  7  6  3 28  3 0.000e+00 6.839e+00 3.700e+00 3.119e-03 2.766e-03 2.875e-03 2.997e-03 3.376e-03
  7  6  3 29  2 0.000e+00 6.839e+00 3.700e+00 4.681e-03 4.800e-03 5.143e-03 5.493e-03 6.146e-03
  7  6  3 30  3 0.000e+00 6.839e+00 3.700e+00 5.615e-03 4.979e-03 5.175e-03 5.396e-03 6.076e-03
  7  6  3 31  2 0.000e+00 6.839e+00 3.700e+00 5.675e-03 9.862e-03 1.208e-02 1.390e-02 1.614e-02
  7  6  3 32  3 0.000e+00 7.576e+00 3.700e+00 1.397e-03 1.327e-03 1.455e-03 1.598e-03 1.903e-03
  7  6  3 33  2 0.000e+00 7.610e+00 3.700e+00 7.075e-03 8.366e-03 9.003e-03 9.498e-03 9.952e-03
  7  6  3 34  3 0.000e+00 7.607e+00 3.700e+00 3.887e-04 3.751e-04 4.028e-04 4.335e-04 4.914e-04
  7  6  3 35  3 3.187e-05 7.607e+00 3.700e+00 1.167e-03 1.127e-03 1.216e-03 1.321e-03 1.553e-03
  7  6  3 36  3 0.000e+00 7.608e+00 3.700e+00 1.943e-03 1.875e-03 2.014e-03 2.167e-03 2.457e-03
  7  6  3 37  1 2.860e-02 7.634e+00 2.500e+00 4.377e-03 8.063e-03 1.063e-02 1.302e-02 1.505e-02
  7  6  3 38  3 0.000e+00 7.627e+00 3.700e+00 1.587e-03 1.564e-03 1.711e-03 1.875e-03 2.180e-03
  7  6  3 39  2 0.000e+00 7.627e+00 1.700e+00 2.653e-03 1.658e-03 1.007e-03 5.040e-04 2.384e-05
  7  6  3 40  3 0.000e+00 7.627e+00 3.700e+00 3.704e-03 3.650e-03 3.993e-03 4.375e-03 5.088e-03
  7  6  3 41  2 0.000e+00 7.629e+00 3.700e+00 7.846e-03 1.128e-02 1.383e-02 1.608e-02 1.883e-02
  7  6  3 42  3 0.000e+00 7.629e+00 2.700e+00 1.557e-03 1.338e-03 1.347e-03 1.389e-03 1.561e-03
  7  6  3 43  2 0.000e+00 7.629e+00 3.700e+00 2.445e-03 2.087e-03 2.098e-03 2.153e-03 2.388e-03
  7  6  3 44  3 0.000e+00 7.629e+00 2.700e+00 2.802e-03 2.408e-03 2.425e-03 2.500e-03 2.810e-03
  7  6  3 45  2 0.000e+00 7.629e+00 3.700e+00 3.647e-03 5.601e-03 6.688e-03 7.627e-03 8.919e-03
  7  6  3 46  3 0.000e+00 7.629e+00 2.700e+00 3.539e-04 2.601e-04 2.449e-04 2.367e-04 2.608e-04
  7  6  3 47  2 0.000e+00 7.629e+00 3.700e+00 3.471e-04 3.049e-04 3.300e-04 3.687e-04 4.720e-04
  7  6  3 48  3 0.000e+00 7.629e+00 2.700e+00 4.325e-04 3.179e-04 2.993e-04 2.893e-04 3.188e-04
  7  6  3 49  2 0.000e+00 7.629e+00 3.700e+00 3.544e-04 3.571e-04 4.024e-04 4.613e-04 5.959e-04
  7  6  2  4  1 3.773e-02 4.777e-01 3.900e+00 1.037e+00 7.779e-01 5.699e-01 4.265e-01 3.147e-01
  7  6  2  5  1 1.130e-01 4.778e-01 3.500e+00 3.224e+00 2.412e+00 1.770e+00 1.313e+00 9.412e-01
  7  6  2  6  1 1.901e-01 4.804e-01 3.500e+00 5.257e+00 4.059e+00 2.938e+00 2.242e+00 1.585e+00
  7  6  3  7  1 7.770e-02 3.145e-01 3.500e+00 3.673e+00 2.581e+00 1.802e+00 1.375e+00 9.877e-01
  7  6  4  7  2 0.000e+00 3.233e-01 1.420e+01 7.759e-02 9.011e-02 6.604e-02 3.640e-02 4.046e-03
  7  6  5  7  2 0.000e+00 3.232e-01 1.400e+01 2.209e-01 2.717e-01 1.983e-01 1.091e-01 2.066e-02
  7  6  6  7  2 0.000e+00 3.206e-01 1.420e+01 3.867e-01 4.512e-01 3.312e-01 1.837e-01 3.210e-02
qq -1
%filename: n_6.splups
%oscillator strengths and A values (1-13; 2-10,11,12; 3-7,13; 4-14; 5-14,15; 6-14,15,16; 7-17;
   10-14; 11-14,15; 12-14,15,16): Wiese W.L., Fuhr J.R., 1995, NIST Database for Atomic
   Spectroscopy, Version 1.0, NIST Standard Reference Database 61
%oscillator strengths (transitions with lower levels 1,2,3): Sampson,D.H., Goett,S.J., Clark,R.E.H., 1983, ADNDT, 29, 467
%oscillator strengths: Wiese,W.L., Smith,M.W., Glennon,B.M., 1966, Atomic Transition Probabilities, NSRDS-NBS-4
%collision strengths: Sampson, D.H., Goett, S.J., Clark, R.E.H.  1983, ADNDT, 29, 467,  Hydrogenic values
%collision strengths within n=2 configuration: extrapolated from values of Zhang, H., Sampson, D.H., 1987, ApJSS, 63, 487 
   for O VII, Ne IX, Mg XI
%comment: added collisional data for transitions 2-4,5,6 and 3-7,4-7,5-7,6-7 (Aug 2003).
%produced as part of the Arcetri/Cambridge/NRL 'CHIANTI' atomic data base collaboration
%
%  K.P.Dere  - August 2003
-1
    1                 1s2    1    0  s    1               0.000               0.000
    2                1s2s    2    0  s    4         3399236.000         3384181.086
    3                1s2p    2    1  p   12         3447308.882         3438910.520
    4                1s3s    3    0  s    4         3991860.000         3975447.470
    5                1s3p    3    1  p   12         4008717.500         3990964.014
    6                1s3d    3    2  d   20         4013537.500         3997756.072
    7                1s4s    4    0  s    4         4198230.000         4175996.637
    8                1s4p    4    1  p   12         4203667.500         4182192.971
    9                1s4d    4    2  d   20         4205822.500         4184980.798
   10                1s4f    4    3  f   28         4205812.500         4185183.314
   11                1s5s    5    0  s    4         4290867.500         4267010.262
   12                1s5p    5    1  p   12         4293832.500         4270223.966
   13                1s5d    5    2  d   20         4294595.000         4271669.380
   14                1s5f    5    3  f   28         4294700.000         4271891.204
   15                1s5g    5    4  g   36               0.000         4271891.204
 -1
%filename: n_6.fblvl
%observed energy levels: Martin,W.C., Sugar,J., Musgrove,A., Dalton,G.R., 1995,
     NIST Database for Atomic Spectroscopy, Version 1.0, NIST Standard Reference Database 61
%observed energy levels (2s2p 3P): Chen, M.H., Cheng, K.T., Johnson, W.R., 1993, Ph.Rev.A, 47, 3692
%theoretical energy levels: Sampson, D.H., Goett, S.J., Clark, R.E.H., 1983, ADNDT, 29, 467
%comment:  free-bound data file developed from .elvlc file
%produced as part of the Arcetri/Cambridge/NRL 'CHIANTI' atomic data base collaboration
%
% E. Landi - Jul 2002
 -1
