  1     1 2s2             1  0 S  0.0  1          0.000       0.000000          0.000       0.000000
  2     2 2s.2p           3  1 P  0.0  1     111255.312       1.013833     112331.508       1.023640
  3     2 2s.2p           3  1 P  1.0  3     111710.281       1.017979     112807.758       1.027980
  4     2 2s.2p           3  1 P  2.0  5     112704.281       1.027037     113840.391       1.037390
  5     2 2s.2p           1  1 P  1.0  3     214952.562       1.958792     228317.250       2.080580
  6     3 2p2             3  1 P  0.0  1     289332.844       2.636595     292020.844       2.661090
  7     3 2p2             3  1 P  1.0  3     289843.781       2.641251     292528.938       2.665720
  8     3 2p2             3  1 P  2.0  5     290726.844       2.649298     293407.938       2.673730
  9     3 2p2             1  2 D  2.0  5     317692.828       2.895030     328752.156       2.995810
 10     3 2p2             1  0 S  0.0  1     398201.156       3.628676     408513.625       3.722650
 11     4 2s.3s           3  0 S  1.0  3     978320.000       8.915108     935839.812       8.528000
 12     4 2s.3s           1  0 S  0.0  1     998250.000       9.096724     964481.188       8.789000
 13     5 2s.3p           1  1 P  1.0  3    1025690.000       9.346775    1003438.000       9.144000
 14     5 2s.3p           3  1 P  0.0  1    1028386.000       9.371343    1005523.000       9.163000
 15     5 2s.3p           3  1 P  1.0  3    1028519.000       9.372555    1005852.250       9.166000
 16     5 2s.3p           3  1 P  2.0  5    1028775.000       9.374888    1006291.188       9.170000
 17     6 2s.3d           3  2 D  1.0  3    1054290.000       9.607398    1046564.812       9.537001
 18     6 2s.3d           3  2 D  2.0  5    1054340.000       9.607853    1046674.500       9.538000
 19     6 2s.3d           3  2 D  3.0  7    1054410.000       9.608491    1046893.938       9.540000
 20     6 2s.3d           1  2 D  2.0  5    1071900.000       9.767872    1076742.375       9.811999
 21     8 2p.3p           3  1 P  0.0  1    1172000.000      10.680050    1186260.250      10.809999
 22     8 2p.3p           1  0 S  0.0  1    1193000.000      10.871416    1246615.875      11.360000
 23     8 2p.3p           3  2 D  3.0  7    1157080.000      10.544089    1164312.875      10.610000
 24     7 2p.3s           3  1 P  0.0  1    1120270.000      10.208652    1111639.000      10.130000
 25     9 2p.3d           3  1 P  0.0  1    1200750.000      10.942039    1232350.125      11.230000
 26     9 2p.3d           3  3 F  4.0  9          0.000       0.000000    1200526.125      10.940000
 27     8 2p.3p           1  1 P  1.0  3    1148670.000      10.467452    1153339.125      10.510000
 28     8 2p.3p           3  2 D  1.0  3    1154350.000      10.519212    1162118.125      10.590000
 29     8 2p.3p           3  0 S  1.0  3    1165500.000      10.620818    1178578.750      10.740000
 30     8 2p.3p           3  1 P  1.0  3    1172140.000      10.681326    1186260.250      10.809999
 31     8 2p.3p           3  2 D  2.0  5    1155400.000      10.528780    1163215.500      10.599999
 32     8 2p.3p           3  1 P  2.0  5    1172470.000      10.684333    1187357.625      10.820000
 33     8 2p.3p           1  2 D  2.0  5    1184980.000      10.798333    1211499.875      11.040000
 34     7 2p.3s           3  1 P  1.0  3    1120765.000      10.213163    1112736.375      10.140000
 35     7 2p.3s           1  1 P  1.0  3    1146480.000      10.447495    1143462.750      10.420000
 36     9 2p.3d           3  2 D  1.0  3    1194060.000      10.881076    1223571.125      11.150001
 37     9 2p.3d           3  1 P  1.0  3    1200460.000      10.939397    1231252.625      11.220000
 38     9 2p.3d           1  1 P  1.0  3    1219390.000      11.111900    1265271.125      11.530000
 39     7 2p.3s           3  1 P  2.0  5    1121780.000      10.222412    1114931.125      10.160000
 40     9 2p.3d           3  3 F  2.0  5          0.000       0.000000    1198331.500      10.920000
 41     9 2p.3d           1  2 D  2.0  5    1182120.000      10.772270    1200526.125      10.940000
 42     9 2p.3d           3  2 D  2.0  5    1194310.000      10.883354    1224668.375      11.160000
 43     9 2p.3d           3  1 P  2.0  5    1200000.000      10.935205    1231252.625      11.220000
 44     9 2p.3d           3  3 F  3.0  7          0.000       0.000000    1199428.875      10.930000
 45     9 2p.3d           3  2 D  3.0  7    1194640.000      10.886361    1224668.375      11.160000
 46     9 2p.3d           1  3 F  3.0  7    1214120.000      11.063876    1266368.625      11.540000
qq -1
%filename: ne_7.elvlc
%observed energy levels: Martin, W.C., Sugar, J., Musgrove, A., Dalton, G.R., 1995, 
   NIST Database for Atomic Spectroscopy, Version 1.0, NIST Standard Reference Database 61
%observed energy (level 9): Feldman et al., 1997, ApJS, 113, 195
%Theoretical energy levels (1 - 10): Zhang, Sampson, ADNDT, 1992 , 52, 143
%theoretical energy levels(11 - 46): Sampson, D.H., Goett, S.J., Clark, R.E.H., 1984, ADNDT, 30, 125
%produced as part of the Arcetri/Cambridge/NRL 'CHIANTI' atomic data base collaboration
%
%  K.P. Dere, Jan. 1996
 -1

qq
    1    3        895.174      4.680e-06      1.320e+04                2s2 1S0.0 -               2s.2p 3P1.0
    1    4        887.279      0.000e+00      5.760e-02                2s2 1S0.0 -               2s.2p 3P2.0
    1    5        465.220      4.050e-01      4.690e+09                2s2 1S0.0 -               2s.2p 1P1.0
    2    7        559.948      1.580e-01      1.140e+09              2s.2p 3P0.0 -                 2p2 3P1.0
    3    4     100603.807      0.000e+00      1.460e-03              2s.2p 3P1.0 -               2s.2p 3P2.0
    3    6        562.993      1.560e-01      3.350e+09              2s.2p 3P1.0 -                 2p2 3P0.0
    3    7        561.378      1.180e-01      8.460e+08              2s.2p 3P1.0 -                 2p2 3P1.0
    3    8        558.609      1.980e-01      8.610e+08              2s.2p 3P1.0 -                 2p2 3P2.0
    3    9        485.479      9.820e-06      6.110e+04              2s.2p 3P1.0 -                 2p2 1D2.0
    3   10        349.052      0.000e+00      1.470e+05              2s.2p 3P1.0 -                 2p2 1S0.0
    4    7        564.528      1.940e-01      1.380e+09              2s.2p 3P2.0 -                 2p2 3P1.0
    4    8        561.728      5.880e-01      2.530e+09              2s.2p 3P2.0 -                 2p2 3P2.0
    4    9        487.833      3.490e-04      2.150e+06              2s.2p 3P2.0 -                 2p2 1D2.0
    5    8       1319.711      8.430e-05      4.760e+04              2s.2p 1P1.0 -                 2p2 3P2.0
    5    9        973.330      4.390e-01      5.900e+08              2s.2p 1P1.0 -                 2p2 1D2.0
    5   10        545.708      3.100e-01      6.720e+09              2s.2p 1P1.0 -                 2p2 1S0.0
    1   13         97.496      4.706e-01      1.125e+11                2s2 1S0.0 -               2s.3p 1P1.0
    1   15         97.227      8.469e-03      2.037e+09                2s2 1S0.0 -               2s.3p 3P1.0
    1   34         89.225      9.826e-05      2.764e+07                2s2 1S0.0 -               2p.3s 3P1.0
    1   35         87.224      3.515e-02      1.030e+10                2s2 1S0.0 -               2p.3s 1P1.0
    1   36         83.748      6.021e-05      1.863e+07                2s2 1S0.0 -               2p.3d 3D1.0
    1   37         83.302      2.055e-05      6.420e+06                2s2 1S0.0 -               2p.3d 3P1.0
    1   38         82.008      4.585e-02      1.461e+10                2s2 1S0.0 -               2p.3d 1P1.0
    6   13        135.804      3.939e-05      5.511e+06                2p2 3P0.0 -               2s.3p 1P1.0
    6   15        135.284      1.305e-03      1.839e+08                2p2 3P0.0 -               2s.3p 3P1.0
    6   34        120.275      7.630e-02      1.311e+10                2p2 3P0.0 -               2p.3s 3P1.0
    6   35        116.666      4.952e-05      8.948e+06                2p2 3P0.0 -               2p.3s 1P1.0
    6   36        110.531      9.589e-01      1.847e+11                2p2 3P0.0 -               2p.3d 3D1.0
    6   37        109.754      1.697e-01      3.309e+10                2p2 3P0.0 -               2p.3d 3P1.0
    6   38        107.520      4.101e-04      8.182e+07                2p2 3P0.0 -               2p.3d 1P1.0
   10   13        159.366      1.357e-03      1.518e+08                2p2 1S0.0 -               2s.3p 1P1.0
   10   15        158.650      3.228e-05      3.639e+06                2p2 1S0.0 -               2s.3p 3P1.0
   10   34        138.396      2.325e-05      3.246e+06                2p2 1S0.0 -               2p.3s 3P1.0
   10   35        133.640      5.485e-02      8.087e+09                2p2 1S0.0 -               2p.3s 1P1.0
   10   36        125.651      1.889e-04      2.974e+07                2p2 1S0.0 -               2p.3d 3D1.0
   10   37        124.648      1.421e-04      2.267e+07                2p2 1S0.0 -               2p.3d 3P1.0
   10   38        121.775      9.700e-01      1.585e+11                2p2 1S0.0 -               2p.3d 1P1.0
    7   14        135.402      1.301e-03      5.499e+08                2p2 3P1.0 -               2s.3p 3P0.0
    7   24        120.420      7.550e-02      3.887e+10                2p2 3P1.0 -               2p.3s 3P0.0
    7   25        109.781      2.599e-01      1.520e+11                2p2 3P1.0 -               2p.3d 3P0.0
    7   13        135.898      2.192e-05      3.065e+06                2p2 3P1.0 -               2s.3p 1P1.0
    7   15        135.378      9.512e-04      1.340e+08                2p2 3P1.0 -               2s.3p 3P1.0
    7   34        120.349      5.654e-02      9.709e+09                2p2 3P1.0 -               2p.3s 3P1.0
    7   35        116.736      1.039e-04      1.877e+07                2p2 3P1.0 -               2p.3s 1P1.0
    7   36        110.593      5.758e-01      1.108e+11                2p2 3P1.0 -               2p.3d 3D1.0
    7   37        109.816      2.717e-01      5.293e+10                2p2 3P1.0 -               2p.3d 3P1.0
    7   38        107.580      1.852e-04      3.693e+07                2p2 3P1.0 -               2p.3d 1P1.0
    7   16        135.331      1.745e-03      1.476e+08                2p2 3P1.0 -               2s.3p 3P2.0
    7   39        120.202      9.674e-02      9.977e+09                2p2 3P1.0 -               2p.3s 3P2.0
    7   40       -110.400      3.798e-04      3.474e+07                2p2 3P1.0 -               2p.3d 3F2.0
    7   41        112.073      2.341e-03      2.671e+08                2p2 3P1.0 -               2p.3d 1D2.0
    7   42        110.563      2.153e+00      2.487e+11                2p2 3P1.0 -               2p.3d 3D2.0
    7   43        109.871      1.225e-01      1.431e+10                2p2 3P1.0 -               2p.3d 3P2.0
    8   13        136.061      1.264e-04      1.766e+07                2p2 3P2.0 -               2s.3p 1P1.0
    8   15        135.540      1.544e-03      2.174e+08                2p2 3P2.0 -               2s.3p 3P1.0
    8   34        120.477      9.461e-02      1.623e+10                2p2 3P2.0 -               2p.3s 3P1.0
    8   36        110.701      2.248e-02      4.323e+09                2p2 3P2.0 -               2p.3d 3D1.0
    8   37        109.923      3.448e-01      6.712e+10                2p2 3P2.0 -               2p.3d 3P1.0
    9   13        141.244      2.734e-02      3.647e+09                2p2 1D2.0 -               2s.3p 1P1.0
    9   15        140.682      5.742e-04      7.722e+07                2p2 1D2.0 -               2s.3p 3P1.0
    9   34        124.522      8.072e-05      1.326e+07                2p2 1D2.0 -               2p.3s 3P1.0
    9   35        120.658      2.136e-01      3.692e+10                2p2 1D2.0 -               2p.3s 1P1.0
    9   36        114.108      1.090e-04      2.007e+07                2p2 1D2.0 -               2p.3d 3D1.0
    9   37        113.280      1.259e-04      2.348e+07                2p2 1D2.0 -               2p.3d 3P1.0
    9   38        110.902      4.738e-02      9.044e+09                2p2 1D2.0 -               2p.3d 1P1.0
    8   16        135.493      5.021e-03      4.242e+08                2p2 3P2.0 -               2s.3p 3P2.0
    8   39        120.329      2.860e-01      2.947e+10                2p2 3P2.0 -               2p.3s 3P2.0
    8   40       -110.507      1.347e-03      1.227e+08                2p2 3P2.0 -               2p.3d 3F2.0
    8   41        112.184      9.157e-04      1.044e+08                2p2 3P2.0 -               2p.3d 1D2.0
    8   42        110.671      4.237e-01      4.891e+10                2p2 3P2.0 -               2p.3d 3D2.0
    8   43        109.978      1.195e+00      1.395e+11                2p2 3P2.0 -               2p.3d 3P2.0
    9   16        140.631      2.242e-06      1.810e+05                2p2 1D2.0 -               2s.3p 3P2.0
    9   39        124.365      1.781e-04      1.757e+07                2p2 1D2.0 -               2p.3s 3P2.0
    9   40       -114.998      1.484e-01      1.207e+10                2p2 1D2.0 -               2p.3d 3F2.0
    9   41        115.684      6.464e-01      7.061e+10                2p2 1D2.0 -               2p.3d 1D2.0
    9   43        113.339      3.018e-03      3.375e+08                2p2 1D2.0 -               2p.3d 3P2.0
    8   44       -110.373      3.935e-03      2.569e+08                2p2 3P2.0 -               2p.3d 3F3.0
    8   45        110.630      3.647e+00      3.008e+11                2p2 3P2.0 -               2p.3d 3D3.0
    8   46        108.296      6.614e-04      5.544e+07                2p2 3P2.0 -               2p.3d 1F3.0
    9   44       -114.853      8.510e-04      4.962e+07                2p2 1D2.0 -               2p.3d 3F3.0
    9   45        114.032      1.442e-04      1.139e+07                2p2 1D2.0 -               2p.3d 3D3.0
    9   46        111.554      4.843e+00      3.887e+11                2p2 1D2.0 -               2p.3d 1F3.0
    2   11        115.332      3.344e-02      6.110e+09              2s.2p 3P0.0 -               2s.3s 3S1.0
    2   17        106.041      6.786e-01      1.400e+11              2s.2p 3P0.0 -               2s.3d 3D1.0
    2   27         96.394      5.682e-04      1.396e+08              2s.2p 3P0.0 -               2p.3p 1P1.0
    2   28         95.869      7.047e-02      1.745e+10              2s.2p 3P0.0 -               2p.3p 3D1.0
    2   29         94.855      2.688e-02      6.759e+09              2s.2p 3P0.0 -               2p.3p 3S1.0
    2   30         94.261      7.556e-02      1.922e+10              2s.2p 3P0.0 -               2p.3p 3P1.0
    3   12        112.798      3.600e-06      2.038e+06              2s.2p 3P1.0 -               2s.3s 1S0.0
    3   21         94.314      8.656e-02      6.603e+10              2s.2p 3P1.0 -               2p.3p 3P0.0
    3   22         92.482      2.305e-05      1.762e+07              2s.2p 3P1.0 -               2p.3p 1S0.0
    5   12        127.666      4.484e-02      2.079e+10              2s.2p 1P1.0 -               2s.3s 1S0.0
    5   21        104.488      4.419e-05      2.831e+07              2s.2p 1P1.0 -               2p.3p 3P0.0
    5   22        102.245      1.139e-01      7.307e+10              2s.2p 1P1.0 -               2p.3p 1S0.0
    3   11        115.392      1.001e-01      1.829e+10              2s.2p 3P1.0 -               2s.3s 3S1.0
    3   17        106.092      5.082e-01      1.048e+11              2s.2p 3P1.0 -               2s.3d 3D1.0
    3   27         96.436      2.073e-03      5.089e+08              2s.2p 3P1.0 -               2p.3p 1P1.0
    3   28         95.911      4.673e-02      1.157e+10              2s.2p 3P1.0 -               2p.3p 3D1.0
    3   29         94.896      6.941e-02      1.745e+10              2s.2p 3P1.0 -               2p.3p 3S1.0
    3   30         94.302      5.531e-02      1.406e+10              2s.2p 3P1.0 -               2p.3p 3P1.0
    5   11        130.999      6.591e-06      9.839e+05              2s.2p 1P1.0 -               2s.3s 3S1.0
    5   17        119.142      3.479e-05      5.914e+06              2s.2p 1P1.0 -               2s.3d 3D1.0
    5   27        107.099      2.149e-01      4.418e+10              2s.2p 1P1.0 -               2p.3p 1P1.0
    5   28        106.451      4.018e-03      8.336e+08              2s.2p 1P1.0 -               2p.3p 3D1.0
    5   29        105.203      4.670e-04      9.849e+07              2s.2p 1P1.0 -               2p.3p 3S1.0
    5   30        104.473      6.401e-05      1.366e+07              2s.2p 1P1.0 -               2p.3p 3P1.0
    3   18        106.086      1.525e+00      1.886e+11              2s.2p 3P1.0 -               2s.3d 3D2.0
    3   20        104.146      4.736e-05      5.994e+06              2s.2p 3P1.0 -               2s.3d 1D2.0
    3   31         95.814      1.603e-01      2.385e+10              2s.2p 3P1.0 -               2p.3p 3D2.0
    3   32         94.272      1.017e-01      1.551e+10              2s.2p 3P1.0 -               2p.3p 3P2.0
    3   33         93.173      1.076e-04      1.663e+07              2s.2p 3P1.0 -               2p.3p 1D2.0
    5   18        119.135      4.565e-05      4.656e+06              2s.2p 1P1.0 -               2s.3d 3D2.0
    5   20        116.693      1.341e+00      1.401e+11              2s.2p 1P1.0 -               2s.3d 1D2.0
    5   31        106.333      1.666e-04      2.078e+07              2s.2p 1P1.0 -               2p.3p 3D2.0
    5   32        104.437      8.028e-04      1.028e+08              2s.2p 1P1.0 -               2p.3p 3P2.0
    5   33        103.090      7.334e-01      9.524e+10              2s.2p 1P1.0 -               2p.3p 1D2.0
    4   11        115.525      1.663e-01      3.034e+10              2s.2p 3P2.0 -               2s.3s 3S1.0
    4   17        106.204      3.378e-02      6.957e+09              2s.2p 3P2.0 -               2s.3d 3D1.0
    4   28         96.002      2.890e-03      7.146e+08              2s.2p 3P2.0 -               2p.3p 3D1.0
    4   29         94.985      7.676e-02      1.928e+10              2s.2p 3P2.0 -               2p.3p 3S1.0
    4   30         94.390      1.281e-01      3.252e+10              2s.2p 3P2.0 -               2p.3p 3P1.0
    4   18        106.198      5.067e-01      6.262e+10              2s.2p 3P2.0 -               2s.3d 3D2.0
    4   31         95.905      4.539e-02      6.748e+09              2s.2p 3P2.0 -               2p.3p 3D2.0
    4   32         94.361      3.308e-01      5.040e+10              2s.2p 3P2.0 -               2p.3p 3P2.0
    4   33         93.260      2.578e-04      3.980e+07              2s.2p 3P2.0 -               2p.3p 1D2.0
    4   19        106.190      2.837e+00      2.504e+11              2s.2p 3P2.0 -               2s.3d 3D3.0
    4   23         95.751      2.914e-01      3.104e+10              2s.2p 3P2.0 -               2p.3p 3D3.0
qq -1
%filename: ne_7.wgfa
%energy levels: Martin, W.C., Sugar, J., Musgrove, A., Dalton, G.R., 1995, 
   NIST Database for Atomic Spectroscopy, Version 1.0, NIST Standard Reference Database 61
%observed energy (level 9): Feldman et al., 1997, ApJS, 113, 195
%theoretical energy levels: Sampson, D.H., Goette, S.J., Clark, R.E.H., 1984, ADNDT, 30, 125
%oscillator strengths allowed transitions: Zhang, H., Sampson, D.H., 1992, ADNDT, 52, 43
%oscillator strengths forbidden transitions: Muhlethaler, Kastner, 1976, A&A, 48, 109
%produced as part of the Arcetri/Cambridge/NRL 'CHIANTI' atomic data base collaboration
%
% Enrico Landi and K.P. Dere, Jan 1996
 -1






p
qq
 10  7  6 26  2 0.000e+00 7.872e+00 1.500e-01 2.712e-02 2.238e-02 1.782e-02 1.441e-02 1.174e-02 9.803e-03 8.010e-03 5.920e-03 2.177e-03
 10  7  7 26  2 0.000e+00 7.872e+00 1.000e-01 7.762e-02 6.772e-02 5.331e-02 4.250e-02 3.451e-02 2.928e-02 2.560e-02 2.355e-02 1.966e-02
 10  7  8 26  2 0.000e+00 7.872e+00 1.500e-01 7.589e-02 5.603e-02 3.974e-02 3.067e-02 2.507e-02 2.144e-02 1.830e-02 1.492e-02 8.303e-03
 10  7  9 26  2 0.000e+00 7.615e+00 1.400e-01 1.061e-01 8.151e-02 6.017e-02 4.750e-02 3.891e-02 3.309e-02 2.741e-02 2.055e-02 6.720e-03
 10  7 10 26  2 0.000e+00 6.904e+00 1.500e-01 3.935e-02 2.301e-02 1.572e-02 1.178e-02 9.253e-03 7.415e-03 5.804e-03 4.115e-03 1.284e-03
 10  7 11 26  2 0.000e+00 1.612e+00 9.500e-01 6.504e-02 6.012e-02 6.092e-02 6.043e-02 5.850e-02 5.438e-02 4.728e-02 3.442e-02 1.048e-02
 10  7 12 26  2 0.000e+00 1.427e+00 9.000e-01 5.471e-03 3.800e-03 2.814e-03 2.272e-03 1.924e-03 1.655e-03 1.366e-03 9.527e-04 2.093e-04
 10  7 13 26  2 0.000e+00 1.181e+00 9.000e-01 5.689e-02 4.970e-02 4.007e-02 3.319e-02 2.797e-02 2.415e-02 2.040e-02 1.585e-02 5.515e-03
 10  7 14 26  2 0.000e+00 1.155e+00 1.500e+00 9.272e-01 8.976e-01 8.973e-01 8.936e-01 8.894e-01 8.828e-01 8.632e-01 7.830e-01 5.104e-01
 10  7 15 26  2 0.000e+00 1.155e+00 1.600e+00 7.733e-01 7.158e-01 7.055e-01 7.028e-01 7.054e-01 7.038e-01 6.888e-01 6.133e-01 3.670e-01
 10  7 16 26  2 0.000e+00 1.155e+00 1.200e+00 1.849e-01 1.178e-01 9.396e-02 8.258e-02 7.656e-02 7.211e-02 6.757e-02 5.886e-02 3.198e-02
 10  7 17 26  2 0.000e+00 9.239e-01 1.200e+00 5.109e-01 3.546e-01 2.279e-01 1.572e-01 1.118e-01 8.106e-02 5.666e-02 3.507e-02 7.552e-03
 10  7 18 26  2 0.000e+00 9.239e-01 1.000e+00 3.446e-01 2.770e-01 1.861e-01 1.274e-01 8.827e-02 6.175e-02 4.123e-02 2.417e-02 3.868e-03
 10  7 19 26  2 0.000e+00 9.239e-01 9.000e-01 1.757e-01 1.558e-01 1.094e-01 7.568e-02 5.224e-02 3.595e-02 2.326e-02 1.313e-02 2.078e-03
 10  7 20 26  2 0.000e+00 7.549e-01 1.200e+00 9.392e-02 6.703e-02 4.717e-02 3.362e-02 2.399e-02 1.696e-02 1.132e-02 6.552e-03 9.007e-04
 10  7 21 26  2 0.000e+00 3.130e-01 3.600e+00 3.952e+00 3.626e+00 3.870e+00 4.057e+00 4.130e+00 4.046e+00 3.753e+00 3.118e+00 1.587e+00
 10  7 22 26  2 0.000e+00 3.130e-01 3.600e+00 3.337e+00 2.990e+00 3.132e+00 3.249e+00 3.288e+00 3.212e+00 2.972e+00 2.459e+00 1.220e+00
 10  7 23 26  2 0.000e+00 3.130e-01 3.600e+00 9.169e-01 5.780e-01 4.384e-01 3.742e-01 3.340e-01 3.008e-01 2.627e-01 2.071e-01 9.160e-02
 10  7 24 26  2 0.000e+00 1.462e-01 6.300e+00 2.132e-01 1.601e-01 1.164e-01 8.650e-02 6.514e-02 4.919e-02 3.534e-02 2.188e-02 3.223e-03
 10  7 25 26  2 0.000e+00 6.359e-02 2.100e+01 2.155e-01 1.704e-01 1.406e-01 1.186e-01 1.018e-01 8.809e-02 7.335e-02 5.193e-02 1.289e-02
 10  7 26 29  2 0.000e+00 9.651e-02 1.200e+01 7.565e-01 6.729e-01 6.320e-01 6.105e-01 5.948e-01 5.814e-01 5.592e-01 5.149e-01 3.832e-01
 10  7 26 30  2 0.000e+00 1.522e-01 7.000e+00 1.378e-01 9.153e-02 7.149e-02 6.005e-02 5.135e-02 4.332e-02 3.455e-02 2.338e-02 4.662e-03
 10  7 26 31  2 0.000e+00 1.522e-01 9.000e+00 5.142e-01 4.346e-01 4.095e-01 3.916e-01 3.789e-01 3.661e-01 3.460e-01 2.958e-01 1.335e-01
 10  7 26 32  2 0.000e+00 1.522e-01 9.000e+00 2.375e-01 1.924e-01 1.757e-01 1.662e-01 1.589e-01 1.520e-01 1.421e-01 1.192e-01 5.206e-02
 10  7 26 33  2 0.000e+00 2.068e-01 6.900e+00 9.324e+00 9.574e+00 1.016e+01 1.013e+01 9.863e+00 9.310e+00 8.417e+00 6.794e+00 3.312e+00
 10  7 26 34  2 0.000e+00 2.068e-01 3.900e+00 6.254e-01 4.253e-01 3.420e-01 2.839e-01 2.394e-01 2.008e-01 1.650e-01 1.206e-01 5.802e-02
 10  7 26 35  2 0.000e+00 2.068e-01 3.900e+00 4.987e-02 5.239e-02 4.781e-02 4.034e-02 3.356e-02 2.794e-02 2.321e-02 1.774e-02 9.739e-03
 10  7 26 36  2 0.000e+00 2.135e-01 3.800e+00 9.138e-02 7.390e-02 6.306e-02 5.566e-02 4.938e-02 4.318e-02 3.584e-02 2.566e-02 8.566e-03
 10  7 26 37  2 0.000e+00 2.663e-01 4.700e+00 1.359e-01 1.216e-01 1.090e-01 9.763e-02 8.746e-02 7.749e-02 6.533e-02 4.680e-02 1.180e-02
 10  7 26 38  2 0.000e+00 3.477e-01 3.500e+00 8.663e-01 1.121e+00 1.194e+00 1.211e+00 1.183e+00 1.129e+00 1.023e+00 8.258e-01 3.817e-01
 10  7 26 39  2 0.000e+00 3.477e-01 3.500e+00 3.757e-01 4.505e-01 4.614e-01 4.585e-01 4.430e-01 4.235e-01 3.878e-01 3.213e-01 1.403e-01
 10  7 26 40  2 0.000e+00 3.477e-01 3.500e+00 8.683e-02 8.001e-02 7.304e-02 6.822e-02 6.341e-02 5.911e-02 5.375e-02 4.536e-02 2.033e-02
 10  7 26 41  2 0.000e+00 4.021e-01 3.400e+00 4.625e-01 5.076e-01 5.254e-01 5.258e-01 5.135e-01 4.900e-01 4.483e-01 3.719e-01 2.240e-01
 10  7 26 42  2 0.000e+00 4.021e-01 3.400e+00 3.911e-01 4.131e-01 4.172e-01 4.117e-01 3.977e-01 3.765e-01 3.417e-01 2.792e-01 1.501e-01
 10  7 26 43  2 0.000e+00 4.021e-01 3.400e+00 1.566e-01 1.523e-01 1.463e-01 1.421e-01 1.386e-01 1.364e-01 1.320e-01 1.179e-01 6.399e-02
 10  7 26 44  2 0.000e+00 4.794e-01 2.800e+00 2.136e-02 1.788e-02 1.683e-02 1.582e-02 1.480e-02 1.340e-02 1.120e-02 7.722e-03 1.994e-03
 10  7 26 45  2 0.000e+00 5.322e-01 2.500e+00 1.090e-01 9.216e-02 8.454e-02 7.658e-02 6.821e-02 5.850e-02 4.680e-02 3.066e-02 5.160e-03
 10  7 26 46  2 0.000e+00 5.849e-01 1.700e+00 5.178e-02 3.745e-02 3.434e-02 3.179e-02 2.914e-02 2.585e-02 2.155e-02 1.539e-02 3.366e-03
 10  7  1  2  3 0.000e+00 1.011e+00 3.400e+00 2.760e-02 4.352e-02 8.276e-02 1.483e-01 2.575e-01
 10  7  1  3  3 4.680e-06 1.011e+00 3.100e+00 8.716e-02 1.246e-01 2.359e-01 4.438e-01 8.826e-01
 10  7  1  4  2 0.000e+00 1.011e+00 2.100e+00 1.362e-01 1.075e-01 9.859e-02 8.107e-02 2.537e-02
 10  7  1  5  1 4.050e-01 1.976e+00 1.600e+00 1.822e+00 1.785e+00 1.541e+00 1.247e+00 8.290e-01
 10  7  1  6  2 0.000e+00 2.632e+00 1.400e+00 5.553e-04 6.567e-04 7.878e-04 5.595e-04 1.276e-04
 10  7  1  7  3 0.000e+00 2.632e+00 1.100e+00 1.905e-03 2.549e-03 4.924e-03 8.132e-03 1.226e-02
 10  7  1  8  2 0.000e+00 2.632e+00 1.300e+00 2.844e-03 3.228e-03 3.942e-03 2.898e-03 5.744e-04
 10  7  1  9  2 0.000e+00 2.892e+00 1.100e+00 4.256e-02 4.479e-02 4.420e-02 3.754e-02 2.628e-02
 10  7  1 10  2 0.000e+00 3.600e+00 1.100e+00 1.121e-02 1.368e-02 1.470e-02 1.278e-02 1.693e-02
 10  7  2  3  2 0.000e+00 4.146e-03 5.000e+02 6.188e-01 4.740e-01 3.405e-01 2.523e-01 7.461e-02
 10  7  2  4  2 0.000e+00 1.320e-02 2.000e+02 7.106e-01 5.593e-01 3.716e-01 2.372e-01 4.319e-02
 10  7  2  5  2 0.000e+00 9.658e-01 2.000e+00 8.930e-02 7.013e-02 6.163e-02 4.844e-02 1.124e-02
 10  7  2  6  2 0.000e+00 1.621e+00 1.600e+00 1.162e-02 1.029e-02 1.043e-02 8.293e-03 2.873e-03
 10  7  2  7  1 1.580e-01 1.621e+00 1.600e+00 9.462e-01 8.811e-01 7.594e-01 5.892e-01 3.913e-01
 10  7  2  8  2 0.000e+00 1.621e+00 1.100e+00 1.926e-02 1.601e-02 1.751e-02 1.757e-02 5.934e-03
 10  7  2  9  2 0.000e+00 1.882e+00 1.100e+00 2.379e-02 2.389e-02 2.975e-02 2.675e-02 8.186e-03
 10  7  2 10  2 0.000e+00 2.590e+00 8.000e-01 2.427e-03 3.510e-03 5.278e-03 4.599e-03 1.950e-03
 10  7  3  4  2 0.000e+00 9.058e-03 2.000e+02 2.325e+00 1.979e+00 1.419e+00 9.561e-01 2.833e-01
 10  7  3  5  2 0.000e+00 9.658e-01 2.000e+00 2.679e-01 2.104e-01 1.849e-01 1.448e-01 3.160e-02
 10  7  3  6  1 1.560e-01 1.621e+00 2.100e+00 9.473e-01 8.225e-01 6.625e-01 5.465e-01 3.849e-01
 10  7  3  7  1 1.180e-01 1.621e+00 2.100e+00 7.569e-01 6.516e-01 5.206e-01 4.213e-01 2.911e-01
 10  7  3  8  1 1.980e-01 1.621e+00 2.100e+00 1.227e+00 1.048e+00 8.325e-01 6.846e-01 4.885e-01
 10  7  3  9  3 9.820e-06 1.882e+00 1.100e+00 7.635e-02 9.692e-02 1.888e-01 3.456e-01 6.443e-01
 10  7  3 10  3 0.000e+00 2.590e+00 1.500e+00 5.911e-03 2.024e-02 3.980e-02 6.123e-02 1.279e-01
 10  7  4  5  2 0.000e+00 9.658e-01 1.500e+00 4.442e-01 3.669e-01 3.154e-01 2.672e-01 7.262e-02
 10  7  4  6  2 0.000e+00 1.621e+00 1.100e+00 1.927e-02 1.601e-02 1.751e-02 1.758e-02 6.049e-03
 10  7  4  7  1 1.940e-01 1.621e+00 2.100e+00 1.231e+00 1.057e+00 8.584e-01 6.389e-01 4.781e-01
 10  7  4  8  1 5.880e-01 1.621e+00 1.500e+00 3.649e+00 3.424e+00 3.027e+00 2.359e+00 1.459e+00
 10  7  4  9  3 3.490e-04 1.882e+00 1.100e+00 1.231e-01 1.621e-01 3.143e-01 5.757e-01 1.071e+00
 10  7  4 10  2 0.000e+00 2.590e+00 7.000e-01 1.302e-02 1.663e-02 2.568e-02 2.401e-02 1.049e-02
 10  7  5  6  3 0.000e+00 6.559e-01 4.200e+00 6.414e-02 7.454e-02 1.217e-01 2.170e-01 4.019e-01
 10  7  5  7  3 0.000e+00 6.559e-01 4.200e+00 1.927e-01 2.235e-01 3.654e-01 6.538e-01 1.228e+00
 10  7  5  8  3 8.430e-05 6.559e-01 4.200e+00 3.218e-01 3.723e-01 6.092e-01 1.088e+00 2.053e+00
 10  7  5  9  1 4.390e-01 9.158e-01 3.100e+00 5.049e+00 3.569e+00 2.706e+00 3.383e+00 1.918e+00
 10  7  5 10  1 3.100e-01 1.624e+00 2.100e+00 1.630e+00 1.438e+00 1.168e+00 1.010e+00 7.647e-01
 10  7  6  7  2 0.000e+00 4.656e-03 5.000e+02 2.288e-01 1.795e-01 1.933e-01 1.799e-01 5.202e-02
 10  7  6  8  2 0.000e+00 1.270e-02 2.000e+02 1.169e-01 1.021e-01 1.241e-01 1.212e-01 5.417e-02
 10  7  6  9  2 0.000e+00 2.599e-01 1.000e+01 9.654e-02 8.904e-02 9.226e-02 7.360e-02 2.092e-02
 10  7  6 10  2 0.000e+00 9.680e-01 2.100e+00 1.138e-02 1.115e-02 1.443e-02 1.225e-02 2.428e-03
 10  7  7  8  2 0.000e+00 8.047e-03 3.000e+02 5.494e-01 4.532e-01 5.188e-01 4.992e-01 1.909e-01
 10  7  7  9  2 0.000e+00 2.599e-01 9.000e+00 2.925e-01 2.669e-01 2.768e-01 2.293e-01 6.543e-02
 10  7  7 10  2 0.000e+00 9.680e-01 2.100e+00 3.393e-02 3.347e-02 4.326e-02 3.672e-02 7.154e-03
 10  7  8  9  2 0.000e+00 2.599e-01 6.700e+00 4.907e-01 4.482e-01 4.561e-01 4.196e-01 1.397e-01
 10  7  8 10  2 0.000e+00 9.680e-01 2.100e+00 5.690e-02 5.573e-02 7.213e-02 6.121e-02 1.190e-02
 10  7  9 10  2 0.000e+00 7.078e-01 9.000e+00 1.549e-01 1.903e-01 2.021e-01 3.291e-01 8.052e-01
 10  7  1 11  3 0.000e+00 8.894e+00 1.000e-01 7.959e-02 6.173e-02 4.078e-02 2.451e-02 1.583e-02
 10  7  1 12  2 0.000e+00 9.078e+00 3.000e-01 1.267e-01 9.646e-02 8.828e-02 9.398e-02 1.147e-01
 10  7  1 13  1 4.706e-01 9.320e+00 1.400e+00 7.447e-02 4.718e-02 5.656e-02 8.670e-02 2.019e-01
 10  7  1 14  3 0.000e+00 9.350e+00 1.000e-01 7.111e-03 5.103e-03 3.801e-03 2.982e-03 3.292e-03
 10  7  1 15  3 8.469e-03 9.350e+00 1.000e-01 2.133e-02 1.531e-02 1.135e-02 8.869e-03 1.030e-02
 10  7  1 16  2 0.000e+00 9.350e+00 1.000e-01 3.514e-02 2.479e-02 1.702e-02 1.130e-02 5.422e-03
 10  7  1 17  3 0.000e+00 9.577e+00 2.000e-01 1.692e-02 1.502e-02 1.466e-02 1.484e-02 1.756e-02
 10  7  1 18  2 0.000e+00 9.577e+00 2.000e-01 2.812e-02 2.350e-02 2.037e-02 1.550e-02 5.849e-03
 10  7  1 19  2 0.000e+00 9.577e+00 2.000e-01 3.934e-02 3.291e-02 2.843e-02 2.179e-02 8.548e-03
 10  7  1 20  2 0.000e+00 9.747e+00 1.000e-01 8.480e-02 9.367e-02 1.008e-01 1.160e-01 1.741e-01
 10  7  1 21  3 0.000e+00 1.019e+01 1.000e-01 7.308e-04 4.495e-04 2.578e-04 1.614e-04 1.232e-04
 10  7  1 22  1 9.826e-05 1.019e+01 1.100e+00 2.191e-03 1.252e-03 6.392e-04 2.907e-04 1.820e-05
 10  7  1 23  2 0.000e+00 1.019e+01 1.000e-01 3.631e-03 2.181e-03 1.157e-03 6.125e-04 1.329e-04
 10  7  1 24  3 3.515e-02 1.036e+01 2.000e-01 6.332e-03 4.534e-03 4.062e-03 4.764e-03 7.585e-03
 10  7  1 25  3 0.000e+00 1.044e+01 2.000e-01 2.267e-03 1.118e-03 6.903e-04 5.823e-04 7.795e-04
 10  7  1 26  2 0.000e+00 1.050e+01 1.000e-01 1.357e-03 8.416e-04 6.099e-04 4.195e-04 2.037e-04
 10  7  1 27  2 0.000e+00 1.050e+01 1.000e-01 2.019e-03 1.403e-03 9.916e-04 7.053e-04 3.016e-04
 10  7  1 28  2 0.000e+00 1.050e+01 2.000e-01 2.596e-03 1.618e-03 1.119e-03 8.672e-04 5.444e-04
 10  7  1 29  3 0.000e+00 1.060e+01 1.000e-01 1.439e-03 1.037e-03 8.020e-04 6.435e-04 6.591e-04
 10  7  1 30  3 0.000e+00 1.066e+01 1.000e-01 7.978e-05 6.416e-05 5.169e-05 4.708e-05 5.691e-05
 10  7  1 31  2 0.000e+00 1.066e+01 2.000e-01 2.347e-04 1.581e-04 1.182e-04 9.120e-05 3.579e-05
 10  7  1 32  2 0.000e+00 1.066e+01 2.000e-01 3.913e-04 2.628e-04 1.975e-04 1.645e-04 7.267e-05
 10  7  1 33  2 0.000e+00 1.071e+01 2.000e-01 1.473e-03 1.127e-03 9.545e-04 7.341e-04 2.371e-04
 10  7  1 34  3 0.000e+00 1.071e+01 1.000e-01 2.316e-03 1.804e-03 1.707e-03 1.688e-03 1.698e-03
 10  7  1 35  2 0.000e+00 1.071e+01 1.500e-01 2.862e-03 2.105e-03 1.825e-03 1.417e-03 4.998e-04
 10  7  1 36  2 0.000e+00 1.072e+01 1.500e-01 2.555e-03 1.271e-03 8.559e-04 6.434e-04 3.794e-04
 10  7  1 37  2 0.000e+00 1.077e+01 1.000e-01 3.478e-03 2.600e-03 2.165e-03 2.113e-03 2.400e-03
 10  7  1 38  1 6.021e-05 1.085e+01 1.100e+00 2.999e-04 1.733e-04 1.179e-04 7.465e-05 1.762e-05
 10  7  1 39  2 0.000e+00 1.085e+01 1.500e-01 4.571e-04 2.621e-04 1.975e-04 1.561e-04 6.101e-05
 10  7  1 40  2 0.000e+00 1.085e+01 1.000e-01 7.766e-04 4.162e-04 3.038e-04 2.414e-04 1.165e-04
 10  7  1 41  2 0.000e+00 1.091e+01 2.000e-01 2.953e-04 2.752e-04 2.559e-04 1.982e-04 7.404e-05
 10  7  1 42  1 2.055e-05 1.091e+01 1.500e+00 9.036e-04 6.930e-04 4.330e-04 1.531e-04 7.674e-06
 10  7  1 43  2 0.000e+00 1.091e+01 1.000e-01 1.526e-03 1.410e-03 1.357e-03 1.221e-03 4.960e-04
 10  7  1 44  2 0.000e+00 1.098e+01 1.000e-01 2.152e-03 1.631e-03 1.222e-03 1.056e-03 1.264e-03
 10  7  1 45  2 0.000e+00 1.104e+01 3.000e-01 2.664e-03 2.750e-03 3.049e-03 3.292e-03 2.841e-03
 10  7  1 46  1 4.585e-02 1.109e+01 1.600e+00 7.928e-03 8.797e-03 9.727e-03 1.123e-02 1.654e-02
 10  7  2 11  1 3.344e-02 7.880e+00 1.400e+00 1.184e-01 4.769e-02 2.054e-02 1.036e-02 1.697e-02
 10  7  2 12  3 0.000e+00 8.063e+00 2.000e-01 2.467e-02 1.340e-02 8.026e-03 5.630e-03 4.751e-03
 10  7  2 13  3 0.000e+00 8.313e+00 1.000e-01 3.538e-02 2.821e-02 2.213e-02 1.723e-02 1.339e-02
 10  7  2 14  2 0.000e+00 8.343e+00 3.000e-01 9.917e-02 7.458e-02 6.826e-02 6.806e-02 9.975e-02
 10  7  2 15  2 0.000e+00 8.343e+00 1.000e-01 6.935e-02 5.595e-02 4.128e-02 2.511e-02 4.010e-03
 10  7  2 16  2 0.000e+00 8.343e+00 1.000e-01 7.713e-02 5.234e-02 3.769e-02 2.576e-02 1.262e-02
 10  7  2 17  1 6.786e-01 8.570e+00 1.400e+00 1.785e-01 1.801e-01 1.935e-01 2.231e-01 3.164e-01
 10  7  2 18  2 0.000e+00 8.570e+00 2.000e-01 3.952e-02 3.541e-02 2.678e-02 1.796e-02 4.932e-03
 10  7  2 19  2 0.000e+00 8.570e+00 1.000e-01 2.549e-02 2.987e-02 2.649e-02 2.108e-02 1.332e-02
 10  7  2 20  2 0.000e+00 8.740e+00 2.000e-01 2.687e-02 2.456e-02 1.901e-02 1.296e-02 3.591e-03
 10  7  2 21  2 0.000e+00 9.181e+00 2.000e-01 4.766e-02 4.029e-02 3.864e-02 4.040e-02 5.055e-02
 10  7  2 22  3 0.000e+00 9.181e+00 2.000e-01 2.313e-02 1.139e-02 7.364e-03 5.571e-03 6.673e-03
 10  7  2 23  2 0.000e+00 9.181e+00 1.000e-01 2.307e-02 1.249e-02 6.368e-03 2.816e-03 6.968e-04
 10  7  2 24  2 0.000e+00 9.350e+00 1.000e-01 9.761e-03 7.539e-03 4.646e-03 2.806e-03 8.144e-04
 10  7  2 25  1 5.682e-04 9.430e+00 1.100e+00 6.885e-03 3.942e-03 2.379e-03 1.441e-03 1.883e-04
 10  7  2 26  1 7.047e-02 9.497e+00 1.500e+00 7.030e-03 1.032e-02 1.093e-02 1.294e-02 2.968e-02
 10  7  2 27  3 0.000e+00 9.497e+00 1.000e-01 1.191e-02 7.603e-03 5.492e-03 4.446e-03 4.811e-03
 10  7  2 28  2 0.000e+00 9.497e+00 1.000e-01 7.575e-03 3.795e-03 1.908e-03 9.743e-04 3.631e-04
 10  7  2 29  1 2.688e-02 9.592e+00 1.300e+00 7.994e-03 3.693e-03 3.735e-03 4.361e-03 1.121e-02
 10  7  2 30  2 0.000e+00 9.644e+00 1.500e-01 1.914e-03 1.287e-03 1.005e-03 7.642e-04 3.153e-04
 10  7  2 31  1 7.556e-02 9.644e+00 1.300e+00 1.028e-02 7.330e-03 8.393e-03 1.187e-02 3.125e-02
 10  7  2 32  2 0.000e+00 9.644e+00 1.000e-01 4.853e-03 2.693e-03 1.791e-03 1.291e-03 5.496e-04
 10  7  2 33  2 0.000e+00 9.702e+00 1.000e-01 3.347e-02 3.290e-02 3.453e-02 3.905e-02 5.509e-02
 10  7  2 34  2 0.000e+00 9.702e+00 1.000e-01 1.154e-02 9.601e-03 8.476e-03 7.042e-03 3.919e-03
 10  7  2 35  3 0.000e+00 9.702e+00 1.000e-01 2.650e-03 1.160e-03 6.223e-04 3.843e-04 3.933e-04
 10  7  2 36  2 0.000e+00 9.710e+00 1.000e-01 8.419e-03 5.357e-03 4.351e-03 3.612e-03 1.953e-03
 10  7  2 37  2 0.000e+00 9.761e+00 2.000e-01 4.138e-03 2.788e-03 2.170e-03 1.673e-03 7.793e-04
 10  7  2 38  3 0.000e+00 9.842e+00 2.000e-01 3.973e-03 3.769e-03 3.867e-03 4.141e-03 5.046e-03
 10  7  2 39  2 0.000e+00 9.842e+00 2.000e-01 1.786e-02 1.888e-02 2.106e-02 2.575e-02 3.394e-02
 10  7  2 40  2 0.000e+00 9.842e+00 2.000e-01 4.591e-03 3.764e-03 3.338e-03 2.566e-03 1.004e-03
 10  7  2 41  2 0.000e+00 9.894e+00 2.000e-01 1.271e-04 4.024e-04 5.912e-04 5.226e-04 2.848e-04
 10  7  2 42  2 0.000e+00 9.894e+00 3.000e-01 1.381e-03 1.226e-03 1.128e-03 8.888e-04 3.273e-04
 10  7  2 43  2 0.000e+00 9.894e+00 2.000e-01 1.248e-02 1.276e-02 1.380e-02 1.596e-02 2.004e-02
 10  7  2 44  2 0.000e+00 9.974e+00 2.000e-01 4.249e-04 5.648e-04 4.835e-04 3.604e-04 1.239e-04
 10  7  2 45  2 0.000e+00 1.003e+01 2.000e-01 6.236e-03 5.708e-03 5.222e-03 4.091e-03 1.396e-03
 10  7  2 46  2 0.000e+00 1.008e+01 2.000e-01 2.322e-03 2.094e-03 1.886e-03 1.508e-03 5.073e-04
 10  7  3 11  1 1.001e-01 7.880e+00 1.400e+00 3.551e-01 1.431e-01 6.143e-02 3.134e-02 5.082e-02
 10  7  3 12  3 3.600e-06 8.063e+00 5.000e-02 5.399e-02 6.065e-02 4.571e-02 2.677e-02 1.080e-02
 10  7  3 13  3 0.000e+00 8.313e+00 5.000e-02 9.778e-02 9.380e-02 7.782e-02 5.996e-02 4.209e-02
 10  7  3 14  2 0.000e+00 8.343e+00 1.000e-01 6.943e-02 5.594e-02 4.132e-02 2.516e-02 4.817e-03
 10  7  3 15  2 0.000e+00 8.343e+00 3.000e-01 4.003e-01 2.827e-01 2.445e-01 2.270e-01 3.619e-01
 10  7  3 16  2 0.000e+00 8.343e+00 1.000e-01 2.603e-01 1.877e-01 1.365e-01 8.914e-02 3.325e-02
 10  7  3 17  1 5.082e-01 8.570e+00 1.400e+00 1.867e-01 1.723e-01 1.646e-01 1.756e-01 2.369e-01
 10  7  3 18  1 1.525e+00 8.570e+00 1.400e+00 4.415e-01 4.356e-01 4.529e-01 5.111e-01 7.110e-01
 10  7  3 19  2 0.000e+00 8.570e+00 1.000e-01 9.764e-02 1.129e-01 9.829e-02 7.458e-02 3.468e-02
 10  7  3 20  3 4.736e-05 8.740e+00 1.500e-01 7.462e-02 8.014e-02 7.126e-02 6.281e-02 6.261e-02
 10  7  3 21  2 0.000e+00 9.181e+00 1.000e-01 2.432e-02 1.491e-02 8.684e-03 4.925e-03 1.472e-03
 10  7  3 22  2 0.000e+00 9.181e+00 2.000e-01 1.768e-01 1.349e-01 1.279e-01 1.342e-01 1.626e-01
 10  7  3 23  2 0.000e+00 9.181e+00 1.000e-01 8.225e-02 4.672e-02 2.520e-02 1.261e-02 3.588e-03
 10  7  3 24  2 0.000e+00 9.350e+00 1.000e-01 2.932e-02 2.262e-02 1.406e-02 8.351e-03 2.001e-03
 10  7  3 25  1 2.073e-03 9.430e+00 1.100e+00 2.072e-02 1.180e-02 7.036e-03 3.829e-03 6.782e-04
 10  7  3 26  1 4.673e-02 9.497e+00 1.300e+00 1.928e-02 1.141e-02 9.564e-03 9.428e-03 1.961e-02
 10  7  3 27  2 1.603e-01 9.497e+00 2.000e-01 3.855e-02 2.123e-02 2.010e-02 2.356e-02 4.281e-02
 10  7  3 28  2 0.000e+00 9.497e+00 1.000e-01 3.159e-02 1.797e-02 1.083e-02 6.897e-03 2.615e-03
 10  7  3 29  1 6.941e-02 9.592e+00 1.400e+00 1.835e-02 1.116e-02 1.141e-02 1.296e-02 2.892e-02
 10  7  3 30  1 8.656e-02 9.644e+00 1.400e+00 9.997e-03 7.199e-03 8.940e-03 1.403e-02 3.590e-02
 10  7  3 31  1 5.531e-02 9.644e+00 1.500e+00 1.287e-02 9.164e-03 9.050e-03 9.781e-03 2.294e-02
 10  7  3 32  1 1.017e-01 9.644e+00 1.500e+00 1.669e-02 1.255e-02 1.363e-02 1.630e-02 4.218e-02
 10  7  3 33  2 0.000e+00 9.702e+00 2.000e-01 4.886e-02 4.616e-02 4.775e-02 5.203e-02 6.679e-02
 10  7  3 34  2 0.000e+00 9.702e+00 1.000e-01 7.094e-02 6.837e-02 7.055e-02 7.934e-02 1.063e-01
 10  7  3 35  2 0.000e+00 9.702e+00 1.000e-01 2.156e-02 1.599e-02 1.336e-02 1.129e-02 6.128e-03
 10  7  3 36  2 0.000e+00 9.710e+00 1.000e-01 2.529e-02 1.606e-02 1.307e-02 1.072e-02 5.778e-03
 10  7  3 37  1 1.076e-04 9.761e+00 1.100e+00 1.333e-02 9.612e-03 7.639e-03 5.836e-03 2.394e-04
 10  7  3 38  2 0.000e+00 9.842e+00 1.000e-01 2.780e-02 2.737e-02 2.908e-02 3.281e-02 4.689e-02
 10  7  3 39  2 0.000e+00 9.842e+00 3.000e-01 1.778e-02 1.628e-02 1.610e-02 1.505e-02 9.782e-03
 10  7  3 40  2 0.000e+00 9.842e+00 1.000e-01 3.495e-02 3.365e-02 3.466e-02 3.786e-02 4.695e-02
 10  7  3 41  3 0.000e+00 9.894e+00 1.000e-01 1.437e-03 1.341e-03 1.425e-03 1.575e-03 2.016e-03
 10  7  3 42  2 0.000e+00 9.894e+00 1.000e-01 1.142e-02 1.133e-02 1.178e-02 1.292e-02 1.669e-02
 10  7  3 43  2 0.000e+00 9.894e+00 1.000e-01 2.998e-02 2.986e-02 3.091e-02 3.412e-02 4.290e-02
 10  7  3 44  1 2.305e-05 9.974e+00 1.100e+00 2.450e-03 1.493e-03 1.363e-03 1.172e-03 4.105e-05
 10  7  3 45  2 0.000e+00 1.003e+01 2.000e-01 1.871e-02 1.711e-02 1.583e-02 1.326e-02 4.966e-03
 10  7  3 46  2 0.000e+00 1.008e+01 3.000e-01 6.793e-03 6.195e-03 5.386e-03 3.937e-03 1.097e-03
 10  7  4 11  1 1.663e-01 7.880e+00 1.400e+00 5.949e-01 2.380e-01 1.027e-01 5.197e-02 8.448e-02
 10  7  4 12  2 0.000e+00 8.063e+00 1.000e-01 1.199e-01 8.542e-02 4.977e-02 2.509e-02 3.124e-03
 10  7  4 13  3 0.000e+00 8.313e+00 1.000e-01 1.768e-01 1.411e-01 1.106e-01 8.605e-02 6.542e-02
 10  7  4 14  2 0.000e+00 8.343e+00 1.000e-01 7.731e-02 5.230e-02 3.778e-02 2.585e-02 1.453e-02
 10  7  4 15  2 0.000e+00 8.343e+00 1.000e-01 2.607e-01 1.876e-01 1.366e-01 8.909e-02 3.663e-02
 10  7  4 16  2 0.000e+00 8.343e+00 3.000e-01 8.715e-01 5.915e-01 4.878e-01 4.398e-01 6.245e-01
 10  7  4 17  1 3.378e-02 8.570e+00 1.200e+00 8.232e-02 7.314e-02 5.607e-02 3.939e-02 1.554e-02
 10  7  4 18  1 5.067e-01 8.570e+00 1.400e+00 2.702e-01 2.280e-01 2.027e-01 1.963e-01 2.362e-01
 10  7  4 19  1 2.837e+00 8.570e+00 1.400e+00 8.958e-01 8.614e-01 8.704e-01 9.599e-01 1.322e+00
 10  7  4 20  3 0.000e+00 8.740e+00 1.500e-01 1.243e-01 1.336e-01 1.188e-01 1.048e-01 1.044e-01
 10  7  4 21  2 0.000e+00 9.181e+00 1.000e-01 2.307e-02 1.249e-02 6.370e-03 2.815e-03 7.453e-04
 10  7  4 22  2 0.000e+00 9.181e+00 1.000e-01 8.226e-02 4.672e-02 2.520e-02 1.259e-02 3.693e-03
 10  7  4 23  2 0.000e+00 9.181e+00 2.000e-01 3.619e-01 2.556e-01 2.239e-01 2.184e-01 2.808e-01
 10  7  4 24  2 0.000e+00 9.350e+00 1.000e-01 4.882e-02 3.771e-02 2.333e-02 1.395e-02 3.673e-03
 10  7  4 25  2 0.000e+00 9.430e+00 1.000e-01 3.444e-02 2.051e-02 1.267e-02 8.392e-03 3.205e-03
 10  7  4 26  1 2.890e-03 9.497e+00 1.100e+00 1.957e-02 1.015e-02 5.561e-03 3.144e-03 1.130e-03
 10  7  4 27  2 4.539e-02 9.497e+00 1.500e-01 4.442e-02 2.319e-02 1.713e-02 1.519e-02 1.898e-02
 10  7  4 28  1 2.914e-01 9.497e+00 1.400e+00 6.625e-02 4.263e-02 4.346e-02 5.092e-02 1.227e-01
 10  7  4 29  1 7.676e-02 9.592e+00 1.300e+00 3.251e-02 1.985e-02 1.846e-02 2.016e-02 3.198e-02
 10  7  4 30  2 0.000e+00 9.644e+00 1.000e-01 4.839e-03 2.693e-03 1.734e-03 1.209e-03 5.605e-04
 10  7  4 31  1 1.281e-01 9.644e+00 1.600e+00 1.603e-02 1.275e-02 1.408e-02 1.812e-02 5.314e-02
 10  7  4 32  1 3.308e-01 9.644e+00 1.500e+00 4.378e-02 3.565e-02 3.993e-02 5.119e-02 1.372e-01
 10  7  4 33  2 0.000e+00 9.702e+00 1.000e-01 1.867e-02 1.395e-02 1.225e-02 1.161e-02 1.167e-02
 10  7  4 34  2 0.000e+00 9.702e+00 1.000e-01 6.013e-02 5.296e-02 5.158e-02 5.271e-02 6.184e-02
 10  7  4 35  2 0.000e+00 9.702e+00 2.000e-01 1.559e-01 1.513e-01 1.607e-01 1.799e-01 2.135e-01
 10  7  4 36  2 0.000e+00 9.710e+00 1.400e-01 4.003e-02 2.464e-02 2.083e-02 1.650e-02 9.357e-03
 10  7  4 37  1 2.578e-04 9.761e+00 1.200e+00 2.054e-02 1.316e-02 9.676e-03 5.966e-03 7.612e-05
 10  7  4 38  2 0.000e+00 9.842e+00 3.000e-01 1.630e-02 1.547e-02 1.629e-02 1.701e-02 1.407e-02
 10  7  4 39  2 0.000e+00 9.842e+00 1.000e-01 4.435e-02 4.280e-02 4.411e-02 4.839e-02 6.132e-02
 10  7  4 40  2 0.000e+00 9.842e+00 1.000e-01 7.344e-02 7.152e-02 7.355e-02 8.043e-02 1.003e-01
 10  7  4 41  3 0.000e+00 9.894e+00 4.000e-01 1.237e-02 1.504e-02 2.120e-02 3.885e-02 8.279e-02
 10  7  4 42  2 0.000e+00 9.894e+00 1.000e-01 2.999e-02 2.984e-02 3.098e-02 3.424e-02 4.549e-02
 10  7  4 43  2 0.000e+00 9.894e+00 1.000e-01 2.907e-02 2.829e-02 2.935e-02 3.181e-02 3.785e-02
 10  7  4 44  2 0.000e+00 9.974e+00 2.000e-01 3.434e-03 2.498e-03 1.821e-03 1.503e-03 5.716e-04
 10  7  4 45  2 0.000e+00 1.003e+01 2.000e-01 3.222e-02 2.834e-02 2.602e-02 2.040e-02 7.428e-03
 10  7  4 46  3 0.000e+00 1.008e+01 1.000e-01 1.284e-02 1.120e-02 1.147e-02 1.188e-02 1.517e-02
 10  7  5 11  3 6.591e-06 6.916e+00 1.000e-01 2.705e-01 2.313e-01 1.621e-01 9.434e-02 4.791e-02
 10  7  5 12  1 4.484e-02 7.100e+00 1.500e+00 1.906e-01 8.365e-02 3.502e-02 1.772e-02 2.525e-02
 10  7  5 13  2 0.000e+00 7.347e+00 7.000e-02 2.310e-01 3.099e-01 2.802e-01 2.042e-01 1.066e-01
 10  7  5 14  3 0.000e+00 7.372e+00 3.000e-01 2.812e-02 2.080e-02 1.701e-02 1.453e-02 1.491e-02
 10  7  5 15  3 0.000e+00 7.372e+00 2.000e-01 8.753e-02 6.696e-02 5.518e-02 4.555e-02 4.484e-02
 10  7  5 16  3 0.000e+00 7.372e+00 2.000e-01 1.448e-01 1.117e-01 9.193e-02 7.603e-02 7.349e-02
 10  7  5 17  3 3.479e-05 7.608e+00 2.000e-01 6.419e-02 5.662e-02 4.922e-02 4.497e-02 4.975e-02
 10  7  5 18  3 4.565e-05 7.608e+00 4.000e-01 1.076e-01 8.626e-02 7.607e-02 7.491e-02 8.695e-02
 10  7  5 19  2 0.000e+00 7.608e+00 2.000e-01 1.516e-01 1.238e-01 9.515e-02 6.502e-02 1.826e-02
 10  7  5 20  1 1.341e+00 7.777e+00 1.100e+00 6.360e-01 6.528e-01 6.328e-01 6.027e-01 6.864e-01
 10  7  5 21  3 0.000e+00 8.218e+00 4.000e-02 6.419e-02 3.255e-02 1.728e-02 8.722e-03 3.786e-03
 10  7  5 22  2 0.000e+00 8.218e+00 5.000e-02 1.726e-01 8.523e-02 4.281e-02 2.049e-02 3.502e-03
 10  7  5 23  2 0.000e+00 8.218e+00 1.000e-01 1.993e-01 9.343e-02 4.468e-02 2.205e-02 5.027e-03
 10  7  5 24  2 0.000e+00 8.379e+00 1.000e-01 2.345e-01 2.394e-01 2.279e-01 2.157e-01 2.304e-01
 10  7  5 25  2 2.149e-01 8.468e+00 3.000e-01 7.477e-02 5.081e-02 5.315e-02 7.322e-02 1.346e-01
 10  7  5 26  1 4.018e-03 8.526e+00 1.100e+00 2.231e-02 1.312e-02 8.603e-03 4.948e-03 1.290e-03
 10  7  5 27  1 1.666e-04 8.526e+00 1.100e+00 3.642e-02 2.206e-02 1.396e-02 9.277e-03 4.775e-04
 10  7  5 28  3 0.000e+00 8.526e+00 1.000e-01 5.258e-02 3.277e-02 2.379e-02 1.858e-02 2.037e-02
 10  7  5 29  3 4.670e-04 8.622e+00 1.000e-01 2.005e-02 1.373e-02 1.032e-02 8.924e-03 9.976e-03
 10  7  5 30  3 4.419e-05 8.681e+00 1.000e-01 5.536e-03 3.263e-03 2.411e-03 2.084e-03 2.595e-03
 10  7  5 31  3 6.401e-05 8.681e+00 1.000e-01 1.662e-02 9.789e-03 7.348e-03 6.790e-03 8.026e-03
 10  7  5 32  3 8.028e-04 8.681e+00 1.000e-01 2.758e-02 1.637e-02 1.192e-02 1.021e-02 1.383e-02
 10  7  5 33  2 0.000e+00 8.732e+00 1.000e-01 2.707e-02 1.841e-02 1.481e-02 1.192e-02 6.494e-03
 10  7  5 34  2 0.000e+00 8.732e+00 1.000e-01 3.777e-02 2.581e-02 2.076e-02 1.739e-02 9.944e-03
 10  7  5 35  2 0.000e+00 8.732e+00 1.000e-01 4.876e-02 3.314e-02 2.663e-02 2.115e-02 1.161e-02
 10  7  5 36  2 0.000e+00 8.740e+00 1.000e-01 8.747e-02 7.571e-02 7.678e-02 8.854e-02 1.284e-01
 10  7  5 37  2 7.334e-01 8.791e+00 2.000e-01 1.030e-01 8.109e-02 8.825e-02 1.163e-01 2.308e-01
 10  7  5 38  2 0.000e+00 8.879e+00 2.000e-01 9.448e-03 7.895e-03 7.040e-03 5.559e-03 2.055e-03
 10  7  5 39  3 0.000e+00 8.879e+00 1.000e-01 1.634e-02 1.447e-02 1.415e-02 1.469e-02 1.734e-02
 10  7  5 40  3 0.000e+00 8.879e+00 1.000e-01 2.285e-02 2.027e-02 1.975e-02 2.040e-02 2.422e-02
 10  7  5 41  2 0.000e+00 8.931e+00 1.500e-01 3.453e-03 2.779e-03 2.441e-03 1.996e-03 8.130e-04
 10  7  5 42  3 0.000e+00 8.931e+00 1.000e-01 1.086e-02 8.972e-03 8.555e-03 8.406e-03 9.682e-03
 10  7  5 43  3 0.000e+00 8.931e+00 1.000e-01 1.811e-02 1.496e-02 1.439e-02 1.441e-02 1.694e-02
 10  7  5 44  1 1.139e-01 9.004e+00 1.500e+00 6.479e-03 5.503e-03 6.962e-03 1.302e-02 5.059e-02
 10  7  5 45  2 0.000e+00 9.063e+00 1.000e-01 6.432e-02 6.142e-02 6.630e-02 7.925e-02 1.117e-01
 10  7  5 46  2 0.000e+00 9.114e+00 1.000e-01 3.605e-02 3.568e-02 3.793e-02 4.561e-02 6.593e-02
qqq -1
%filename: ne_7.splups
%oscillator strengths: Zhang, H., Sampson, D.H., 1992, ADNDT, 52, 43
%effective collision strengths: Ramsbottom, Berrington, Bell, 1994, J.Phys.B, 27, L811
    and Ramsbottom, Berrington, Bell, 1995, ADNDT, 61, 105
%comment: effective collision strengths were provided in the temperature range 3.0 < Log T < 6.4
%         and have been fitted in the temperature range 4.0 < Log T < 6.4
%comment: added collisional data for transitions involving level 26. Effects on level populations
          are minimal for electron densities lower than 10^12 cm^-3 (Jun 2003).
% produced as part of the Arcetri/Cambridge/NRL 'CHIANTI' atomic data base collaboration
%
% E. Landi - Jun 2003
 -1
    1                 2s2    2    0  s    1               0.000               0.000
    2                2s2p    2    1  p   12          137896.750               0.000
    3                2s3s    3    0  s    4          983302.500               0.000
    4                2s3p    3    1  p   12         1027907.333               0.000
    5                2s3d    3    2  d   20         1058747.000               0.000
    6                2s4s    4    0  s    4         1301095.000               0.000
    7                2s4p    4    1  p   12         1319870.000               0.000
    8                2s4d    4    2  d   20         1329705.000               0.000
 -1
%filename: ne_7.fblvl
%energy levels: NIST Atomic Spectra Database Version 2.0
%comment:  free-bound data file developed from .elvlc file
%produced as part of the Arcetri/Cambridge/NRL 'CHIANTI' atomic data base
%
% E. Landi - Jul 2002
 -1
