SEQ='LI'     NUCCHG=10                                                  /IC/

   PARENT LEVEL INDEXING                BWNP=  20624900.8   NPRNTI= 1   NPRNTF= 1
   ---------------------
   INDP         CODE                 S L   WI        WNP
   ----         ----                 - -   --  ----------
     1          1S2                 (1)0( 0.0)        0.0 

   IC RESOLVED LEVEL INDEXING           BWNR=  22552931.5   NLVL=  63
   --------------------------
   INDX  INDP   CODE                 S L   WJ        WNR       AUGER RATES:  INDP-INDP', INDP'=1,...INDP-1
   ----  ----   ----                 - -   --  ----------      -----------
     1     1    1S2 2S1             (2)0( 0.5)        0.0 
     2     1    1S2 2P1             (2)1( 0.5)   134438.5 
     3     1    1S2 2P1             (2)1( 1.5)   137034.6 
     4     1    1S2 3S1             (2)0( 0.5)  1099748.9 
     5     1    1S2 3P1             (2)1( 0.5)  1135118.2 
     6     1    1S2 3P1             (2)1( 1.5)  1135579.5 
     7     1    1S2 3D1             (2)2( 1.5)  1147071.3 
     8     1    1S2 3D1             (2)2( 2.5)  1147258.3 
     9     1    1S2 4S1             (2)0( 0.5)  1469296.0 
    10     1    1S2 4P1             (2)1( 0.5)  1483745.0 
    11     1    1S2 4P1             (2)1( 1.5)  1483958.2 
    12     1    1S2 4D1             (2)2( 1.5)  1488754.0 
    13     1    1S2 4D1             (2)2( 2.5)  1488833.1 
    14     1    1S2 4F1             (2)3( 2.5)  1489020.0 
    15     1    1S2 4F1             (2)3( 3.5)  1489058.9 
    16     1    1S2 5S1             (2)0( 0.5)  1637084.7 
    17     1    1S2 5P1             (2)1( 0.5)  1644362.9 
    18     1    1S2 5P1             (2)1( 1.5)  1644475.2 
    19     1    1S2 5D1             (2)2( 1.5)  1646917.1 
    20     1    1S2 5D1             (2)2( 2.5)  1646957.7 
    21     1    1S2 5F1             (2)3( 2.5)  1647063.8 
    22     1    1S2 5G1             (2)4( 3.5)  1647082.4 
    23     1    1S2 5F1             (2)3( 3.5)  1647083.8 
    24     1    1S2 5G1             (2)4( 4.5)  1647094.4 
    25     1    1S2 6S1             (2)0( 0.5)  1727182.8 
    26     1    1S2 6P1             (2)1( 0.5)  1731353.8 
    27     1    1S2 6P1             (2)1( 1.5)  1731419.6 
    28     1    1S2 6D1             (2)2( 1.5)  1732828.2 
    29     1    1S2 6D1             (2)2( 2.5)  1732851.7 
    30     1    1S2 6F1             (2)3( 2.5)  1732916.3 
    31     1    1S2 6G1             (2)4( 3.5)  1732927.4 
    32     1    1S2 6F1             (2)3( 3.5)  1732927.9 
    33     1    1S2 6H1             (2)5( 4.5)  1732933.2 
    34     1    1S2 6G1             (2)4( 4.5)  1732934.3 
    35     1    1S2 6H1             (2)5( 5.5)  1732937.8 
    36     1    1S2 7S1             (2)0( 0.5)  1781089.4 
    37     1    1S2 7P1             (2)1( 0.5)  1783699.1 
    38     1    1S2 7P1             (2)1( 1.5)  1783740.7 
    39     1    1S2 7D1             (2)2( 1.5)  1784626.0 
    40     1    1S2 7D1             (2)2( 2.5)  1784640.8 
    41     1    1S2 7F1             (2)3( 2.5)  1784682.7 
    42     1    1S2 7G1             (2)4( 3.5)  1784689.7 
    43     1    1S2 7F1             (2)3( 3.5)  1784690.1 
    44     1    1S2 7H1             (2)5( 4.5)  1784693.5 
    45     1    1S2 7G1             (2)4( 4.5)  1784694.1 
    46     1    1S2 7I1             (2)6( 5.5)  1784695.9 
    47     1    1S2 7H1             (2)5( 5.5)  1784696.3 
    48     1    1S2 7I1             (2)6( 6.5)  1784698.0 
    49     1    1S2 8S1             (2)0( 0.5)  1815881.9 
    50     1    1S2 8P1             (2)1( 0.5)  1817622.3 
    51     1    1S2 8P1             (2)1( 1.5)  1817650.2 
    52     1    1S2 8D1             (2)2( 1.5)  1818242.4 
    53     1    1S2 8D1             (2)2( 2.5)  1818252.3 
    54     1    1S2 8F1             (2)3( 2.5)  1818280.9 
    55     1    1S2 8G1             (2)4( 3.5)  1818285.7 
    56     1    1S2 8F1             (2)3( 3.5)  1818285.8 
    57     1    1S2 8H1             (2)5( 4.5)  1818288.1 
    58     1    1S2 8G1             (2)4( 4.5)  1818288.6 
    59     1    1S2 8I1             (2)6( 5.5)  1818289.8 
    60     1    1S2 8H1             (2)5( 5.5)  1818290.1 
    61     1    1S2 8J1             (2)7( 6.5)  1818290.9 
    62     1    1S2 8I1             (2)6( 6.5)  1818291.1 
    63     1    1S2 8J1             (2)7( 7.5)  1818292.0 

   NL-SHELL INDEXING & AUGER RATES                     NLREP= 55
   -------------------------------
   ILREP   N   L
   -----   -   -
     1     1   0
     2     2   0
     3     2   1
     4     3   0
     5     3   1
     6     3   2
     7     4   0
     8     4   1
     9     4   2
    10     4   3
    11     5   0
    12     5   1
    13     5   2
    14     5   3
    15     5   4
    16     6   0
    17     6   1
    18     6   2
    19     6   3
    20     6   4
    21     6   5
    22     7   0
    23     7   1
    24     7   2
    25     7   3
    26     7   4
    27     7   5
    28     7   6
    29     8   0
    30     8   1
    31     8   2
    32     8   3
    33     8   4
    34     8   5
    35     8   6
    36     8   7
    37     9   0
    38     9   1
    39     9   2
    40     9   3
    41     9   4
    42     9   5
    43     9   6
    44     9   7
    45     9   8
    46    10   0
    47    10   1
    48    10   2
    49    10   3
    50    10   4
    51    10   5
    52    10   6
    53    10   7
    54    10   8
    55    10   9

   N-SHELL INDEXING & AUGER RATES                       NREP= 42
   ------------------------------
   INREP   N
   -----   -
     1     1
     2     2
     3     3
     4     4
     5     5
     6     6
     7     7
     8     8
     9     9
    10    10
    11    11
    12    12
    13    13
    14    14
    15    15
    16    16
    17    18
    18    20
    19    22
    20    25
    21    29
    22    35
    23    39
    24    45
    25    49
    26    55
    27    61
    28    70
    29    81
    30   100
    31   115
    32   140
    33   162
    34   200
    35   235
    36   300
    37   353
    38   450
    39   535
    40   700
    41   811
    42   999



 --------------------------
 PRTI= 1  LVLPRT= (1S  0.0)

   INDX TE=  6.40E+02  1.28E+03  3.20E+03  6.40E+03  1.28E+04  3.20E+04  6.40E+04  1.28E+05  3.20E+05  6.40E+05
   ---- ---  1.28E+06  3.20E+06  6.40E+06  1.28E+07  3.20E+07  6.40E+07  1.28E+08  3.20E+08  6.40E+08
     1       0.00E+00  0.00E+00  0.00E+00  0.00E+00  0.00E+00  0.00E+00  0.00E+00  4.99E-37  9.49E-22  6.74E-17
             1.14E-14  1.26E-13  1.61E-13  1.09E-13  4.09E-14  1.65E-14  6.23E-15  1.64E-15  5.87E-16
     2       0.00E+00  0.00E+00  0.00E+00  0.00E+00  0.00E+00  0.00E+00  0.00E+00  1.11E-37  3.34E-22  2.93E-17
             5.65E-15  6.92E-14  9.19E-14  6.34E-14  2.40E-14  9.71E-15  3.67E-15  9.68E-16  3.47E-16
     3       0.00E+00  0.00E+00  0.00E+00  0.00E+00  0.00E+00  0.00E+00  0.00E+00  2.05E-37  6.22E-22  5.51E-17
             1.08E-14  1.36E-13  1.82E-13  1.27E-13  4.82E-14  1.95E-14  7.39E-15  1.95E-15  6.98E-16
     4       0.00E+00  0.00E+00  0.00E+00  0.00E+00  0.00E+00  0.00E+00  0.00E+00  1.36E-44  6.05E-26  5.61E-20
             3.21E-17  6.86E-16  1.06E-15  7.88E-16  3.11E-16  1.27E-16  4.85E-17  1.28E-17  4.60E-18
     5       0.00E+00  0.00E+00  0.00E+00  0.00E+00  0.00E+00  0.00E+00  0.00E+00  5.29E-43  3.34E-24  3.45E-18
             2.09E-15  4.60E-14  7.20E-14  5.36E-14  2.12E-14  8.70E-15  3.31E-15  8.76E-16  3.15E-16
     6       0.00E+00  0.00E+00  0.00E+00  0.00E+00  0.00E+00  0.00E+00  0.00E+00  1.02E-42  6.44E-24  6.66E-18
             4.03E-15  8.88E-14  1.39E-13  1.04E-13  4.10E-14  1.68E-14  6.40E-15  1.69E-15  6.08E-16
     7       0.00E+00  0.00E+00  0.00E+00  0.00E+00  0.00E+00  0.00E+00  0.00E+00  3.67E-43  2.89E-24  3.22E-18
             2.02E-15  4.55E-14  7.18E-14  5.36E-14  2.13E-14  8.73E-15  3.32E-15  8.80E-16  3.16E-16
     8       0.00E+00  0.00E+00  0.00E+00  0.00E+00  0.00E+00  0.00E+00  0.00E+00  5.80E-43  4.55E-24  5.06E-18
             3.17E-15  7.14E-14  1.13E-13  8.42E-14  3.34E-14  1.37E-14  5.22E-15  1.38E-15  4.96E-16
     9       0.00E+00  0.00E+00  0.00E+00  0.00E+00  0.00E+00  0.00E+00  0.00E+00  0.00E+00  1.02E-26  2.29E-20
             2.04E-17  5.66E-16  9.59E-16  7.42E-16  3.00E-16  1.24E-16  4.75E-17  1.26E-17  4.52E-18
    10       0.00E+00  0.00E+00  0.00E+00  0.00E+00  0.00E+00  0.00E+00  0.00E+00  0.00E+00  4.12E-25  9.68E-19
             8.81E-16  2.48E-14  4.22E-14  3.27E-14  1.33E-14  5.49E-15  2.10E-15  5.57E-16  2.00E-16
    11       0.00E+00  0.00E+00  0.00E+00  0.00E+00  0.00E+00  0.00E+00  0.00E+00  0.00E+00  7.70E-25  1.81E-18
             1.65E-15  4.64E-14  7.89E-14  6.11E-14  2.48E-14  1.03E-14  3.92E-15  1.04E-15  3.73E-16
    12       0.00E+00  0.00E+00  0.00E+00  0.00E+00  0.00E+00  0.00E+00  0.00E+00  0.00E+00  4.26E-25  1.02E-18
             9.40E-16  2.66E-14  4.54E-14  3.52E-14  1.43E-14  5.91E-15  2.26E-15  6.00E-16  2.15E-16
    13       0.00E+00  0.00E+00  0.00E+00  0.00E+00  0.00E+00  0.00E+00  0.00E+00  0.00E+00  7.02E-25  1.68E-18
             1.55E-15  4.39E-14  7.49E-14  5.81E-14  2.36E-14  9.75E-15  3.73E-15  9.89E-16  3.55E-16
    14       0.00E+00  0.00E+00  0.00E+00  0.00E+00  0.00E+00  0.00E+00  0.00E+00  0.00E+00  4.80E-26  1.17E-19
             1.08E-16  3.08E-15  5.26E-15  4.09E-15  1.66E-15  6.86E-16  2.63E-16  6.96E-17  2.50E-17
    15       0.00E+00  0.00E+00  0.00E+00  0.00E+00  0.00E+00  0.00E+00  0.00E+00  0.00E+00  6.39E-26  1.55E-19
             1.44E-16  4.10E-15  7.00E-15  5.44E-15  2.21E-15  9.14E-16  3.49E-16  9.27E-17  3.33E-17
    16       0.00E+00  0.00E+00  0.00E+00  0.00E+00  0.00E+00  0.00E+00  0.00E+00  0.00E+00  3.40E-27  1.12E-20
             1.21E-17  3.79E-16  6.66E-16  5.26E-16  2.15E-16  8.94E-17  3.42E-17  9.09E-18  3.26E-18
    17       0.00E+00  0.00E+00  0.00E+00  0.00E+00  0.00E+00  0.00E+00  0.00E+00  0.00E+00  1.24E-25  4.23E-19
             4.64E-16  1.46E-14  2.58E-14  2.04E-14  8.36E-15  3.47E-15  1.33E-15  3.53E-16  1.27E-16
    18       0.00E+00  0.00E+00  0.00E+00  0.00E+00  0.00E+00  0.00E+00  0.00E+00  0.00E+00  2.27E-25  7.73E-19
             8.49E-16  2.67E-14  4.72E-14  3.73E-14  1.53E-14  6.35E-15  2.43E-15  6.45E-16  2.32E-16
    19       0.00E+00  0.00E+00  0.00E+00  0.00E+00  0.00E+00  0.00E+00  0.00E+00  0.00E+00  1.22E-25  4.19E-19
             4.63E-16  1.46E-14  2.58E-14  2.04E-14  8.37E-15  3.48E-15  1.33E-15  3.54E-16  1.27E-16
    20       0.00E+00  0.00E+00  0.00E+00  0.00E+00  0.00E+00  0.00E+00  0.00E+00  0.00E+00  2.17E-25  7.48E-19
             8.25E-16  2.61E-14  4.61E-14  3.64E-14  1.49E-14  6.20E-15  2.38E-15  6.31E-16  2.27E-16
    21       0.00E+00  0.00E+00  0.00E+00  0.00E+00  0.00E+00  0.00E+00  0.00E+00  0.00E+00  1.85E-26  6.43E-20
             7.12E-17  2.26E-15  3.99E-15  3.15E-15  1.29E-15  5.37E-16  2.06E-16  5.47E-17  1.96E-17
    22       0.00E+00  0.00E+00  0.00E+00  0.00E+00  0.00E+00  0.00E+00  0.00E+00  0.00E+00  6.41E-28  2.22E-21
             2.46E-18  7.80E-17  1.38E-16  1.09E-16  4.47E-17  1.86E-17  7.12E-18  1.89E-18  6.79E-19
    23       0.00E+00  0.00E+00  0.00E+00  0.00E+00  0.00E+00  0.00E+00  0.00E+00  0.00E+00  2.47E-26  8.57E-20
             9.49E-17  3.01E-15  5.32E-15  4.20E-15  1.72E-15  7.16E-16  2.74E-16  7.28E-17  2.62E-17
    24       0.00E+00  0.00E+00  0.00E+00  0.00E+00  0.00E+00  0.00E+00  0.00E+00  0.00E+00  8.01E-28  2.78E-21
             3.08E-18  9.75E-17  1.72E-16  1.36E-16  5.59E-17  2.32E-17  8.90E-18  2.36E-18  8.49E-19
    25       0.00E+00  0.00E+00  0.00E+00  0.00E+00  0.00E+00  0.00E+00  0.00E+00  0.00E+00  1.60E-27  6.44E-21
             7.70E-18  2.55E-16  4.59E-16  3.65E-16  1.51E-16  6.26E-17  2.40E-17  6.38E-18  2.29E-18
    26       0.00E+00  0.00E+00  0.00E+00  0.00E+00  0.00E+00  0.00E+00  0.00E+00  0.00E+00  5.42E-26  2.26E-19
             2.74E-16  9.15E-15  1.65E-14  1.32E-14  5.42E-15  2.26E-15  8.65E-16  2.30E-16  8.26E-17
    27       0.00E+00  0.00E+00  0.00E+00  0.00E+00  0.00E+00  0.00E+00  0.00E+00  0.00E+00  9.78E-26  4.07E-19
             4.94E-16  1.65E-14  2.98E-14  2.37E-14  9.79E-15  4.07E-15  1.56E-15  4.15E-16  1.49E-16
    28       0.00E+00  0.00E+00  0.00E+00  0.00E+00  0.00E+00  0.00E+00  0.00E+00  0.00E+00  5.01E-26  2.10E-19
             2.55E-16  8.54E-15  1.54E-14  1.23E-14  5.07E-15  2.11E-15  8.09E-16  2.15E-16  7.72E-17
    29       0.00E+00  0.00E+00  0.00E+00  0.00E+00  0.00E+00  0.00E+00  0.00E+00  0.00E+00  9.71E-26  4.07E-19
             4.95E-16  1.66E-14  2.99E-14  2.39E-14  9.84E-15  4.09E-15  1.57E-15  4.17E-16  1.50E-16
    30       0.00E+00  0.00E+00  0.00E+00  0.00E+00  0.00E+00  0.00E+00  0.00E+00  0.00E+00  8.74E-27  3.68E-20
             4.49E-17  1.51E-15  2.71E-15  2.17E-15  8.94E-16  3.72E-16  1.43E-16  3.79E-17  1.36E-17
    31       0.00E+00  0.00E+00  0.00E+00  0.00E+00  0.00E+00  0.00E+00  0.00E+00  0.00E+00  4.34E-28  1.83E-21
             2.23E-18  7.47E-17  1.35E-16  1.08E-16  4.44E-17  1.85E-17  7.08E-18  1.88E-18  6.76E-19
    32       0.00E+00  0.00E+00  0.00E+00  0.00E+00  0.00E+00  0.00E+00  0.00E+00  0.00E+00  1.17E-26  4.91E-20
             5.98E-17  2.01E-15  3.62E-15  2.89E-15  1.19E-15  4.96E-16  1.90E-16  5.05E-17  1.82E-17
    33       0.00E+00  0.00E+00  0.00E+00  0.00E+00  0.00E+00  0.00E+00  0.00E+00  0.00E+00  9.97E-30  4.19E-23
             5.11E-20  1.72E-18  3.09E-18  2.47E-18  1.02E-18  4.24E-19  1.63E-19  4.32E-20  1.55E-20
    34       0.00E+00  0.00E+00  0.00E+00  0.00E+00  0.00E+00  0.00E+00  0.00E+00  0.00E+00  5.42E-28  2.28E-21
             2.78E-18  9.34E-17  1.68E-16  1.34E-16  5.54E-17  2.31E-17  8.85E-18  2.35E-18  8.45E-19
    35       0.00E+00  0.00E+00  0.00E+00  0.00E+00  0.00E+00  0.00E+00  0.00E+00  0.00E+00  1.20E-29  5.03E-23
             6.14E-20  2.06E-18  3.72E-18  2.97E-18  1.22E-18  5.09E-19  1.95E-19  5.19E-20  1.86E-20
    36       0.00E+00  0.00E+00  0.00E+00  0.00E+00  0.00E+00  0.00E+00  0.00E+00  0.00E+00  9.20E-28  4.16E-21
             5.27E-18  1.81E-16  3.29E-16  2.64E-16  1.09E-16  4.54E-17  1.74E-17  4.63E-18  1.66E-18
    37       0.00E+00  0.00E+00  0.00E+00  0.00E+00  0.00E+00  0.00E+00  0.00E+00  0.00E+00  2.87E-26  1.35E-19
             1.74E-16  6.03E-15  1.10E-14  8.82E-15  3.65E-15  1.52E-15  5.83E-16  1.55E-16  5.57E-17
    38       0.00E+00  0.00E+00  0.00E+00  0.00E+00  0.00E+00  0.00E+00  0.00E+00  0.00E+00  5.16E-26  2.42E-19
             3.12E-16  1.08E-14  1.97E-14  1.58E-14  6.54E-15  2.73E-15  1.05E-15  2.78E-16  9.99E-17
    39       0.00E+00  0.00E+00  0.00E+00  0.00E+00  0.00E+00  0.00E+00  0.00E+00  0.00E+00  2.52E-26  1.19E-19
             1.53E-16  5.33E-15  9.71E-15  7.80E-15  3.23E-15  1.34E-15  5.16E-16  1.37E-16  4.93E-17
    40       0.00E+00  0.00E+00  0.00E+00  0.00E+00  0.00E+00  0.00E+00  0.00E+00  0.00E+00  5.26E-26  2.48E-19
             3.20E-16  1.11E-14  2.03E-14  1.63E-14  6.73E-15  2.80E-15  1.08E-15  2.86E-16  1.03E-16
    41       0.00E+00  0.00E+00  0.00E+00  0.00E+00  0.00E+00  0.00E+00  0.00E+00  0.00E+00  4.81E-27  2.27E-20
             2.94E-17  1.02E-15  1.86E-15  1.50E-15  6.19E-16  2.58E-16  9.90E-17  2.63E-17  9.45E-18
    42       0.00E+00  0.00E+00  0.00E+00  0.00E+00  0.00E+00  0.00E+00  0.00E+00  0.00E+00  2.75E-28  1.30E-21
             1.68E-18  5.83E-17  1.06E-16  8.55E-17  3.54E-17  1.47E-17  5.66E-18  1.50E-18  5.40E-19
    43       0.00E+00  0.00E+00  0.00E+00  0.00E+00  0.00E+00  0.00E+00  0.00E+00  0.00E+00  6.43E-27  3.04E-20
             3.92E-17  1.36E-15  2.49E-15  2.00E-15  8.26E-16  3.44E-16  1.32E-16  3.51E-17  1.26E-17
    44       0.00E+00  0.00E+00  0.00E+00  0.00E+00  0.00E+00  0.00E+00  0.00E+00  0.00E+00  9.02E-30  4.26E-23
             5.51E-20  1.92E-18  3.49E-18  2.81E-18  1.16E-18  4.84E-19  1.86E-19  4.93E-20  1.77E-20
    45       0.00E+00  0.00E+00  0.00E+00  0.00E+00  0.00E+00  0.00E+00  0.00E+00  0.00E+00  3.44E-28  1.62E-21
             2.10E-18  7.29E-17  1.33E-16  1.07E-16  4.42E-17  1.84E-17  7.07E-18  1.88E-18  6.75E-19
    46       0.00E+00  0.00E+00  0.00E+00  0.00E+00  0.00E+00  0.00E+00  0.00E+00  0.00E+00  1.95E-31  9.21E-25
             1.19E-21  4.14E-20  7.55E-20  6.06E-20  2.51E-20  1.04E-20  4.01E-21  1.07E-21  3.83E-22
    47       0.00E+00  0.00E+00  0.00E+00  0.00E+00  0.00E+00  0.00E+00  0.00E+00  0.00E+00  1.08E-29  5.12E-23
             6.62E-20  2.30E-18  4.19E-18  3.37E-18  1.39E-18  5.81E-19  2.23E-19  5.92E-20  2.13E-20
    48       0.00E+00  0.00E+00  0.00E+00  0.00E+00  0.00E+00  0.00E+00  0.00E+00  0.00E+00  2.28E-31  1.08E-24
             1.39E-21  4.83E-20  8.81E-20  7.08E-20  2.93E-20  1.22E-20  4.68E-21  1.24E-21  4.47E-22
    49       0.00E+00  0.00E+00  0.00E+00  0.00E+00  0.00E+00  0.00E+00  0.00E+00  0.00E+00  4.50E-28  2.15E-21
             2.80E-18  9.79E-17  1.79E-16  1.44E-16  5.96E-17  2.48E-17  9.53E-18  2.53E-18  9.10E-19
    50       0.00E+00  0.00E+00  0.00E+00  0.00E+00  0.00E+00  0.00E+00  0.00E+00  0.00E+00  1.67E-26  8.47E-20
             1.13E-16  4.03E-15  7.40E-15  5.96E-15  2.47E-15  1.03E-15  3.96E-16  1.05E-16  3.78E-17
    51       0.00E+00  0.00E+00  0.00E+00  0.00E+00  0.00E+00  0.00E+00  0.00E+00  0.00E+00  2.99E-26  1.51E-19
             2.03E-16  7.19E-15  1.32E-14  1.06E-14  4.42E-15  1.84E-15  7.07E-16  1.88E-16  6.75E-17
    52       0.00E+00  0.00E+00  0.00E+00  0.00E+00  0.00E+00  0.00E+00  0.00E+00  0.00E+00  1.25E-26  6.35E-20
             8.51E-17  3.02E-15  5.55E-15  4.47E-15  1.86E-15  7.74E-16  2.97E-16  7.90E-17  2.84E-17
    53       0.00E+00  0.00E+00  0.00E+00  0.00E+00  0.00E+00  0.00E+00  0.00E+00  0.00E+00  2.78E-26  1.41E-19
             1.90E-16  6.74E-15  1.24E-14  9.98E-15  4.14E-15  1.73E-15  6.62E-16  1.76E-16  6.33E-17
    54       0.00E+00  0.00E+00  0.00E+00  0.00E+00  0.00E+00  0.00E+00  0.00E+00  0.00E+00  2.91E-27  1.48E-20
             1.99E-17  7.08E-16  1.30E-15  1.05E-15  4.35E-16  1.81E-16  6.97E-17  1.85E-17  6.66E-18
    55       0.00E+00  0.00E+00  0.00E+00  0.00E+00  0.00E+00  0.00E+00  0.00E+00  0.00E+00  1.80E-28  9.19E-22
             1.23E-18  4.38E-17  8.06E-17  6.49E-17  2.69E-17  1.12E-17  4.31E-18  1.15E-18  4.12E-19
    56       0.00E+00  0.00E+00  0.00E+00  0.00E+00  0.00E+00  0.00E+00  0.00E+00  0.00E+00  3.92E-27  1.99E-20
             2.68E-17  9.51E-16  1.75E-15  1.41E-15  5.85E-16  2.44E-16  9.36E-17  2.49E-17  8.94E-18
    57       0.00E+00  0.00E+00  0.00E+00  0.00E+00  0.00E+00  0.00E+00  0.00E+00  0.00E+00  6.73E-30  3.43E-23
             4.60E-20  1.64E-18  3.01E-18  2.42E-18  1.01E-18  4.19E-19  1.61E-19  4.28E-20  1.54E-20
    58       0.00E+00  0.00E+00  0.00E+00  0.00E+00  0.00E+00  0.00E+00  0.00E+00  0.00E+00  2.25E-28  1.15E-21
             1.54E-18  5.48E-17  1.01E-16  8.12E-17  3.37E-17  1.40E-17  5.39E-18  1.43E-18  5.15E-19
    59       0.00E+00  0.00E+00  0.00E+00  0.00E+00  0.00E+00  0.00E+00  0.00E+00  0.00E+00  2.08E-31  1.06E-24
             1.43E-21  5.07E-20  9.31E-20  7.51E-20  3.11E-20  1.30E-20  4.98E-21  1.32E-21  4.76E-22
    60       0.00E+00  0.00E+00  0.00E+00  0.00E+00  0.00E+00  0.00E+00  0.00E+00  0.00E+00  8.08E-30  4.12E-23
             5.53E-20  1.96E-18  3.61E-18  2.91E-18  1.21E-18  5.03E-19  1.93E-19  5.14E-20  1.85E-20
    61       0.00E+00  0.00E+00  0.00E+00  0.00E+00  0.00E+00  0.00E+00  0.00E+00  0.00E+00  4.47E-33  2.28E-26
             3.06E-23  1.09E-21  2.00E-21  1.61E-21  6.69E-22  2.79E-22  1.07E-22  2.84E-23  1.02E-23
    62       0.00E+00  0.00E+00  0.00E+00  0.00E+00  0.00E+00  0.00E+00  0.00E+00  0.00E+00  2.43E-31  1.24E-24
             1.66E-21  5.92E-20  1.09E-19  8.76E-20  3.64E-20  1.52E-20  5.82E-21  1.55E-21  5.56E-22
    63       0.00E+00  0.00E+00  0.00E+00  0.00E+00  0.00E+00  0.00E+00  0.00E+00  0.00E+00  5.12E-33  2.61E-26
             3.50E-23  1.24E-21  2.29E-21  1.84E-21  7.65E-22  3.19E-22  1.22E-22  3.25E-23  1.17E-23

                                                                                     --------------------------
                                                                                     PRTF= 1  LVLPRT= (1S  0.0)
   ILREP
   -----
     2       0.00E+00  0.00E+00  0.00E+00  0.00E+00  0.00E+00  0.00E+00  0.00E+00  4.99E-37  9.49E-22  6.74E-17
             1.14E-14  1.26E-13  1.61E-13  1.09E-13  4.09E-14  1.65E-14  6.23E-15  1.64E-15  5.87E-16
     3       0.00E+00  0.00E+00  0.00E+00  0.00E+00  0.00E+00  0.00E+00  0.00E+00  3.16E-37  9.56E-22  8.44E-17
             1.65E-14  2.05E-13  2.74E-13  1.90E-13  7.22E-14  2.92E-14  1.11E-14  2.91E-15  1.04E-15
     4       0.00E+00  0.00E+00  0.00E+00  0.00E+00  0.00E+00  0.00E+00  0.00E+00  1.36E-44  6.05E-26  5.61E-20
             3.21E-17  6.86E-16  1.06E-15  7.88E-16  3.11E-16  1.27E-16  4.85E-17  1.28E-17  4.60E-18
     5       0.00E+00  0.00E+00  0.00E+00  0.00E+00  0.00E+00  0.00E+00  0.00E+00  1.55E-42  9.78E-24  1.01E-17
             6.12E-15  1.35E-13  2.11E-13  1.57E-13  6.22E-14  2.55E-14  9.71E-15  2.57E-15  9.22E-16
     6       0.00E+00  0.00E+00  0.00E+00  0.00E+00  0.00E+00  0.00E+00  0.00E+00  9.47E-43  7.45E-24  8.28E-18
             5.19E-15  1.17E-13  1.84E-13  1.38E-13  5.46E-14  2.24E-14  8.54E-15  2.26E-15  8.11E-16
     7       0.00E+00  0.00E+00  0.00E+00  0.00E+00  0.00E+00  0.00E+00  0.00E+00  0.00E+00  1.02E-26  2.29E-20
             2.04E-17  5.66E-16  9.59E-16  7.42E-16  3.00E-16  1.24E-16  4.75E-17  1.26E-17  4.52E-18
     8       0.00E+00  0.00E+00  0.00E+00  0.00E+00  0.00E+00  0.00E+00  0.00E+00  0.00E+00  1.18E-24  2.77E-18
             2.53E-15  7.12E-14  1.21E-13  9.39E-14  3.81E-14  1.57E-14  6.02E-15  1.60E-15  5.73E-16
     9       0.00E+00  0.00E+00  0.00E+00  0.00E+00  0.00E+00  0.00E+00  0.00E+00  0.00E+00  1.13E-24  2.70E-18
             2.49E-15  7.06E-14  1.20E-13  9.34E-14  3.79E-14  1.57E-14  5.99E-15  1.59E-15  5.71E-16
    10       0.00E+00  0.00E+00  0.00E+00  0.00E+00  0.00E+00  0.00E+00  0.00E+00  0.00E+00  1.12E-25  2.72E-19
             2.52E-16  7.19E-15  1.23E-14  9.53E-15  3.87E-15  1.60E-15  6.12E-16  1.62E-16  5.83E-17
    11       0.00E+00  0.00E+00  0.00E+00  0.00E+00  0.00E+00  0.00E+00  0.00E+00  0.00E+00  3.40E-27  1.12E-20
             1.21E-17  3.79E-16  6.66E-16  5.26E-16  2.15E-16  8.94E-17  3.42E-17  9.09E-18  3.26E-18
    12       0.00E+00  0.00E+00  0.00E+00  0.00E+00  0.00E+00  0.00E+00  0.00E+00  0.00E+00  3.51E-25  1.20E-18
             1.31E-15  4.14E-14  7.30E-14  5.77E-14  2.36E-14  9.82E-15  3.76E-15  9.99E-16  3.59E-16
    13       0.00E+00  0.00E+00  0.00E+00  0.00E+00  0.00E+00  0.00E+00  0.00E+00  0.00E+00  3.39E-25  1.17E-18
             1.29E-15  4.07E-14  7.19E-14  5.68E-14  2.33E-14  9.68E-15  3.71E-15  9.84E-16  3.54E-16
    14       0.00E+00  0.00E+00  0.00E+00  0.00E+00  0.00E+00  0.00E+00  0.00E+00  0.00E+00  4.33E-26  1.50E-19
             1.66E-16  5.26E-15  9.31E-15  7.36E-15  3.02E-15  1.25E-15  4.80E-16  1.27E-16  4.58E-17
    15       0.00E+00  0.00E+00  0.00E+00  0.00E+00  0.00E+00  0.00E+00  0.00E+00  0.00E+00  1.44E-27  5.00E-21
             5.54E-18  1.75E-16  3.10E-16  2.45E-16  1.01E-16  4.18E-17  1.60E-17  4.25E-18  1.53E-18
    16       0.00E+00  0.00E+00  0.00E+00  0.00E+00  0.00E+00  0.00E+00  0.00E+00  0.00E+00  1.60E-27  6.44E-21
             7.70E-18  2.55E-16  4.59E-16  3.65E-16  1.51E-16  6.26E-17  2.40E-17  6.38E-18  2.29E-18
    17       0.00E+00  0.00E+00  0.00E+00  0.00E+00  0.00E+00  0.00E+00  0.00E+00  0.00E+00  1.52E-25  6.33E-19
             7.68E-16  2.57E-14  4.62E-14  3.69E-14  1.52E-14  6.33E-15  2.43E-15  6.45E-16  2.32E-16
    18       0.00E+00  0.00E+00  0.00E+00  0.00E+00  0.00E+00  0.00E+00  0.00E+00  0.00E+00  1.47E-25  6.16E-19
             7.50E-16  2.51E-14  4.53E-14  3.61E-14  1.49E-14  6.20E-15  2.38E-15  6.32E-16  2.27E-16
    19       0.00E+00  0.00E+00  0.00E+00  0.00E+00  0.00E+00  0.00E+00  0.00E+00  0.00E+00  2.04E-26  8.59E-20
             1.05E-16  3.51E-15  6.33E-15  5.06E-15  2.09E-15  8.68E-16  3.33E-16  8.84E-17  3.18E-17
    20       0.00E+00  0.00E+00  0.00E+00  0.00E+00  0.00E+00  0.00E+00  0.00E+00  0.00E+00  9.76E-28  4.11E-21
             5.01E-18  1.68E-16  3.03E-16  2.42E-16  9.98E-17  4.15E-17  1.59E-17  4.23E-18  1.52E-18
    21       0.00E+00  0.00E+00  0.00E+00  0.00E+00  0.00E+00  0.00E+00  0.00E+00  0.00E+00  2.19E-29  9.23E-23
             1.13E-19  3.78E-18  6.81E-18  5.44E-18  2.24E-18  9.33E-19  3.58E-19  9.51E-20  3.42E-20
    22       0.00E+00  0.00E+00  0.00E+00  0.00E+00  0.00E+00  0.00E+00  0.00E+00  0.00E+00  9.20E-28  4.16E-21
             5.27E-18  1.81E-16  3.29E-16  2.64E-16  1.09E-16  4.54E-17  1.74E-17  4.63E-18  1.66E-18
    23       0.00E+00  0.00E+00  0.00E+00  0.00E+00  0.00E+00  0.00E+00  0.00E+00  0.00E+00  8.03E-26  3.77E-19
             4.85E-16  1.68E-14  3.07E-14  2.46E-14  1.02E-14  4.25E-15  1.63E-15  4.33E-16  1.56E-16
    24       0.00E+00  0.00E+00  0.00E+00  0.00E+00  0.00E+00  0.00E+00  0.00E+00  0.00E+00  7.79E-26  3.67E-19
             4.73E-16  1.64E-14  3.00E-14  2.41E-14  9.96E-15  4.15E-15  1.59E-15  4.23E-16  1.52E-16
    25       0.00E+00  0.00E+00  0.00E+00  0.00E+00  0.00E+00  0.00E+00  0.00E+00  0.00E+00  1.12E-26  5.31E-20
             6.86E-17  2.38E-15  4.35E-15  3.49E-15  1.45E-15  6.02E-16  2.31E-16  6.14E-17  2.21E-17
    26       0.00E+00  0.00E+00  0.00E+00  0.00E+00  0.00E+00  0.00E+00  0.00E+00  0.00E+00  6.18E-28  2.92E-21
             3.78E-18  1.31E-16  2.39E-16  1.92E-16  7.96E-17  3.32E-17  1.27E-17  3.38E-18  1.22E-18
    27       0.00E+00  0.00E+00  0.00E+00  0.00E+00  0.00E+00  0.00E+00  0.00E+00  0.00E+00  1.98E-29  9.38E-23
             1.21E-19  4.21E-18  7.69E-18  6.17E-18  2.56E-18  1.06E-18  4.09E-19  1.09E-19  3.90E-20
    28       0.00E+00  0.00E+00  0.00E+00  0.00E+00  0.00E+00  0.00E+00  0.00E+00  0.00E+00  4.22E-31  2.00E-24
             2.58E-21  8.97E-20  1.64E-19  1.31E-19  5.44E-20  2.26E-20  8.69E-21  2.31E-21  8.30E-22
    29       0.00E+00  0.00E+00  0.00E+00  0.00E+00  0.00E+00  0.00E+00  0.00E+00  0.00E+00  4.50E-28  2.15E-21
             2.80E-18  9.79E-17  1.79E-16  1.44E-16  5.96E-17  2.48E-17  9.53E-18  2.53E-18  9.10E-19
    30       0.00E+00  0.00E+00  0.00E+00  0.00E+00  0.00E+00  0.00E+00  0.00E+00  0.00E+00  4.66E-26  2.36E-19
             3.16E-16  1.12E-14  2.06E-14  1.66E-14  6.89E-15  2.87E-15  1.10E-15  2.93E-16  1.05E-16
    31       0.00E+00  0.00E+00  0.00E+00  0.00E+00  0.00E+00  0.00E+00  0.00E+00  0.00E+00  4.03E-26  2.05E-19
             2.75E-16  9.76E-15  1.79E-14  1.45E-14  5.99E-15  2.50E-15  9.59E-16  2.55E-16  9.17E-17
    32       0.00E+00  0.00E+00  0.00E+00  0.00E+00  0.00E+00  0.00E+00  0.00E+00  0.00E+00  6.83E-27  3.48E-20
             4.67E-17  1.66E-15  3.05E-15  2.46E-15  1.02E-15  4.25E-16  1.63E-16  4.34E-17  1.56E-17
    33       0.00E+00  0.00E+00  0.00E+00  0.00E+00  0.00E+00  0.00E+00  0.00E+00  0.00E+00  4.06E-28  2.07E-21
             2.78E-18  9.87E-17  1.81E-16  1.46E-16  6.06E-17  2.53E-17  9.71E-18  2.58E-18  9.27E-19
    34       0.00E+00  0.00E+00  0.00E+00  0.00E+00  0.00E+00  0.00E+00  0.00E+00  0.00E+00  1.48E-29  7.55E-23
             1.01E-19  3.60E-18  6.62E-18  5.33E-18  2.21E-18  9.23E-19  3.54E-19  9.41E-20  3.38E-20
    35       0.00E+00  0.00E+00  0.00E+00  0.00E+00  0.00E+00  0.00E+00  0.00E+00  0.00E+00  4.52E-31  2.30E-24
             3.09E-21  1.10E-19  2.02E-19  1.63E-19  6.75E-20  2.81E-20  1.08E-20  2.87E-21  1.03E-21
    36       0.00E+00  0.00E+00  0.00E+00  0.00E+00  0.00E+00  0.00E+00  0.00E+00  0.00E+00  9.59E-33  4.89E-26
             6.56E-23  2.33E-21  4.29E-21  3.46E-21  1.43E-21  5.98E-22  2.29E-22  6.10E-23  2.19E-23
    37       0.00E+00  0.00E+00  0.00E+00  0.00E+00  0.00E+00  0.00E+00  0.00E+00  0.00E+00  3.59E-28  1.80E-21
             2.40E-18  8.49E-17  1.56E-16  1.26E-16  5.21E-17  2.17E-17  8.34E-18  2.22E-18  7.96E-19
    38       0.00E+00  0.00E+00  0.00E+00  0.00E+00  0.00E+00  0.00E+00  0.00E+00  0.00E+00  3.05E-26  1.63E-19
             2.24E-16  8.08E-15  1.49E-14  1.21E-14  5.01E-15  2.09E-15  8.02E-16  2.13E-16  7.66E-17
    39       0.00E+00  0.00E+00  0.00E+00  0.00E+00  0.00E+00  0.00E+00  0.00E+00  0.00E+00  2.73E-26  1.46E-19
             2.01E-16  7.26E-15  1.34E-14  1.08E-14  4.50E-15  1.88E-15  7.21E-16  1.92E-16  6.89E-17
    40       0.00E+00  0.00E+00  0.00E+00  0.00E+00  0.00E+00  0.00E+00  0.00E+00  0.00E+00  4.51E-27  2.42E-20
             3.33E-17  1.20E-15  2.22E-15  1.80E-15  7.46E-16  3.11E-16  1.19E-16  3.18E-17  1.14E-17
    41       0.00E+00  0.00E+00  0.00E+00  0.00E+00  0.00E+00  0.00E+00  0.00E+00  0.00E+00  2.79E-28  1.50E-21
             2.06E-18  7.44E-17  1.37E-16  1.11E-16  4.61E-17  1.92E-17  7.39E-18  1.96E-18  7.06E-19
    42       0.00E+00  0.00E+00  0.00E+00  0.00E+00  0.00E+00  0.00E+00  0.00E+00  0.00E+00  1.07E-29  5.77E-23
             7.94E-20  2.87E-18  5.30E-18  4.28E-18  1.78E-18  7.42E-19  2.85E-19  7.58E-20  2.72E-20
    43       0.00E+00  0.00E+00  0.00E+00  0.00E+00  0.00E+00  0.00E+00  0.00E+00  0.00E+00  3.68E-31  1.98E-24
             2.72E-21  9.82E-20  1.81E-19  1.47E-19  6.09E-20  2.54E-20  9.76E-21  2.59E-21  9.33E-22
    44       0.00E+00  0.00E+00  0.00E+00  0.00E+00  0.00E+00  0.00E+00  0.00E+00  0.00E+00  1.18E-32  6.32E-26
             8.71E-23  3.15E-21  5.81E-21  4.70E-21  1.95E-21  8.14E-22  3.13E-22  8.31E-23  2.99E-23
    45       0.00E+00  0.00E+00  0.00E+00  0.00E+00  0.00E+00  0.00E+00  0.00E+00  0.00E+00  2.20E-34  1.18E-27
             1.62E-24  5.86E-23  1.08E-22  8.75E-23  3.64E-23  1.52E-23  5.82E-24  1.55E-24  5.56E-25
    46       0.00E+00  0.00E+00  0.00E+00  0.00E+00  0.00E+00  0.00E+00  0.00E+00  0.00E+00  1.50E-28  8.33E-22
             1.17E-18  4.25E-17  7.88E-17  6.38E-17  2.65E-17  1.11E-17  4.25E-18  1.13E-18  4.06E-19
    47       0.00E+00  0.00E+00  0.00E+00  0.00E+00  0.00E+00  0.00E+00  0.00E+00  0.00E+00  2.08E-26  1.16E-19
             1.62E-16  5.92E-15  1.10E-14  8.89E-15  3.70E-15  1.54E-15  5.93E-16  1.58E-16  5.66E-17
    48       0.00E+00  0.00E+00  0.00E+00  0.00E+00  0.00E+00  0.00E+00  0.00E+00  0.00E+00  1.91E-26  1.06E-19
             1.49E-16  5.45E-15  1.01E-14  8.18E-15  3.40E-15  1.42E-15  5.45E-16  1.45E-16  5.21E-17
    49       0.00E+00  0.00E+00  0.00E+00  0.00E+00  0.00E+00  0.00E+00  0.00E+00  0.00E+00  3.13E-27  1.74E-20
             2.44E-17  8.92E-16  1.65E-15  1.34E-15  5.57E-16  2.33E-16  8.93E-17  2.37E-17  8.54E-18
    50       0.00E+00  0.00E+00  0.00E+00  0.00E+00  0.00E+00  0.00E+00  0.00E+00  0.00E+00  1.99E-28  1.11E-21
             1.55E-18  5.67E-17  1.05E-16  8.52E-17  3.54E-17  1.48E-17  5.68E-18  1.51E-18  5.43E-19
    51       0.00E+00  0.00E+00  0.00E+00  0.00E+00  0.00E+00  0.00E+00  0.00E+00  0.00E+00  7.87E-30  4.38E-23
             6.15E-20  2.25E-18  4.16E-18  3.37E-18  1.40E-18  5.85E-19  2.25E-19  5.98E-20  2.15E-20
    52       0.00E+00  0.00E+00  0.00E+00  0.00E+00  0.00E+00  0.00E+00  0.00E+00  0.00E+00  2.79E-31  1.56E-24
             2.18E-21  7.97E-20  1.48E-19  1.20E-19  4.98E-20  2.08E-20  7.98E-21  2.12E-21  7.62E-22
    53       0.00E+00  0.00E+00  0.00E+00  0.00E+00  0.00E+00  0.00E+00  0.00E+00  0.00E+00  1.04E-32  5.77E-26
             8.10E-23  2.96E-21  5.48E-21  4.44E-21  1.85E-21  7.70E-22  2.96E-22  7.87E-23  2.83E-23
    54       0.00E+00  0.00E+00  0.00E+00  0.00E+00  0.00E+00  0.00E+00  0.00E+00  0.00E+00  3.11E-34  1.73E-27
             2.43E-24  8.87E-23  1.64E-22  1.33E-22  5.54E-23  2.31E-23  8.88E-24  2.36E-24  8.48E-25
    55       0.00E+00  0.00E+00  0.00E+00  0.00E+00  0.00E+00  0.00E+00  0.00E+00  0.00E+00  4.51E-36  2.51E-29
             3.52E-26  1.29E-24  2.38E-24  1.93E-24  8.03E-25  3.35E-25  1.29E-25  3.42E-26  1.23E-26

   INREP
   -----
     2       0.00E+00  0.00E+00  0.00E+00  0.00E+00  0.00E+00  0.00E+00  0.00E+00  8.15E-37  1.90E-21  1.52E-16
             2.78E-14  3.31E-13  4.36E-13  2.99E-13  1.13E-13  4.57E-14  1.73E-14  4.55E-15  1.63E-15
     3       0.00E+00  0.00E+00  0.00E+00  0.00E+00  0.00E+00  0.00E+00  0.00E+00  2.51E-42  1.73E-23  1.85E-17
             1.13E-14  2.52E-13  3.97E-13  2.96E-13  1.17E-13  4.81E-14  1.83E-14  4.84E-15  1.74E-15
     4       0.00E+00  0.00E+00  0.00E+00  0.00E+00  0.00E+00  0.00E+00  0.00E+00  0.00E+00  2.43E-24  5.77E-18
             5.29E-15  1.49E-13  2.55E-13  1.98E-13  8.01E-14  3.31E-14  1.27E-14  3.36E-15  1.21E-15
     5       0.00E+00  0.00E+00  0.00E+00  0.00E+00  0.00E+00  0.00E+00  0.00E+00  0.00E+00  7.38E-25  2.53E-18
             2.78E-15  8.79E-14  1.55E-13  1.23E-13  5.03E-14  2.09E-14  8.00E-15  2.12E-15  7.63E-16
     6       0.00E+00  0.00E+00  0.00E+00  0.00E+00  0.00E+00  0.00E+00  0.00E+00  0.00E+00  3.22E-25  1.35E-18
             1.63E-15  5.47E-14  9.86E-14  7.87E-14  3.25E-14  1.35E-14  5.18E-15  1.38E-15  4.94E-16
     7       0.00E+00  0.00E+00  0.00E+00  0.00E+00  0.00E+00  0.00E+00  0.00E+00  0.00E+00  1.71E-25  8.04E-19
             1.04E-15  3.60E-14  6.56E-14  5.26E-14  2.18E-14  9.08E-15  3.48E-15  9.26E-16  3.33E-16
     8       0.00E+00  0.00E+00  0.00E+00  0.00E+00  0.00E+00  0.00E+00  0.00E+00  0.00E+00  9.46E-26  4.80E-19
             6.43E-16  2.28E-14  4.20E-14  3.38E-14  1.40E-14  5.85E-15  2.24E-15  5.97E-16  2.14E-16
     9       0.00E+00  0.00E+00  0.00E+00  0.00E+00  0.00E+00  0.00E+00  0.00E+00  0.00E+00  6.30E-26  3.37E-19
             4.63E-16  1.67E-14  3.09E-14  2.49E-14  1.04E-14  4.32E-15  1.66E-15  4.41E-16  1.59E-16
    10       0.00E+00  0.00E+00  0.00E+00  0.00E+00  0.00E+00  0.00E+00  0.00E+00  0.00E+00  4.34E-26  2.42E-19
             3.39E-16  1.24E-14  2.29E-14  1.86E-14  7.72E-15  3.22E-15  1.24E-15  3.29E-16  1.18E-16
    11       0.00E+00  0.00E+00  0.00E+00  0.00E+00  0.00E+00  0.00E+00  0.00E+00  0.00E+00  2.44E-26  1.39E-19
             1.98E-16  7.29E-15  1.36E-14  1.10E-14  4.58E-15  1.91E-15  7.34E-16  1.95E-16  7.01E-17
    12       0.00E+00  0.00E+00  0.00E+00  0.00E+00  0.00E+00  0.00E+00  0.00E+00  0.00E+00  1.63E-26  9.55E-20
             1.37E-16  5.08E-15  9.46E-15  7.68E-15  3.20E-15  1.34E-15  5.13E-16  1.36E-16  4.90E-17
    13       0.00E+00  0.00E+00  0.00E+00  0.00E+00  0.00E+00  0.00E+00  0.00E+00  0.00E+00  1.34E-26  7.96E-20
             1.15E-16  4.29E-15  8.01E-15  6.51E-15  2.71E-15  1.13E-15  4.35E-16  1.16E-16  4.16E-17
    14       0.00E+00  0.00E+00  0.00E+00  0.00E+00  0.00E+00  0.00E+00  0.00E+00  0.00E+00  1.11E-26  6.68E-20
             9.74E-17  3.64E-15  6.80E-15  5.52E-15  2.30E-15  9.62E-16  3.70E-16  9.83E-17  3.53E-17
    15       0.00E+00  0.00E+00  0.00E+00  0.00E+00  0.00E+00  0.00E+00  0.00E+00  0.00E+00  9.36E-27  5.69E-20
             8.34E-17  3.12E-15  5.85E-15  4.75E-15  1.98E-15  8.28E-16  3.18E-16  8.46E-17  3.04E-17
    16       0.00E+00  0.00E+00  0.00E+00  0.00E+00  0.00E+00  0.00E+00  0.00E+00  0.00E+00  7.87E-27  4.82E-20
             7.10E-17  2.67E-15  4.99E-15  4.06E-15  1.69E-15  7.08E-16  2.72E-16  7.23E-17  2.60E-17
    17       0.00E+00  0.00E+00  0.00E+00  0.00E+00  0.00E+00  0.00E+00  0.00E+00  0.00E+00  5.70E-27  3.54E-20
             5.24E-17  1.98E-15  3.71E-15  3.02E-15  1.26E-15  5.26E-16  2.02E-16  5.38E-17  1.93E-17
    18       0.00E+00  0.00E+00  0.00E+00  0.00E+00  0.00E+00  0.00E+00  0.00E+00  0.00E+00  4.24E-27  2.65E-20
             3.95E-17  1.49E-15  2.80E-15  2.28E-15  9.53E-16  3.98E-16  1.53E-16  4.07E-17  1.46E-17
    19       0.00E+00  0.00E+00  0.00E+00  0.00E+00  0.00E+00  0.00E+00  0.00E+00  0.00E+00  3.23E-27  2.04E-20
             3.04E-17  1.15E-15  2.16E-15  1.76E-15  7.36E-16  3.07E-16  1.18E-16  3.14E-17  1.13E-17
    20       0.00E+00  0.00E+00  0.00E+00  0.00E+00  0.00E+00  0.00E+00  0.00E+00  0.00E+00  2.23E-27  1.42E-20
             2.12E-17  8.06E-16  1.51E-15  1.23E-15  5.16E-16  2.15E-16  8.28E-17  2.20E-17  7.92E-18
    21       0.00E+00  0.00E+00  0.00E+00  0.00E+00  0.00E+00  0.00E+00  0.00E+00  0.00E+00  1.45E-27  9.24E-21
             1.39E-17  5.29E-16  9.94E-16  8.10E-16  3.38E-16  1.41E-16  5.43E-17  1.45E-17  5.20E-18
    22       0.00E+00  0.00E+00  0.00E+00  0.00E+00  0.00E+00  0.00E+00  0.00E+00  0.00E+00  8.34E-28  5.36E-21
             8.07E-18  3.08E-16  5.78E-16  4.72E-16  1.97E-16  8.23E-17  3.16E-17  8.42E-18  3.03E-18
    23       0.00E+00  0.00E+00  0.00E+00  0.00E+00  0.00E+00  0.00E+00  0.00E+00  0.00E+00  6.08E-28  3.91E-21
             5.90E-18  2.25E-16  4.23E-16  3.45E-16  1.44E-16  6.02E-17  2.31E-17  6.16E-18  2.21E-18
    24       0.00E+00  0.00E+00  0.00E+00  0.00E+00  0.00E+00  0.00E+00  0.00E+00  0.00E+00  4.01E-28  2.58E-21
             3.90E-18  1.49E-16  2.80E-16  2.28E-16  9.52E-17  3.98E-17  1.53E-17  4.07E-18  1.46E-18
    25       0.00E+00  0.00E+00  0.00E+00  0.00E+00  0.00E+00  0.00E+00  0.00E+00  0.00E+00  3.14E-28  2.02E-21
             3.05E-18  1.16E-16  2.19E-16  1.78E-16  7.45E-17  3.11E-17  1.20E-17  3.18E-18  1.14E-18
    26       0.00E+00  0.00E+00  0.00E+00  0.00E+00  0.00E+00  0.00E+00  0.00E+00  0.00E+00  2.25E-28  1.45E-21
             2.19E-18  8.34E-17  1.57E-16  1.28E-16  5.35E-17  2.23E-17  8.59E-18  2.28E-18  8.21E-19
    27       0.00E+00  0.00E+00  0.00E+00  0.00E+00  0.00E+00  0.00E+00  0.00E+00  0.00E+00  1.68E-28  1.08E-21
             1.63E-18  6.20E-17  1.17E-16  9.52E-17  3.98E-17  1.66E-17  6.38E-18  1.70E-18  6.11E-19
    28       0.00E+00  0.00E+00  0.00E+00  0.00E+00  0.00E+00  0.00E+00  0.00E+00  0.00E+00  1.14E-28  7.31E-22
             1.10E-18  4.19E-17  7.89E-17  6.43E-17  2.69E-17  1.12E-17  4.32E-18  1.15E-18  4.13E-19
    29       0.00E+00  0.00E+00  0.00E+00  0.00E+00  0.00E+00  0.00E+00  0.00E+00  0.00E+00  7.59E-29  4.85E-22
             7.29E-19  2.78E-17  5.22E-17  4.26E-17  1.78E-17  7.43E-18  2.86E-18  7.60E-19  2.73E-19
    30       0.00E+00  0.00E+00  0.00E+00  0.00E+00  0.00E+00  0.00E+00  0.00E+00  0.00E+00  4.17E-29  2.66E-22
             3.99E-19  1.52E-17  2.85E-17  2.33E-17  9.72E-18  4.06E-18  1.56E-18  4.15E-19  1.49E-19
    31       0.00E+00  0.00E+00  0.00E+00  0.00E+00  0.00E+00  0.00E+00  0.00E+00  0.00E+00  2.84E-29  1.80E-22
             2.70E-19  1.03E-17  1.93E-17  1.57E-17  6.58E-18  2.75E-18  1.06E-18  2.81E-19  1.01E-19
    32       0.00E+00  0.00E+00  0.00E+00  0.00E+00  0.00E+00  0.00E+00  0.00E+00  0.00E+00  1.65E-29  1.04E-22
             1.56E-19  5.92E-18  1.11E-17  9.06E-18  3.78E-18  1.58E-18  6.08E-19  1.62E-19  5.81E-20
    33       0.00E+00  0.00E+00  0.00E+00  0.00E+00  0.00E+00  0.00E+00  0.00E+00  0.00E+00  1.10E-29  6.91E-23
             1.03E-19  3.92E-18  7.35E-18  5.99E-18  2.50E-18  1.05E-18  4.02E-19  1.07E-19  3.84E-20
    34       0.00E+00  0.00E+00  0.00E+00  0.00E+00  0.00E+00  0.00E+00  0.00E+00  0.00E+00  6.04E-30  3.79E-23
             5.66E-20  2.14E-18  4.02E-18  3.28E-18  1.37E-18  5.72E-19  2.20E-19  5.85E-20  2.10E-20
    35       0.00E+00  0.00E+00  0.00E+00  0.00E+00  0.00E+00  0.00E+00  0.00E+00  0.00E+00  3.80E-30  2.38E-23
             3.55E-20  1.34E-18  2.52E-18  2.05E-18  8.57E-19  3.58E-19  1.38E-19  3.66E-20  1.32E-20
    36       0.00E+00  0.00E+00  0.00E+00  0.00E+00  0.00E+00  0.00E+00  0.00E+00  0.00E+00  1.86E-30  1.16E-23
             1.73E-20  6.56E-19  1.23E-18  1.00E-18  4.19E-19  1.75E-19  6.73E-20  1.79E-20  6.43E-21
    37       0.00E+00  0.00E+00  0.00E+00  0.00E+00  0.00E+00  0.00E+00  0.00E+00  0.00E+00  1.15E-30  7.20E-24
             1.07E-20  4.06E-19  7.61E-19  6.20E-19  2.59E-19  1.08E-19  4.16E-20  1.11E-20  3.97E-21
    38       0.00E+00  0.00E+00  0.00E+00  0.00E+00  0.00E+00  0.00E+00  0.00E+00  0.00E+00  5.60E-31  3.50E-24
             5.20E-21  1.97E-19  3.69E-19  3.01E-19  1.26E-19  5.25E-20  2.02E-20  5.37E-21  1.93E-21
    39       0.00E+00  0.00E+00  0.00E+00  0.00E+00  0.00E+00  0.00E+00  0.00E+00  0.00E+00  3.34E-31  2.09E-24
             3.10E-21  1.17E-19  2.20E-19  1.80E-19  7.49E-20  3.13E-20  1.20E-20  3.20E-21  1.15E-21
    40       0.00E+00  0.00E+00  0.00E+00  0.00E+00  0.00E+00  0.00E+00  0.00E+00  0.00E+00  1.50E-31  9.33E-25
             1.39E-21  5.25E-20  9.86E-20  8.03E-20  3.35E-20  1.40E-20  5.38E-21  1.43E-21  5.15E-22
    41       0.00E+00  0.00E+00  0.00E+00  0.00E+00  0.00E+00  0.00E+00  0.00E+00  0.00E+00  9.63E-32  6.01E-25
             8.93E-22  3.38E-20  6.34E-20  5.17E-20  2.16E-20  9.01E-21  3.46E-21  9.21E-22  3.31E-22
    42       0.00E+00  0.00E+00  0.00E+00  0.00E+00  0.00E+00  0.00E+00  0.00E+00  0.00E+00  5.15E-32  3.21E-25
             4.78E-22  1.81E-20  3.39E-20  2.76E-20  1.15E-20  4.82E-21  1.85E-21  4.93E-22  1.77E-22



    T(K)     ALFT( 1)  ALFT( 2)  ALFT( 3)  ALFT( 4)  ALFT( 5)  ALFT( 6)  ALFT( 7)  ALFT( 8)  ALFT( 9)  ALFT(10)
    ----     --------  --------  --------  --------  --------  --------  --------  --------  --------  --------
  6.40E+02   0.00E+00
  1.28E+03   0.00E+00
  3.20E+03   0.00E+00
  6.40E+03   0.00E+00
  1.28E+04   0.00E+00
  3.20E+04   0.00E+00
  6.40E+04   0.00E+00
  1.28E+05   8.15E-37
  3.20E+05   1.93E-21
  6.40E+05   1.83E-16
  1.28E+06   5.27E-14
  3.20E+06   1.01E-12
  6.40E+06   1.59E-12
  1.28E+07   1.20E-12
  3.20E+07   4.78E-13
  6.40E+07   1.97E-13
  1.28E+08   7.51E-14
  3.20E+08   1.99E-14
  6.40E+08   7.14E-15

C--------------------------------------------------------------------------------------------------------------
C
C He-like target core transitions 1-2 and 2-2                                
C
C--------------------------------------------------------------------------------------------------------------

C---------------------------------------------------------------------------------
C ADAS adf09 DATA - SCCS info: @(#)$Header: /home/adascvs/adas/adf09/mb00#he/mb00#he_ne8ic12.dat,v 2.2 2004/07/06 22:36:23 whitefor Exp $ Date $Date: 2004/07/06 22:36:23 $					  
C---------------------------------------------------------------------------------
