  1     1            1s2  1  0 S  0.0  1          0.000       0.000000          0.000       0.000000
  2     2          1s.2s  3  0 S  1.0  3    7299940.000      66.521950    7281070.705      66.349998
  3     2          1s.2s  1  0 S  0.0  1    7382680.000      67.275933    7377639.241      67.229996
  4     3          1s.2p  3  1 P  0.0  1    7378205.527      67.235159    7364471.299      67.110001
  5     3          1s.2p  3  1 P  1.0  3    7378506.427      67.237901    7365568.070      67.119995
  6     3          1s.2p  3  1 P  2.0  5    7380050.000      67.251966    7367763.285      67.139999
  7     3          1s.2p  1  1 P  1.0  3    7436560.000      67.766923    7441287.085      67.809998
  8     4          1s.3s  3  0 S  1.0  3    8623000.000      78.578560    8601210.475      78.379997
  9     4          1s.3s  1  0 S  0.0  1    8644880.000      78.777946    8626450.426      78.610001
 10     5          1s.3p  3  1 P  0.0  1    8644400.000      78.773572    8624255.211      78.589996
 11     5          1s.3p  3  1 P  1.0  3    8644500.000      78.774483    8625352.818      78.599998
 12     5          1s.3p  3  1 P  2.0  5    8644960.000      78.778675    8625352.818      78.599998
 13     5          1s.3p  1  1 P  1.0  3    8660530.000      78.920559    8645105.569      78.779999
 14     6          1s.3d  3  2 D  1.0  3    8657000.000      78.888391    8639618.368      78.729996
 15     6          1s.3d  3  2 D  2.0  5    8657120.000      78.889485    8639618.368      78.729996
 16     6          1s.3d  3  2 D  3.0  7    8657190.000      78.890123    8640715.975      78.739998
 17     6          1s.3d  1  2 D  2.0  5    8662400.000      78.937600    8640715.975      78.739998
 18     7          1s.4s  3  0 S  1.0  3    9075200.000      82.699310    9051134.138      82.480003
 19     7          1s.4s  1  0 S  0.0  1    9084060.000      82.780048    9062107.702      82.580002
 20     8          1s.4p  3  1 P  0.0  1    9084000.000      82.779502    9061010.094      82.570000
 21     8          1s.4p  3  1 P  1.0  3    9084040.000      82.779866    9061010.094      82.570000
 22     8          1s.4p  3  1 P  2.0  5    9084230.000      82.781598    9061010.094      82.570000
 23     8          1s.4p  1  1 P  1.0  3    9090630.000      82.839919    9069789.280      82.650002
 24     9          1s.4d  3  2 D  1.0  3    9090300.000      82.836911    9067594.902      82.630005
 25     9          1s.4d  3  2 D  2.0  5    9090340.000      82.837276    9067594.902      82.630005
 26     9          1s.4d  3  2 D  3.0  7    9090390.000      82.837732    9067594.902      82.630005
 27     9          1s.4d  1  2 D  2.0  5          0.000       0.000000    9067594.902      82.630005
 28    10          1s.4f  3  3 F  2.0  5          0.000       0.000000    9067594.902      82.630005
 29    10          1s.4f  3  3 F  3.0  7    9089800.000      82.832355    9067594.902      82.630005
 30    10          1s.4f  3  3 F  4.0  9    9089800.000      82.832355    9067594.902      82.630005
 31    10          1s.4f  1  3 F  3.0  7    9094400.000      82.874273    9067594.902      82.630005
 32    11          1s.5s  3  0 S  1.0  3    9282200.000      84.585633    9257439.989      84.360001
 33    11          1s.5s  1  0 S  0.0  1    9286650.000      84.626184    9261829.582      84.400002
 34    12          1s.5p  3  1 P  0.0  1    9286640.000      84.626093    9261829.582      84.400002
 35    12          1s.5p  3  1 P  1.0  3    9286660.000      84.626276    9261829.582      84.400002
 36    12          1s.5p  3  1 P  2.0  5    9286760.000      84.627187    9261829.582      84.400002
 37    12          1s.5p  1  1 P  1.0  3    9290000.000      84.656712    9266219.175      84.440002
 38    13          1s.5d  3  2 D  1.0  3    9288500.000      84.643043    9265121.568      84.430000
 39    13          1s.5d  3  2 D  2.0  5    9288500.000      84.643043    9265121.568      84.430000
 40    13          1s.5d  3  2 D  3.0  7    9288500.000      84.643043    9265121.568      84.430000
 41    13          1s.5d  1  2 D  2.0  5          0.000       0.000000    9265121.568      84.430000
 42    14          1s.5f  3  3 F  2.0  5          0.000       0.000000    9265121.568      84.430000
 43    14          1s.5f  3  3 F  3.0  7    9289800.000      84.654889    9265121.568      84.430000
 44    14          1s.5f  3  3 F  4.0  9    9289800.000      84.654889    9265121.568      84.430000
 45    14          1s.5f  1  3 F  3.0  7    9294400.000      84.696808    9265121.568      84.430000
 46    15          1s.5g  3  4 G  3.0  7          0.000       0.000000    9265121.568      84.430000
 47    15          1s.5g  3  4 G  4.0  9          0.000       0.000000    9265121.568      84.430000
 48    15          1s.5g  3  4 G  5.0 11          0.000       0.000000    9265121.568      84.430000
 49    15          1s.5g  1  4 G  4.0  9          0.000       0.000000    9265121.568      84.430000
qq -1
%filename: ne_9.elvlc
%observed energy levels: Martin,W.C., Sugar,J., Musgrove,A., Dalton,G.R., 1995,
     NIST Database for Atomic Spectroscopy, Version 1.0, NIST Standard Reference Database 61.
%observed energy levels (2s2p 3P): Chen, M.H., Cheng, K.T., Johnson, W.R., 1993, Ph.Rev.A, 47, 3692
%theoretical energy levels: Sampson, D.H., Goett, S.J., Clark, R.E.H., 1983, ADNDT, 29, 467
%produced as part of the Arcetri/Cambridge/NRL 'CHIANTI' atomic data base collaboration
%
% K.P.Dere and E.Landi 2000
 -1


qq
    1    2        13.6988      0.000e+00      1.090e+04                1s2 1S0.0 -               1s.2s 3S1.0     
    1    3         0.0000      0.000e+00      9.993e+06                1s2 1S0.0 -               1s.2s 1S0.0     
    1    5        13.5529      4.460e-04      5.400e+09                1s2 1S0.0 -               1s.2p 3P1.0     
    1    6        13.5501      0.000e+00      2.270e+06                1s2 1S0.0 -               1s.2p 3P2.0     
    1    7        13.4471      7.210e-01      8.861e+12                1s2 1S0.0 -               1s.2p 1P1.0     
    1   11        11.5681      8.684e-05      1.442e+09                1s2 1S0.0 -               1s.3p 3P1.0     
    1   13        11.5467      1.490e-01      2.483e+12                1s2 1S0.0 -               1s.3p 1P1.0     
    1   21        11.0083      3.402e-05      6.239e+08                1s2 1S0.0 -               1s.4p 3P1.0     
    1   23        11.0004      5.007e-02      9.195e+11                1s2 1S0.0 -               1s.4p 1P1.0     
    1   35        10.7682      1.686e-05      3.231e+08                1s2 1S0.0 -               1s.5p 3P1.0     
    1   37        10.7643      2.402e-02      4.607e+11                1s2 1S0.0 -               1s.5p 1P1.0     
    2    4      1277.7017      2.280e-01      1.040e+08              1s.2s 3S1.0 -               1s.2p 3P0.0     
    2    5      1272.8083      2.310e-01      1.050e+08              1s.2s 3S1.0 -               1s.2p 3P1.0     
    2    6      1248.2836      2.340e-01      1.120e+08              1s.2s 3S1.0 -               1s.2p 3P2.0     
    2   10        74.3794      1.211e-01      1.459e+11              1s.2s 3S1.0 -               1s.3p 3P0.0     
    2   11        74.3739      3.633e-01      1.460e+11              1s.2s 3S1.0 -               1s.3p 3P1.0     
    2   12        74.3485      6.051e-01      1.460e+11              1s.2s 3S1.0 -               1s.3p 3P2.0     
    2   13        73.4977      2.074e-04      8.532e+07              1s.2s 3S1.0 -               1s.3p 1P1.0     
    2   20        56.0520      2.793e-02      5.926e+10              1s.2s 3S1.0 -               1s.4p 3P0.0     
    2   21        56.0508      8.373e-02      5.922e+10              1s.2s 3S1.0 -               1s.4p 3P1.0     
    2   22        56.0448      1.396e-01      5.926e+10              1s.2s 3S1.0 -               1s.4p 3P2.0     
    2   23        55.8445      5.721e-05      4.077e+07              1s.2s 3S1.0 -               1s.4p 1P1.0     
    2   34        50.3348      1.133e-02      2.981e+10              1s.2s 3S1.0 -               1s.5p 3P0.0     
    2   35        50.3343      3.395e-02      2.978e+10              1s.2s 3S1.0 -               1s.5p 3P1.0     
    2   36        50.3318      5.662e-02      2.980e+10              1s.2s 3S1.0 -               1s.5p 3P2.0     
    2   37        50.2498      2.389e-05      2.102e+07              1s.2s 3S1.0 -               1s.5p 1P1.0     
    3    7      1855.9796      5.100e-02      3.290e+07              1s.2s 1S0.0 -               1s.2p 1P1.0     
    3   11        79.2508      1.897e-04      6.712e+07              1s.2s 1S0.0 -               1s.3p 3P1.0     
    3   13        78.2566      3.856e-01      1.399e+11              1s.2s 1S0.0 -               1s.3p 1P1.0     
    3   21        58.7766      5.384e-05      3.463e+07              1s.2s 1S0.0 -               1s.4p 3P1.0     
    3   23        58.5498      7.960e-02      5.160e+10              1s.2s 1S0.0 -               1s.4p 1P1.0     
    3   35        52.5217      2.267e-05      1.826e+07              1s.2s 1S0.0 -               1s.5p 3P1.0     
    3   37        52.4297      3.237e-02      2.617e+10              1s.2s 1S0.0 -               1s.5p 1P1.0     
    4    8        80.3347      1.508e-03      5.193e+08              1s.2p 3P0.0 -               1s.3s 3S1.0     
    4   14        78.1988      6.692e-01      2.432e+11              1s.2p 3P0.0 -               1s.3d 3D1.0     
    4   18        58.9278      3.380e-04      2.163e+08              1s.2p 3P0.0 -               1s.4s 3S1.0     
    4   24        58.4081      1.352e-02      8.807e+09              1s.2p 3P0.0 -               1s.4d 3D1.0     
    4   32        52.5213      1.346e-04      1.084e+08              1s.2p 3P0.0 -               1s.5s 3S1.0     
    4   38        52.3480      4.925e-03      3.994e+09              1s.2p 3P0.0 -               1s.5d 3D1.0     
    5    8        80.3541      1.358e-02      4.674e+09              1s.2p 3P1.0 -               1s.3s 3S1.0     
    5   14        78.2172      5.019e-01      1.823e+11              1s.2p 3P1.0 -               1s.3d 3D1.0     
    5   15        78.2099      1.506e+00      3.283e+11              1s.2p 3P1.0 -               1s.3d 3D2.0     
    5   18        58.9383      3.042e-03      1.946e+09              1s.2p 3P1.0 -               1s.4s 3S1.0     
    5   24        58.4184      3.044e-02      1.982e+10              1s.2p 3P1.0 -               1s.4d 3D1.0     
    5   25        58.4170      9.135e-02      3.569e+10              1s.2p 3P1.0 -               1s.4d 3D2.0     
    5   32        52.5296      1.212e-03      9.761e+08              1s.2p 3P1.0 -               1s.5s 3S1.0     
    5   38        52.3563      1.109e-02      8.990e+09              1s.2p 3P1.0 -               1s.5d 3D1.0     
    5   39        52.3563      3.328e-02      1.619e+10              1s.2p 3P1.0 -               1s.5d 3D2.0     
    6    8        80.4539      3.778e-02      1.297e+10              1s.2p 3P2.0 -               1s.3s 3S1.0     
    6   14        78.3117      3.356e-02      1.216e+10              1s.2p 3P2.0 -               1s.3d 3D1.0     
    6   15        78.3044      5.035e-01      1.095e+11              1s.2p 3P2.0 -               1s.3d 3D2.0     
    6   16        78.3001      1.625e+00      2.524e+11              1s.2p 3P2.0 -               1s.3d 3D3.0     
    6   18        58.9919      8.465e-03      5.405e+09              1s.2p 3P2.0 -               1s.4s 3S1.0     
    6   24        58.4711      1.522e-01      9.893e+10              1s.2p 3P2.0 -               1s.4d 3D1.0     
    6   25        58.4697      5.073e-02      1.979e+10              1s.2p 3P2.0 -               1s.4d 3D2.0     
    6   26        58.4680      2.844e-01      7.923e+10              1s.2p 3P2.0 -               1s.4d 3D3.0     
    6   32        52.5722      3.372e-03      2.711e+09              1s.2p 3P2.0 -               1s.5s 3S1.0     
    6   38        52.3986      5.546e-02      4.489e+10              1s.2p 3P2.0 -               1s.5d 3D1.0     
    6   39        52.3986      1.848e-02      8.974e+09              1s.2p 3P2.0 -               1s.5d 3D2.0     
    6   40        52.3986      1.036e-01      3.594e+10              1s.2p 3P2.0 -               1s.5d 3D3.0     
    7    9        82.7597      4.077e-02      3.968e+10              1s.2p 1P1.0 -               1s.3s 1S0.0     
    7   17        81.5769      2.085e+00      4.177e+11              1s.2p 1P1.0 -               1s.3d 1D2.0     
    7   19        60.6981      9.135e-03      1.653e+10              1s.2p 1P1.0 -               1s.4s 1S0.0     
    7   27       -61.4891      3.654e-01      1.289e+11              1s.2p 1P1.0 -               1s.4d 1D2.0     
    7   33        54.0515      3.639e-03      8.304e+09              1s.2p 1P1.0 -               1s.5s 1S0.0     
    7   41       -54.8296      1.331e-01      5.903e+10              1s.2p 1P1.0 -               1s.5d 1D2.0     
    8   20       216.9201      1.614e-01      2.287e+10              1s.3s 3S1.0 -               1s.4p 3P0.0     
    8   21       216.9013      4.842e-01      2.287e+10              1s.3s 3S1.0 -               1s.4p 3P1.0     
    8   22       216.8120      8.085e-01      2.293e+10              1s.3s 3S1.0 -               1s.4p 3P2.0     
    8   34       150.6844      4.029e-02      1.183e+10              1s.3s 3S1.0 -               1s.5p 3P0.0     
    8   35       150.6798      1.209e-01      1.183e+10              1s.3s 3S1.0 -               1s.5p 3P1.0     
    8   36       150.6571      2.018e-01      1.185e+10              1s.3s 3S1.0 -               1s.5p 3P2.0     
    9   23       224.3414      4.847e-01      2.140e+10              1s.3s 1S0.0 -               1s.4p 1P1.0     
    9   37       155.0102      1.210e-01      1.119e+10              1s.3s 1S0.0 -               1s.5p 1P1.0     
   10   14      7936.5225      2.480e-02      8.749e+05              1s.3p 3P0.0 -               1s.3d 3D1.0     
   10   18       232.1267      3.580e-03      1.476e+08              1s.3p 3P0.0 -               1s.4s 3S1.0     
   10   24       224.2659      6.863e-02      3.032e+09              1s.3p 3P0.0 -               1s.4d 3D1.0     
   10   32       156.7892      8.245e-04      7.453e+07              1s.3p 3P0.0 -               1s.5s 3S1.0     
   10   38       155.2557      1.545e-02      1.424e+09              1s.3p 3P0.0 -               1s.5d 3D1.0     
   11   14      8000.0146      1.860e-02      6.458e+05              1s.3p 3P1.0 -               1s.3d 3D1.0     
   11   15      7923.9448      5.430e-02      1.153e+06              1s.3p 3P1.0 -               1s.3d 3D2.0     
   11   18       232.1806      3.222e-02      1.328e+09              1s.3p 3P1.0 -               1s.4s 3S1.0     
   11   24       224.3163      1.545e-01      6.823e+09              1s.3p 3P1.0 -               1s.4d 3D1.0     
   11   25       224.2961      4.637e-01      1.229e+10              1s.3p 3P1.0 -               1s.4d 3D2.0     
   11   32       156.8138      7.421e-03      6.706e+08              1s.3p 3P1.0 -               1s.5s 3S1.0     
   11   38       155.2798      3.479e-02      3.206e+09              1s.3p 3P1.0 -               1s.5d 3D1.0     
   11   39       155.2798      1.044e-01      5.773e+09              1s.3p 3P1.0 -               1s.5d 3D2.0     
   12   14      8305.6631      1.240e-03      3.994e+04              1s.3p 3P2.0 -               1s.3d 3D1.0     
   12   15      8223.6992      1.960e-02      3.864e+05              1s.3p 3P2.0 -               1s.3d 3D2.0     
   12   18       232.4288      8.965e-02      3.688e+09              1s.3p 3P2.0 -               1s.4s 3S1.0     
   12   24       224.5479      7.729e-01      3.406e+10              1s.3p 3P2.0 -               1s.4d 3D1.0     
   12   25       224.5278      2.575e-01      6.810e+09              1s.3p 3P2.0 -               1s.4d 3D2.0     
   12   26       224.5026      1.444e+00      2.729e+10              1s.3p 3P2.0 -               1s.4d 3D3.0     
   12   32       156.9270      2.065e-02      1.863e+09              1s.3p 3P2.0 -               1s.5s 3S1.0     
   12   38       155.3908      1.740e-01      1.601e+10              1s.3p 3P2.0 -               1s.5d 3D1.0     
   12   39       155.3908      5.798e-02      3.202e+09              1s.3p 3P2.0 -               1s.5d 3D2.0     
   12   40       155.3908      3.250e-01      1.282e+10              1s.3p 3P2.0 -               1s.5d 3D3.0     
   13   17     53476.0352      3.195e-02      1.490e+04              1s.3p 1P1.0 -               1s.3d 1D2.0     
   13   19       236.1112      9.675e-02      1.157e+10              1s.3p 1P1.0 -               1s.4s 1S0.0     
   13   27      -236.6930      1.855e+00      4.415e+10              1s.3p 1P1.0 -               1s.4d 1D2.0     
   13   33       159.7141      2.228e-02      5.823e+09              1s.3p 1P1.0 -               1s.5s 1S0.0     
   13   41      -161.2865      4.176e-01      2.140e+10              1s.3p 1P1.0 -               1s.5d 1D2.0     
   14   20       234.1925      3.660e-03      4.449e+08              1s.3d 3D1.0 -               1s.4p 3P0.0     
   14   21       234.1705      2.746e-03      1.113e+08              1s.3d 3D1.0 -               1s.4p 3P1.0     
   14   22       234.0664      8.243e-03      2.006e+08              1s.3d 3D1.0 -               1s.4p 3P2.0     
   14   28      -233.6579      6.108e-01      1.492e+10              1s.3d 3D1.0 -               1s.4f 3F2.0     
   14   34       158.8212      7.359e-04      1.945e+08              1s.3d 3D1.0 -               1s.5p 3P0.0     
   14   35       158.8162      5.523e-04      4.866e+07              1s.3d 3D1.0 -               1s.5p 3P1.0     
   14   36       158.7909      1.658e-03      8.767e+07              1s.3d 3D1.0 -               1s.5p 3P2.0     
   14   42      -159.8714      9.396e-02      4.902e+09              1s.3d 3D1.0 -               1s.5f 3F2.0     
   15   21       234.2364      1.374e-02      5.565e+08              1s.3d 3D2.0 -               1s.4p 3P1.0     
   15   22       234.1322      4.577e-03      1.113e+08              1s.3d 3D2.0 -               1s.4p 3P2.0     
   15   28      -233.6579      1.883e-01      4.599e+09              1s.3d 3D2.0 -               1s.4f 3F2.0     
   15   29       231.1181      1.508e+00      2.689e+10              1s.3d 3D2.0 -               1s.4f 3F3.0     
   15   35       158.8464      2.763e-03      2.433e+08              1s.3d 3D2.0 -               1s.5p 3P1.0     
   15   36       158.8212      9.205e-04      4.866e+07              1s.3d 3D2.0 -               1s.5p 3P2.0     
   15   42      -159.8714      2.897e-02      1.511e+09              1s.3d 3D2.0 -               1s.5f 3F2.0     
   15   43       158.0581      2.320e-01      8.844e+09              1s.3d 3D2.0 -               1s.5f 3F3.0     
   16   22       234.1705      3.593e-02      8.736e+08              1s.3d 3D3.0 -               1s.4p 3P2.0     
   16   28      -234.2589      3.691e-01      8.968e+09              1s.3d 3D3.0 -               1s.4f 3F2.0     
   16   29       231.1555      2.637e-01      4.700e+09              1s.3d 3D3.0 -               1s.4f 3F3.0     
   16   30       231.1555      3.054e+00      4.234e+10              1s.3d 3D3.0 -               1s.4f 3F4.0     
   16   36       158.8389      7.224e-03      3.818e+08              1s.3d 3D3.0 -               1s.5p 3P2.0     
   16   42      -160.1525      5.678e-02      2.952e+09              1s.3d 3D3.0 -               1s.5f 3F2.0     
   16   43       158.0756      4.056e-02      1.546e+09              1s.3d 3D3.0 -               1s.5f 3F3.0     
   16   44       158.0756      4.698e-01      1.393e+10              1s.3d 3D3.0 -               1s.5f 3F4.0     
   17   23       233.5198      5.495e-02      2.239e+09              1s.3d 1D2.0 -               1s.4p 1P1.0     
   17   31       231.4819      5.090e+00      9.047e+10              1s.3d 1D2.0 -               1s.4f 1F3.0     
   17   37       159.3374      1.105e-02      9.672e+08              1s.3d 1D2.0 -               1s.5p 1P1.0     
   17   45       158.2281      7.830e-01      2.979e+10              1s.3d 1D2.0 -               1s.5f 1F3.0     
   18   34       472.9483      1.812e-01      5.401e+09              1s.4s 3S1.0 -               1s.5p 3P0.0     
   18   35       472.9035      5.437e-01      5.403e+09              1s.4s 3S1.0 -               1s.5p 3P1.0     
   18   36       472.6800      9.077e-01      5.417e+09              1s.4s 3S1.0 -               1s.5p 3P2.0     
   19   37       485.5792      5.442e-01      5.129e+09              1s.4s 1S0.0 -               1s.5p 1P1.0     
   20   32       504.5418      5.873e-03      5.127e+07              1s.4p 3P0.0 -               1s.5s 3S1.0     
   20   38       488.9984      6.763e-02      6.285e+08              1s.4p 3P0.0 -               1s.5d 3D1.0     
   21   32       504.6436      5.286e-02      4.613e+08              1s.4p 3P1.0 -               1s.5s 3S1.0     
   21   38       489.0941      1.523e-01      1.415e+09              1s.4p 3P1.0 -               1s.5d 3D1.0     
   21   39       489.0941      4.570e-01      2.547e+09              1s.4p 3P1.0 -               1s.5d 3D2.0     
   22   32       505.1280      1.471e-01      1.281e+09              1s.4p 3P2.0 -               1s.5s 3S1.0     
   22   38       489.5490      7.616e-01      7.062e+09              1s.4p 3P2.0 -               1s.5d 3D1.0     
   22   39       489.5490      2.538e-01      1.412e+09              1s.4p 3P2.0 -               1s.5d 3D2.0     
   22   40       489.5490      1.423e+00      5.655e+09              1s.4p 3P2.0 -               1s.5d 3D3.0     
   23   33       510.1530      1.587e-01      4.065e+09              1s.4p 1P1.0 -               1s.5s 1S0.0     
   23   41      -511.9472      1.828e+00      9.300e+09              1s.4p 1P1.0 -               1s.5d 1D2.0     
   24   34       509.3215      9.264e-03      2.381e+08              1s.4d 3D1.0 -               1s.5p 3P0.0     
   24   35       509.2696      6.952e-03      5.957e+07              1s.4d 3D1.0 -               1s.5p 3P1.0     
   24   36       509.0104      2.087e-02      1.074e+08              1s.4d 3D1.0 -               1s.5p 3P2.0     
   24   42      -506.2608      5.342e-01      2.779e+09              1s.4d 3D1.0 -               1s.5f 3F2.0     
   25   35       509.3734      3.478e-02      2.979e+08              1s.4d 3D2.0 -               1s.5p 3P1.0     
   25   36       509.1141      1.159e-02      5.962e+07              1s.4d 3D2.0 -               1s.5p 3P2.0     
   25   42      -506.2608      1.647e-01      8.568e+08              1s.4d 3D2.0 -               1s.5f 3F2.0     
   25   43       501.3546      1.319e+00      4.998e+09              1s.4d 3D2.0 -               1s.5f 3F3.0     
   26   36       509.2437      9.094e-02      4.676e+08              1s.4d 3D3.0 -               1s.5p 3P2.0     
   26   42      -506.2608      3.228e-01      1.679e+09              1s.4d 3D3.0 -               1s.5f 3F2.0     
   26   43       501.4803      2.306e-01      8.733e+08              1s.4d 3D3.0 -               1s.5f 3F3.0     
   26   44       501.4803      2.671e+00      7.867e+09              1s.4d 3D3.0 -               1s.5f 3F4.0     
   27   37      -503.4648      1.391e-01      1.219e+09              1s.4d 1D2.0 -               1s.5p 1P1.0     
   27   45      -506.2608      4.451e+00      1.654e+10              1s.4d 1D2.0 -               1s.5f 1F3.0     
   28   38      -506.2608      8.871e-03      7.692e+07              1s.4f 3F2.0 -               1s.5d 3D1.0     
   28   39      -506.2608      1.641e-03      8.537e+06              1s.4f 3F2.0 -               1s.5d 3D2.0     
   28   40      -506.2608      2.298e-03      8.539e+06              1s.4f 3F2.0 -               1s.5d 3D3.0     
   28   46      -506.2608      1.602e+00      5.953e+09              1s.4f 3F2.0 -               1s.5g 3G3.0     
   29   39       503.2722      1.840e-02      9.686e+07              1s.4f 3F3.0 -               1s.5d 3D2.0     
   29   40       503.2722      2.298e-03      8.641e+06              1s.4f 3F3.0 -               1s.5d 3D3.0     
   29   46      -506.2608      1.960e-01      7.283e+08              1s.4f 3F3.0 -               1s.5g 3G3.0     
   29   47      -506.2608      2.290e+00      6.618e+09              1s.4f 3F3.0 -               1s.5g 3G4.0     
   30   40       503.2722      3.422e-02      1.287e+08              1s.4f 3F4.0 -               1s.5d 3D3.0     
   30   46      -506.2608      3.998e-03      1.486e+07              1s.4f 3F4.0 -               1s.5g 3G3.0     
   30   47      -506.2608      1.526e-01      4.410e+08              1s.4f 3F4.0 -               1s.5g 3G4.0     
   30   48      -506.2608      4.935e+00      1.167e+10              1s.4f 3F4.0 -               1s.5g 3G5.0     
   31   41      -506.2608      6.210e-02      3.231e+08              1s.4f 1F3.0 -               1s.5d 1D2.0     
   31   49      -506.2608      9.422e+00      2.723e+10              1s.4f 1F3.0 -               1s.5g 1G4.0     
qq -1
%filename: ne_9.wgfa
%observed energy levels: Martin,W.C., Sugar,J., Musgrove,A., Dalton,G.R., 1995,
   NIST Database for Atomic Spectroscopy, Version 1.0, NIST Standard Reference Database 61
%observed energy levels (2s2p 3P): Chen, M.H., Cheng, K.T., Johnson, W.R., 1993, Ph.Rev.A, 47, 3692
%oscillator strengths and A values: Wiese W.L., Fuhr J.R., 1995, NIST Database for Atomic 
   Spectroscopy, Version 1.0, NIST Standard Reference Database 61
%A values (1-2): Traebert, E., Beiersdorfer, P., Brown, G.V., et al., 1999, Phys. Rev. A, 60, 2034
%A values (1-5,6): Lin, C.D., Johnson, W.R., Dalgarno, A., Phys Rev A, 1977, 15, 154
%oscillator strengths: Sampson, D.H., Goett, S.J., Clark, R.E.H., 1983, ADNDT, 29, 467, Hydrogenic values
%oscillator strengths: Wiese, W.L., Smith, M.W., Glennon, B.M., 1966, Atomic Transition Probabilities, NSRDS-NBS-4. 
%comment: Wiese's oscillator strengths are hydrogenic
%Comment: 1-3 transition 2-photon A values extrapolated ~Z^6 from Drake, G.W.F., Phys Rev A, 1986, 34, 2871
%produced as part of the Arcetri/Cambridge/NRL 'CHIANTI' atomic data base collaboration
%
% K.P.Dere and E.Landi - Apr 2005
qq -1

p
qq
 10  9  1  2  2 0.000e+00 6.635e+01 2.000e-01 2.403e-03 3.231e-03 2.855e-03 2.012e-03 7.013e-04
 10  9  1  3  2 0.000e+00 6.723e+01 2.000e-01 4.705e-03 5.201e-03 5.445e-03 5.928e-03 7.124e-03
 10  9  1  4  2 0.000e+00 6.711e+01 2.000e-01 1.632e-03 1.697e-03 1.448e-03 1.011e-03 3.105e-04
 10  9  1  5  2 0.000e+00 6.712e+01 2.000e-01 4.833e-03 5.101e-03 4.357e-03 3.044e-03 9.511e-04
 10  9  1  6  2 0.000e+00 6.714e+01 2.000e-01 8.050e-03 8.485e-03 7.230e-03 5.049e-03 1.551e-03
 10  9  1  7  1 7.210e-01 6.781e+01 1.300e+00 1.381e-02 1.681e-02 2.086e-02 2.878e-02 4.253e-02
 10  9  1  8  3 0.000e+00 7.838e+01 1.700e+00 6.784e-04 6.804e-04 7.351e-04 8.467e-04 1.086e-03
 10  9  1  9  2 0.000e+00 7.861e+01 1.700e+00 9.666e-04 1.221e-03 1.410e-03 1.607e-03 1.840e-03
 10  9  1 10  3 0.000e+00 7.859e+01 1.400e+00 4.188e-04 3.704e-04 3.666e-04 3.781e-04 4.429e-04
 10  9  1 11  1 8.684e-05 7.860e+01 1.700e+00 1.263e-03 7.649e-04 3.758e-04 6.213e-05 0.000e+00
 10  9  1 12  3 0.000e+00 7.860e+01 1.400e+00 2.933e-03 2.592e-03 2.567e-03 2.643e-03 3.099e-03
 10  9  1 13  1 1.374e-01 7.878e+01 2.500e+00 2.412e-03 4.950e-03 6.351e-03 7.140e-03 6.983e-03
 10  9  1 14  3 0.000e+00 7.873e+01 1.100e+00 1.608e-04 1.272e-04 1.145e-04 1.059e-04 1.133e-04
 10  9  1 15  2 0.000e+00 7.873e+01 1.100e+00 2.636e-04 1.565e-04 9.905e-05 5.250e-05 1.785e-05
 10  9  1 16  3 0.000e+00 7.874e+01 8.000e-01 3.771e-04 3.092e-04 2.746e-04 2.514e-04 2.641e-04
 10  9  1 17  2 0.000e+00 7.874e+01 2.000e+00 9.169e-05 3.176e-04 5.337e-04 7.801e-04 1.128e-03
 10  9  1 18  3 0.000e+00 8.248e+01 9.000e-01 2.799e-04 2.719e-04 2.798e-04 3.119e-04 4.249e-04
 10  9  1 19  2 0.000e+00 8.258e+01 1.700e+00 3.485e-04 4.478e-04 5.205e-04 5.957e-04 6.830e-04
 10  9  1 20  3 0.000e+00 8.257e+01 9.000e-01 1.714e-04 1.527e-04 1.461e-04 1.477e-04 1.732e-04
 10  9  1 21  4 3.402e-05 8.257e+01 1.700e+00 9.648e-04 4.834e-04 1.926e-04 2.588e-05 1.579e-06
 10  9  1 22  3 0.000e+00 8.257e+01 9.000e-01 1.200e-03 1.068e-03 1.023e-03 1.034e-03 1.212e-03
 10  9  1 23  1 5.007e-02 8.265e+01 2.000e+00 8.132e-04 1.539e-03 2.108e-03 2.518e-03 2.441e-03
 10  9  1 24  3 0.000e+00 8.263e+01 7.000e-01 8.775e-05 7.227e-05 6.359e-05 5.743e-05 5.948e-05
 10  9  1 25  2 0.000e+00 8.263e+01 7.000e-01 1.452e-04 9.815e-05 6.419e-05 3.429e-05 4.247e-06
 10  9  1 26  3 0.000e+00 8.263e+01 7.000e-01 2.048e-04 1.686e-04 1.484e-04 1.340e-04 1.388e-04
 10  9  1 27  2 0.000e+00 8.263e+01 1.700e+00 5.889e-05 1.570e-04 2.623e-04 3.867e-04 5.728e-04
 10  9  1 28  3 0.000e+00 8.263e+01 7.000e-01 7.102e-06 5.318e-06 4.358e-06 3.577e-06 3.369e-06
 10  9  1 29  2 0.000e+00 8.263e+01 7.000e-01 8.458e-06 5.723e-06 4.377e-06 3.540e-06 3.373e-06
 10  9  1 30  3 0.000e+00 8.263e+01 7.000e-01 1.278e-05 9.572e-06 7.845e-06 6.440e-06 6.065e-06
 10  9  1 31  2 0.000e+00 8.263e+01 7.000e-01 7.428e-06 5.482e-06 4.900e-06 4.878e-06 5.908e-06
 10  9  1 32  3 0.000e+00 8.436e+01 9.000e-01 1.416e-04 1.368e-04 1.402e-04 1.555e-04 2.103e-04
 10  9  1 33  2 0.000e+00 8.440e+01 7.000e-01 1.651e-04 1.920e-04 2.215e-04 2.585e-04 3.209e-04
 10  9  1 34  3 0.000e+00 8.440e+01 7.000e-01 8.662e-05 7.780e-05 7.359e-05 7.289e-05 8.568e-05
 10  9  1 35  4 1.686e-05 8.440e+01 1.700e+00 4.862e-04 2.422e-04 9.607e-05 1.277e-05 8.291e-07
 10  9  1 36  3 0.000e+00 8.440e+01 1.000e+00 6.042e-04 5.321e-04 5.098e-04 5.160e-04 6.001e-04
 10  9  1 37  1 2.402e-02 8.444e+01 2.500e+00 3.876e-04 8.585e-04 1.100e-03 1.214e-03 1.139e-03
 10  9  1 38  3 0.000e+00 8.443e+01 7.000e-01 4.835e-05 3.968e-05 3.477e-05 3.135e-05 3.234e-05
 10  9  1 39  2 0.000e+00 8.443e+01 7.000e-01 8.014e-05 5.384e-05 3.497e-05 1.834e-05 1.578e-06
 10  9  1 40  3 0.000e+00 8.443e+01 7.000e-01 1.129e-04 9.254e-05 8.118e-05 7.309e-05 7.546e-05
 10  9  1 41  2 0.000e+00 8.443e+01 1.700e+00 3.070e-05 8.318e-05 1.391e-04 2.028e-04 2.918e-04
 10  9  1 42  3 0.000e+00 8.443e+01 7.000e-01 5.603e-06 4.178e-06 3.416e-06 2.798e-06 2.631e-06
 10  9  1 43  2 0.000e+00 8.443e+01 7.000e-01 6.749e-06 4.496e-06 3.355e-06 2.611e-06 2.334e-06
 10  9  1 44  3 0.000e+00 8.443e+01 7.000e-01 1.009e-05 7.522e-06 6.150e-06 5.036e-06 4.736e-06
 10  9  1 45  2 0.000e+00 8.443e+01 7.000e-01 5.718e-06 4.237e-06 3.834e-06 3.874e-06 4.720e-06
 10  9  1 46  3 0.000e+00 8.443e+01 9.000e-01 1.526e-07 9.723e-08 7.370e-08 5.395e-08 4.929e-08
 10  9  1 47  3 0.000e+00 8.443e+01 9.000e-01 1.757e-07 1.181e-07 1.001e-07 8.507e-08 8.671e-08
 10  9  1 48  3 0.000e+00 8.443e+01 7.000e-01 2.419e-07 1.636e-07 1.237e-07 9.085e-08 7.802e-08
 10  9  1 49  2 0.000e+00 8.443e+01 7.000e-01 1.722e-07 1.004e-07 6.324e-08 3.601e-08 9.104e-09
 10  9  2  3  2 0.000e+00 8.779e-01 1.200e+01 1.700e-02 3.083e-02 2.734e-02 1.741e-02 4.513e-03
 10  9  2  4  1 2.400e-02 7.560e-01 6.000e+00 4.475e-01 3.109e-01 2.333e-01 1.940e-01 1.270e-01
 10  9  2  5  1 7.140e-02 7.667e-01 6.000e+00 1.357e+00 9.351e-01 6.992e-01 5.803e-01 3.725e-01
 10  9  2  6  1 1.146e-01 7.893e-01 6.000e+00 2.248e+00 1.552e+00 1.162e+00 9.569e-01 5.808e-01
 10  9  2  7  2 0.000e+00 1.461e+00 7.200e+00 3.385e-02 6.688e-02 5.536e-02 3.051e-02 3.600e-03
 10  9  2  8  2 0.000e+00 1.203e+01 3.700e+00 1.488e-01 1.626e-01 1.708e-01 1.781e-01 1.858e-01
 10  9  2  9  3 0.000e+00 1.226e+01 6.000e+00 3.759e-03 4.450e-03 5.167e-03 5.202e-03 7.022e-03
 10  9  2 10  1 1.075e-01 1.224e+01 2.500e+00 1.088e-02 1.494e-02 1.920e-02 2.587e-02 3.532e-02
 10  9  2 11  1 3.226e-01 1.225e+01 2.500e+00 3.262e-02 4.479e-02 5.755e-02 7.755e-02 1.059e-01
 10  9  2 12  1 5.382e-01 1.225e+01 2.500e+00 5.439e-02 7.469e-02 9.599e-02 1.293e-01 1.767e-01
 10  9  2 13  4 2.074e-04 1.243e+01 2.000e+00 1.315e-02 6.910e-03 2.702e-03 3.247e-04 7.216e-05
 10  9  2 14  2 0.000e+00 1.238e+01 3.700e+00 3.831e-02 4.898e-02 5.886e-02 6.991e-02 8.779e-02
 10  9  2 15  2 0.000e+00 1.238e+01 3.700e+00 8.805e-02 1.121e-01 1.345e-01 1.596e-01 2.004e-01
 10  9  2 16  2 0.000e+00 1.239e+01 3.700e+00 1.252e-01 1.600e-01 1.922e-01 2.283e-01 2.857e-01
 10  9  2 17  2 0.000e+00 1.239e+01 2.000e+00 2.972e-02 2.007e-02 1.382e-02 8.555e-03 3.586e-03
 10  9  2 18  2 0.000e+00 1.613e+01 3.000e+00 2.878e-02 3.142e-02 3.307e-02 3.454e-02 3.615e-02
 10  9  2 19  3 0.000e+00 1.623e+01 4.000e+00 1.341e-03 1.311e-03 1.452e-03 1.408e-03 1.909e-03
 10  9  2 20  1 2.793e-02 1.622e+01 2.500e+00 2.789e-03 3.773e-03 4.636e-03 5.752e-03 6.929e-03
 10  9  2 21  1 8.373e-02 1.622e+01 2.500e+00 8.363e-03 1.131e-02 1.390e-02 1.724e-02 2.077e-02
 10  9  2 22  1 1.396e-01 1.622e+01 2.500e+00 1.395e-02 1.887e-02 2.319e-02 2.876e-02 3.463e-02
 10  9  2 23  4 5.721e-05 1.630e+01 2.000e+00 4.883e-03 2.366e-03 8.604e-04 9.036e-05 2.531e-05
 10  9  2 24  2 0.000e+00 1.628e+01 3.700e+00 6.772e-03 7.636e-03 8.678e-03 9.739e-03 1.136e-02
 10  9  2 25  2 0.000e+00 1.628e+01 3.700e+00 1.569e-02 1.762e-02 1.999e-02 2.240e-02 2.611e-02
 10  9  2 26  2 0.000e+00 1.628e+01 3.700e+00 2.212e-02 2.494e-02 2.835e-02 3.180e-02 3.709e-02
 10  9  2 27  2 0.000e+00 1.628e+01 1.600e+00 8.388e-03 5.466e-03 3.529e-03 1.864e-03 1.754e-04
 10  9  2 28  2 0.000e+00 1.628e+01 3.700e+00 5.250e-03 5.851e-03 6.447e-03 7.044e-03 7.971e-03
 10  9  2 29  2 0.000e+00 1.628e+01 2.000e+00 6.972e-03 6.143e-03 6.080e-03 6.141e-03 6.864e-03
 10  9  2 30  2 0.000e+00 1.628e+01 3.700e+00 9.450e-03 1.053e-02 1.160e-02 1.267e-02 1.424e-02
 10  9  2 31  2 0.000e+00 1.628e+01 1.600e+00 6.746e-03 5.166e-03 4.474e-03 3.977e-03 3.985e-03
 10  9  2 32  2 0.000e+00 1.801e+01 3.700e+00 1.093e-02 1.207e-02 1.269e-02 1.323e-02 1.374e-02
 10  9  2 33  3 0.000e+00 1.805e+01 5.000e+00 6.340e-04 5.968e-04 6.391e-04 5.920e-04 8.252e-04
 10  9  2 34  1 1.133e-02 1.805e+01 2.500e+00 1.129e-03 1.509e-03 1.824e-03 2.195e-03 2.526e-03
 10  9  2 35  1 3.395e-02 1.805e+01 2.500e+00 3.385e-03 4.524e-03 5.470e-03 6.577e-03 7.569e-03
 10  9  2 36  1 5.662e-02 1.805e+01 2.500e+00 5.643e-03 7.544e-03 9.122e-03 1.097e-02 1.262e-02
 10  9  2 37  4 2.389e-05 1.809e+01 1.600e+00 3.614e-03 2.013e-03 8.728e-04 1.411e-04 0.000e+00
 10  9  2 38  2 0.000e+00 1.808e+01 3.000e+00 2.492e-03 2.570e-03 2.842e-03 3.132e-03 3.634e-03
 10  9  2 39  2 0.000e+00 1.808e+01 3.000e+00 5.788e-03 5.944e-03 6.562e-03 7.222e-03 8.372e-03
 10  9  2 40  2 0.000e+00 1.808e+01 3.000e+00 8.140e-03 8.395e-03 9.283e-03 1.023e-02 1.186e-02
 10  9  2 41  2 0.000e+00 1.808e+01 1.600e+00 3.758e-03 2.360e-03 1.483e-03 7.387e-04 1.698e-05
 10  9  2 42  2 0.000e+00 1.808e+01 3.000e+00 2.872e-03 2.934e-03 3.167e-03 3.416e-03 3.894e-03
 10  9  2 43  2 0.000e+00 1.808e+01 2.000e+00 3.771e-03 3.226e-03 3.159e-03 3.167e-03 3.524e-03
 10  9  2 44  2 0.000e+00 1.808e+01 3.000e+00 5.169e-03 5.281e-03 5.700e-03 6.148e-03 7.010e-03
 10  9  2 45  2 0.000e+00 1.808e+01 1.600e+00 3.549e-03 2.586e-03 2.158e-03 1.846e-03 1.781e-03
 10  9  2 46  2 0.000e+00 1.808e+01 1.700e+00 4.230e-04 3.169e-04 2.966e-04 2.943e-04 3.734e-04
 10  9  2 47  2 0.000e+00 1.808e+01 1.400e+00 5.499e-04 3.590e-04 2.839e-04 2.332e-04 2.598e-04
 10  9  2 48  2 0.000e+00 1.808e+01 1.700e+00 6.648e-04 4.980e-04 4.660e-04 4.625e-04 5.868e-04
 10  9  2 49  2 0.000e+00 1.808e+01 1.700e+00 5.424e-04 3.240e-04 2.459e-04 1.933e-04 2.089e-04
 10  9  3  4  2 0.000e+00 1.219e-01 9.200e+01 2.836e-03 6.871e-03 5.823e-03 3.171e-03 1.926e-04
 10  9  3  5  2 0.000e+00 1.112e-01 8.800e+01 7.416e-03 2.173e-02 2.015e-02 1.240e-02 3.360e-03
 10  9  3  6  2 0.000e+00 8.866e-02 1.200e+02 1.254e-02 3.410e-02 2.967e-02 1.638e-02 1.058e-03
 10  9  3  7  1 5.100e-02 5.834e-01 6.400e+00 1.343e+00 9.222e-01 7.014e-01 5.872e-01 3.497e-01
 10  9  3  8  3 0.000e+00 1.115e+01 3.000e+00 3.760e-03 4.120e-03 4.744e-03 5.192e-03 4.309e-03
 10  9  3  9  2 0.000e+00 1.138e+01 3.700e+00 4.718e-02 5.297e-02 5.624e-02 5.908e-02 6.199e-02
 10  9  3 10  3 0.000e+00 1.136e+01 3.000e+00 1.014e-03 1.130e-03 1.287e-03 1.383e-03 1.016e-03
 10  9  3 11  4 1.897e-04 1.137e+01 2.000e+00 4.391e-03 2.322e-03 9.225e-04 1.367e-04 6.812e-05
 10  9  3 12  3 0.000e+00 1.137e+01 3.000e+00 5.070e-03 5.653e-03 6.435e-03 6.916e-03 5.073e-03
 10  9  3 13  1 3.042e-01 1.155e+01 2.500e+00 2.664e-02 4.203e-02 5.666e-02 7.748e-02 1.059e-01
 10  9  3 14  3 0.000e+00 1.150e+01 3.000e+00 5.717e-03 6.277e-03 7.151e-03 7.687e-03 5.875e-03
 10  9  3 15  2 0.000e+00 1.150e+01 2.000e+00 1.079e-02 7.952e-03 6.248e-03 4.914e-03 4.109e-03
 10  9  3 16  3 0.000e+00 1.151e+01 3.700e+00 1.333e-02 1.493e-02 1.715e-02 1.771e-02 1.233e-02
 10  9  3 17  2 0.000e+00 1.151e+01 3.700e+00 6.967e-02 1.027e-01 1.291e-01 1.573e-01 1.980e-01
 10  9  3 18  3 0.000e+00 1.525e+01 2.000e+00 1.353e-03 1.291e-03 1.368e-03 1.438e-03 1.184e-03
 10  9  3 19  2 0.000e+00 1.535e+01 3.700e+00 8.753e-03 1.021e-02 1.091e-02 1.152e-02 1.205e-02
 10  9  3 20  3 0.000e+00 1.534e+01 3.000e+00 3.769e-04 3.732e-04 4.018e-04 3.894e-04 2.411e-04
 10  9  3 21  4 5.384e-05 1.534e+01 2.000e+00 1.630e-03 7.940e-04 2.930e-04 3.779e-05 1.790e-05
 10  9  3 22  3 0.000e+00 1.534e+01 2.500e+00 1.889e-03 1.857e-03 1.982e-03 1.991e-03 1.348e-03
 10  9  3 23  1 7.960e-02 1.542e+01 2.500e+00 6.153e-03 1.040e-02 1.362e-02 1.723e-02 2.077e-02
 10  9  3 24  3 0.000e+00 1.540e+01 2.700e+00 1.655e-03 1.650e-03 1.794e-03 1.821e-03 1.332e-03
 10  9  3 25  2 0.000e+00 1.540e+01 1.000e+00 2.902e-03 2.185e-03 1.577e-03 1.004e-03 3.146e-04
 10  9  3 26  3 0.000e+00 1.540e+01 2.400e+00 3.867e-03 3.835e-03 4.140e-03 4.284e-03 3.264e-03
 10  9  3 27  2 0.000e+00 1.540e+01 3.700e+00 1.039e-02 1.519e-02 1.863e-02 2.195e-02 2.620e-02
 10  9  3 28  3 0.000e+00 1.540e+01 2.300e+00 1.510e-03 1.311e-03 1.307e-03 1.190e-03 5.785e-04
 10  9  3 29  2 0.000e+00 1.540e+01 3.700e+00 2.502e-03 2.959e-03 3.311e-03 3.659e-03 4.153e-03
 10  9  3 30  3 0.000e+00 1.540e+01 2.200e+00 2.721e-03 2.364e-03 2.351e-03 2.162e-03 1.075e-03
 10  9  3 31  2 0.000e+00 1.540e+01 3.700e+00 2.854e-03 4.464e-03 5.299e-03 6.099e-03 7.004e-03
 10  9  3 32  3 0.000e+00 1.713e+01 2.700e+00 6.444e-04 5.909e-04 6.269e-04 6.082e-04 4.513e-04
 10  9  3 33  2 0.000e+00 1.717e+01 3.000e+00 3.221e-03 3.785e-03 4.082e-03 4.341e-03 4.587e-03
 10  9  3 34  3 0.000e+00 1.717e+01 2.700e+00 1.853e-04 1.743e-04 1.830e-04 1.742e-04 1.064e-04
 10  9  3 35  4 2.267e-05 1.717e+01 1.700e+00 1.062e-03 5.677e-04 2.341e-04 3.578e-05 3.615e-06
 10  9  3 36  3 0.000e+00 1.717e+01 2.300e+00 9.292e-04 8.719e-04 9.071e-04 8.902e-04 5.865e-04
 10  9  3 37  1 3.237e-02 1.721e+01 2.500e+00 2.300e-03 4.099e-03 5.341e-03 6.579e-03 7.565e-03
 10  9  3 38  3 0.000e+00 1.720e+01 2.700e+00 7.454e-04 7.135e-04 7.616e-04 7.472e-04 5.223e-04
 10  9  3 39  2 0.000e+00 1.720e+01 1.700e+00 1.266e-03 7.989e-04 5.193e-04 2.868e-04 7.461e-05
 10  9  3 40  3 0.000e+00 1.720e+01 1.700e+00 1.750e-03 1.663e-03 1.719e-03 1.799e-03 1.460e-03
 10  9  3 41  2 0.000e+00 1.720e+01 3.700e+00 3.389e-03 4.986e-03 6.118e-03 7.174e-03 8.450e-03
 10  9  3 42  3 0.000e+00 1.720e+01 1.700e+00 7.853e-04 6.726e-04 6.501e-04 6.123e-04 3.460e-04
 10  9  3 43  2 0.000e+00 1.720e+01 2.000e+00 1.357e-03 1.368e-03 1.469e-03 1.580e-03 1.868e-03
 10  9  3 44  3 0.000e+00 1.720e+01 1.700e+00 1.414e-03 1.211e-03 1.170e-03 1.102e-03 6.234e-04
 10  9  3 45  2 0.000e+00 1.720e+01 3.700e+00 1.636e-03 2.359e-03 2.759e-03 3.156e-03 3.655e-03
 10  9  3 46  3 0.000e+00 1.720e+01 1.800e+00 1.825e-04 1.343e-04 1.205e-04 9.535e-05 2.290e-05
 10  9  3 47  2 0.000e+00 1.720e+01 1.700e+00 1.816e-04 1.523e-04 1.542e-04 1.624e-04 2.198e-04
 10  9  3 48  3 0.000e+00 1.720e+01 1.700e+00 2.234e-04 1.657e-04 1.478e-04 1.190e-04 2.987e-05
 10  9  3 49  2 0.000e+00 1.720e+01 1.700e+00 1.820e-04 1.692e-04 1.818e-04 1.999e-04 2.765e-04
 10  9  4  5  2 0.000e+00 1.074e-02 9.000e+02 5.521e-02 8.606e-02 7.701e-02 4.933e-02 1.117e-02
 10  9  4  6  2 0.000e+00 3.328e-02 3.200e+02 5.855e-02 8.897e-02 8.283e-02 6.509e-02 4.666e-02
 10  9  4  7  2 0.000e+00 7.064e-01 1.000e+01 1.496e-02 4.015e-02 3.959e-02 2.481e-02 3.781e-03
 10  9  5  6  2 0.000e+00 2.254e-02 4.300e+02 1.940e-01 3.092e-01 2.872e-01 2.096e-01 1.194e-01
 10  9  5  7  2 0.000e+00 6.946e-01 1.100e+01 5.036e-02 1.221e-01 1.157e-01 7.125e-02 1.077e-02
 10  9  6  7  2 0.000e+00 6.721e-01 1.110e+01 7.648e-02 2.001e-01 1.925e-01 1.197e-01 1.880e-02
qq -1
%filename: ne_9.splups
%oscillator strengths: Sampson, D.H., Goett, S.J., Clark, R.E.H., 1983, ADNDT, 29, 467, Hydrogenic values
%oscillator strengths: Wiese W.L., Fuhr J.R., 1995,
   NIST Database for Atomic Spectroscopy, Version 1.0, NIST Standard Reference Database 61
%oscillator strengths: Wiese, W.L., Smith, M.W., Glennon, B.M., 1966, Atomic Transition Probabilities, NSRDS-NBS-4
%collison strengths: Sampson, D.H., Goett, S.J., Clark, R.E.H. 1983, ADNDT, 29, 467, Hydrogenic values
%Effective collision strengths n=2 levels: Zhang, H., Sampson, D.H., 1987, ApJSS, 63, 487
%comment: effective collision strengths were provided in the temperature range 5.6 < Log T < 7.0
%produced as part of the Arcetri/Cambridge/NRL 'CHIANTI' atomic data base collaboration
%
% K.P.Dere and E. Landi 1998
 -1
    1                 1s2    1    0  s    1               0.000               0.000
    2                1s2s    2    0  s    4         7320625.000         7305212.839
    3                1s2p    2    1  p   12         7393637.901         7385321.099
    4                1s3s    3    0  s    4         8628470.000         8607520.463
    5                1s3p    3    1  p   12         8648690.833         8630199.538
    6                1s3d    3    2  d   20         8658446.500         8640276.932
    7                1s4s    4    0  s    4         9077415.000         9053877.529
    8                1s4p    4    1  p   12         9085763.333         9063204.890
    9                1s4d    4    2  d   20         9090355.333         9067594.902
   10                1s4f    4    3  f   28         9091200.000         9067594.902
   11                1s5s    5    0  s    4         9283312.500         9258537.387
   12                1s5p    5    1  p   12         9287535.000         9262926.980
   13                1s5d    5    2  d   20         9288500.000         9265121.568
   14                1s5f    5    3  f   28         9291200.000         9265121.568
   15                1s5g    5    4  g   36               0.000         9265121.568
 -1
%filename: ne_9.fblvl
%observed energy levels: Martin,W.C., Sugar,J., Musgrove,A., Dalton,G.R., 1995,
     NIST Database for Atomic Spectroscopy, Version 1.0, NIST Standard Reference Database 61
%observed energy levels (2s2p 3P): Chen, M.H., Cheng, K.T., Johnson, W.R., 1993, Ph.Rev.A, 47, 3692
%theoretical energy levels: Sampson, D.H., Goett, S.J., Clark, R.E.H., 1983, ADNDT, 29, 467
%comment:  free-bound data file developed from .elvlc file
%produced as part of the Arcetri/Cambridge/NRL 'CHIANTI' atomic data base collaboration
%
% E. Landi - Jul 2002
 -1
