SEQ='LI'     NUCCHG= 8                                                  /IC/

   PARENT LEVEL INDEXING                BWNP=  12982477.5   NPRNTI= 1   NPRNTF= 1
   ---------------------
   INDP         CODE                 S L   WI        WNP
   ----         ----                 - -   --  ----------
     1          1S2                 (1)0( 0.0)        0.0 

   IC RESOLVED LEVEL INDEXING           BWNR=  14096465.4   NLVL=  63
   --------------------------
   INDX  INDP   CODE                 S L   WJ        WNR       AUGER RATES:  INDP-INDP', INDP'=1,...INDP-1
   ----  ----   ----                 - -   --  ----------      -----------
     1     1    1S2 2S1             (2)0( 0.5)        0.0 
     2     1    1S2 2P1             (2)1( 0.5)   103348.7 
     3     1    1S2 2P1             (2)1( 1.5)   104316.0 
     4     1    1S2 3S1             (2)0( 0.5)   640301.0 
     5     1    1S2 3P1             (2)1( 0.5)   666806.8 
     6     1    1S2 3P1             (2)1( 1.5)   666955.7 
     7     1    1S2 3D1             (2)2( 1.5)   674742.6 
     8     1    1S2 3D1             (2)2( 2.5)   674805.9 
     9     1    1S2 4S1             (2)0( 0.5)   852789.9 
    10     1    1S2 4P1             (2)1( 0.5)   863579.6 
    11     1    1S2 4P1             (2)1( 1.5)   863648.9 
    12     1    1S2 4D1             (2)2( 1.5)   866917.0 
    13     1    1S2 4D1             (2)2( 2.5)   866943.8 
    14     1    1S2 4F1             (2)3( 2.5)   867058.4 
    15     1    1S2 4F1             (2)3( 3.5)   867071.4 
    16     1    1S2 5S1             (2)0( 0.5)   948746.2 
    17     1    1S2 5P1             (2)1( 0.5)   954169.8 
    18     1    1S2 5P1             (2)1( 1.5)   954206.5 
    19     1    1S2 5D1             (2)2( 1.5)   955874.1 
    20     1    1S2 5D1             (2)2( 2.5)   955887.8 
    21     1    1S2 5F1             (2)3( 2.5)   955952.9 
    22     1    1S2 5G1             (2)4( 3.5)   955959.4 
    23     1    1S2 5F1             (2)3( 3.5)   955959.7 
    24     1    1S2 5G1             (2)4( 4.5)   955963.4 
    25     1    1S2 6S1             (2)0( 0.5)  1000106.0 
    26     1    1S2 6P1             (2)1( 0.5)  1003209.8 
    27     1    1S2 6P1             (2)1( 1.5)  1003231.3 
    28     1    1S2 6D1             (2)2( 1.5)  1004194.2 
    29     1    1S2 6D1             (2)2( 2.5)  1004202.2 
    30     1    1S2 6F1             (2)3( 2.5)  1004241.8 
    31     1    1S2 6G1             (2)4( 3.5)  1004245.7 
    32     1    1S2 6F1             (2)3( 3.5)  1004245.8 
    33     1    1S2 6H1             (2)5( 4.5)  1004247.6 
    34     1    1S2 6G1             (2)4( 4.5)  1004248.1 
    35     1    1S2 6H1             (2)5( 5.5)  1004249.2 
    36     1    1S2 7S1             (2)0( 0.5)  1030768.6 
    37     1    1S2 7P1             (2)1( 0.5)  1032708.7 
    38     1    1S2 7P1             (2)1( 1.5)  1032722.3 
    39     1    1S2 7D1             (2)2( 1.5)  1033327.9 
    40     1    1S2 7D1             (2)2( 2.5)  1033332.9 
    41     1    1S2 7F1             (2)3( 2.5)  1033358.6 
    42     1    1S2 7F1             (2)3( 3.5)  1033361.1 
    43     1    1S2 7G1             (2)4( 3.5)  1033361.1 
    44     1    1S2 7H1             (2)5( 4.5)  1033362.3 
    45     1    1S2 7G1             (2)4( 4.5)  1033362.5 
    46     1    1S2 7I1             (2)6( 5.5)  1033363.1 
    47     1    1S2 7H1             (2)5( 5.5)  1033363.2 
    48     1    1S2 7I1             (2)6( 6.5)  1033363.7 
    49     1    1S2 8S1             (2)0( 0.5)  1050528.3 
    50     1    1S2 8P1             (2)1( 0.5)  1051821.1 
    51     1    1S2 8P1             (2)1( 1.5)  1051830.3 
    52     1    1S2 8D1             (2)2( 1.5)  1052235.5 
    53     1    1S2 8D1             (2)2( 2.5)  1052238.9 
    54     1    1S2 8F1             (2)3( 2.5)  1052256.5 
    55     1    1S2 8F1             (2)3( 3.5)  1052258.1 
    56     1    1S2 8G1             (2)4( 3.5)  1052258.1 
    57     1    1S2 8H1             (2)5( 4.5)  1052258.9 
    58     1    1S2 8G1             (2)4( 4.5)  1052259.1 
    59     1    1S2 8I1             (2)6( 5.5)  1052259.4 
    60     1    1S2 8H1             (2)5( 5.5)  1052259.5 
    61     1    1S2 8J1             (2)7( 6.5)  1052259.7 
    62     1    1S2 8I1             (2)6( 6.5)  1052259.9 
    63     1    1S2 8J1             (2)7( 7.5)  1052260.1 

   NL-SHELL INDEXING & AUGER RATES                     NLREP= 55
   -------------------------------
   ILREP   N   L
   -----   -   -
     1     1   0
     2     2   0
     3     2   1
     4     3   0
     5     3   1
     6     3   2
     7     4   0
     8     4   1
     9     4   2
    10     4   3
    11     5   0
    12     5   1
    13     5   2
    14     5   3
    15     5   4
    16     6   0
    17     6   1
    18     6   2
    19     6   3
    20     6   4
    21     6   5
    22     7   0
    23     7   1
    24     7   2
    25     7   3
    26     7   4
    27     7   5
    28     7   6
    29     8   0
    30     8   1
    31     8   2
    32     8   3
    33     8   4
    34     8   5
    35     8   6
    36     8   7
    37     9   0
    38     9   1
    39     9   2
    40     9   3
    41     9   4
    42     9   5
    43     9   6
    44     9   7
    45     9   8
    46    10   0
    47    10   1
    48    10   2
    49    10   3
    50    10   4
    51    10   5
    52    10   6
    53    10   7
    54    10   8
    55    10   9

   N-SHELL INDEXING & AUGER RATES                       NREP= 42
   ------------------------------
   INREP   N
   -----   -
     1     1
     2     2
     3     3
     4     4
     5     5
     6     6
     7     7
     8     8
     9     9
    10    10
    11    11
    12    12
    13    13
    14    14
    15    15
    16    16
    17    18
    18    20
    19    22
    20    25
    21    29
    22    35
    23    39
    24    45
    25    49
    26    55
    27    61
    28    70
    29    81
    30   100
    31   115
    32   140
    33   162
    34   200
    35   235
    36   300
    37   353
    38   450
    39   535
    40   700
    41   811
    42   999



 --------------------------
 PRTI= 1  LVLPRT= (1S  0.0)

   INDX TE=  3.60E+02  7.20E+02  1.80E+03  3.60E+03  7.20E+03  1.80E+04  3.60E+04  7.20E+04  1.80E+05  3.60E+05
   ---- ---  7.20E+05  1.80E+06  3.60E+06  7.20E+06  1.80E+07  3.60E+07  7.20E+07  1.80E+08  3.60E+08
     1       0.00E+00  0.00E+00  0.00E+00  0.00E+00  0.00E+00  0.00E+00  0.00E+00  2.09E-40  4.60E-23  1.58E-17
             5.77E-15  9.95E-14  1.47E-13  1.07E-13  4.17E-14  1.70E-14  6.48E-15  1.71E-15  6.14E-16
     2       0.00E+00  0.00E+00  0.00E+00  0.00E+00  0.00E+00  0.00E+00  0.00E+00  3.05E-41  1.04E-23  4.76E-18
             2.11E-15  4.28E-14  6.73E-14  5.05E-14  2.01E-14  8.29E-15  3.16E-15  8.37E-16  3.00E-16
     3       0.00E+00  0.00E+00  0.00E+00  0.00E+00  0.00E+00  0.00E+00  0.00E+00  5.88E-41  2.00E-23  9.21E-18
             4.13E-15  8.51E-14  1.35E-13  1.02E-13  4.06E-14  1.67E-14  6.38E-15  1.69E-15  6.07E-16
     4       0.00E+00  0.00E+00  0.00E+00  0.00E+00  0.00E+00  0.00E+00  0.00E+00  0.00E+00  1.43E-27  7.59E-21
             1.04E-17  3.75E-16  6.92E-16  5.59E-16  2.32E-16  9.69E-17  3.72E-17  9.89E-18  3.56E-18
     5       0.00E+00  0.00E+00  0.00E+00  0.00E+00  0.00E+00  0.00E+00  0.00E+00  0.00E+00  1.04E-25  6.26E-19
             9.13E-16  3.41E-14  6.38E-14  5.19E-14  2.16E-14  9.03E-15  3.47E-15  9.23E-16  3.32E-16
     6       0.00E+00  0.00E+00  0.00E+00  0.00E+00  0.00E+00  0.00E+00  0.00E+00  0.00E+00  2.03E-25  1.22E-18
             1.79E-15  6.68E-14  1.25E-13  1.01E-13  4.23E-14  1.77E-14  6.79E-15  1.80E-15  6.49E-16
     7       0.00E+00  0.00E+00  0.00E+00  0.00E+00  0.00E+00  0.00E+00  0.00E+00  0.00E+00  1.05E-25  6.89E-19
             1.05E-15  4.03E-14  7.60E-14  6.21E-14  2.60E-14  1.08E-14  4.17E-15  1.11E-15  3.99E-16
     8       0.00E+00  0.00E+00  0.00E+00  0.00E+00  0.00E+00  0.00E+00  0.00E+00  0.00E+00  1.61E-25  1.06E-18
             1.61E-15  6.19E-14  1.17E-13  9.54E-14  3.99E-14  1.67E-14  6.41E-15  1.70E-15  6.13E-16
     9       0.00E+00  0.00E+00  0.00E+00  0.00E+00  0.00E+00  0.00E+00  0.00E+00  0.00E+00  3.15E-28  4.16E-21
             9.00E-18  4.26E-16  8.61E-16  7.28E-16  3.11E-16  1.31E-16  5.05E-17  1.35E-17  4.84E-18
    10       0.00E+00  0.00E+00  0.00E+00  0.00E+00  0.00E+00  0.00E+00  0.00E+00  0.00E+00  1.52E-26  2.11E-19
             4.66E-16  2.23E-14  4.54E-14  3.85E-14  1.64E-14  6.92E-15  2.67E-15  7.12E-16  2.56E-16
    11       0.00E+00  0.00E+00  0.00E+00  0.00E+00  0.00E+00  0.00E+00  0.00E+00  0.00E+00  2.94E-26  4.07E-19
             9.00E-16  4.32E-14  8.77E-14  7.43E-14  3.18E-14  1.34E-14  5.16E-15  1.38E-15  4.95E-16
    12       0.00E+00  0.00E+00  0.00E+00  0.00E+00  0.00E+00  0.00E+00  0.00E+00  0.00E+00  1.73E-26  2.46E-19
             5.53E-16  2.67E-14  5.45E-14  4.62E-14  1.98E-14  8.33E-15  3.21E-15  8.57E-16  3.08E-16
    13       0.00E+00  0.00E+00  0.00E+00  0.00E+00  0.00E+00  0.00E+00  0.00E+00  0.00E+00  2.71E-26  3.85E-19
             8.65E-16  4.18E-14  8.52E-14  7.23E-14  3.09E-14  1.30E-14  5.03E-15  1.34E-15  4.83E-16
    14       0.00E+00  0.00E+00  0.00E+00  0.00E+00  0.00E+00  0.00E+00  0.00E+00  0.00E+00  2.07E-27  2.99E-20
             6.78E-17  3.30E-15  6.72E-15  5.71E-15  2.44E-15  1.03E-15  3.97E-16  1.06E-16  3.81E-17
    15       0.00E+00  0.00E+00  0.00E+00  0.00E+00  0.00E+00  0.00E+00  0.00E+00  0.00E+00  2.75E-27  3.99E-20
             9.03E-17  4.39E-15  8.96E-15  7.61E-15  3.26E-15  1.37E-15  5.29E-16  1.41E-16  5.08E-17
    16       0.00E+00  0.00E+00  0.00E+00  0.00E+00  0.00E+00  0.00E+00  0.00E+00  0.00E+00  1.08E-28  2.13E-21
             5.61E-18  2.99E-16  6.30E-16  5.43E-16  2.35E-16  9.91E-17  3.83E-17  1.02E-17  3.68E-18
    17       0.00E+00  0.00E+00  0.00E+00  0.00E+00  0.00E+00  0.00E+00  0.00E+00  0.00E+00  5.15E-27  1.04E-19
             2.78E-16  1.49E-14  3.15E-14  2.72E-14  1.18E-14  4.97E-15  1.92E-15  5.13E-16  1.85E-16
    18       0.00E+00  0.00E+00  0.00E+00  0.00E+00  0.00E+00  0.00E+00  0.00E+00  0.00E+00  9.84E-27  1.99E-19
             5.31E-16  2.85E-14  6.01E-14  5.19E-14  2.25E-14  9.49E-15  3.67E-15  9.79E-16  3.52E-16
    19       0.00E+00  0.00E+00  0.00E+00  0.00E+00  0.00E+00  0.00E+00  0.00E+00  0.00E+00  5.63E-27  1.15E-19
             3.10E-16  1.67E-14  3.54E-14  3.05E-14  1.32E-14  5.59E-15  2.16E-15  5.76E-16  2.07E-16
    20       0.00E+00  0.00E+00  0.00E+00  0.00E+00  0.00E+00  0.00E+00  0.00E+00  0.00E+00  9.14E-27  1.87E-19
             5.03E-16  2.72E-14  5.74E-14  4.96E-14  2.14E-14  9.06E-15  3.50E-15  9.35E-16  3.37E-16
    21       0.00E+00  0.00E+00  0.00E+00  0.00E+00  0.00E+00  0.00E+00  0.00E+00  0.00E+00  8.26E-28  1.71E-20
             4.61E-17  2.49E-15  5.27E-15  4.55E-15  1.97E-15  8.33E-16  3.22E-16  8.60E-17  3.09E-17
    22       0.00E+00  0.00E+00  0.00E+00  0.00E+00  0.00E+00  0.00E+00  0.00E+00  0.00E+00  2.09E-29  4.33E-22
             1.17E-18  6.33E-17  1.34E-16  1.16E-16  5.00E-17  2.11E-17  8.18E-18  2.18E-18  7.85E-19
    23       0.00E+00  0.00E+00  0.00E+00  0.00E+00  0.00E+00  0.00E+00  0.00E+00  0.00E+00  1.10E-27  2.27E-20
             6.14E-17  3.32E-15  7.02E-15  6.07E-15  2.62E-15  1.11E-15  4.29E-16  1.15E-16  4.12E-17
    24       0.00E+00  0.00E+00  0.00E+00  0.00E+00  0.00E+00  0.00E+00  0.00E+00  0.00E+00  2.62E-29  5.41E-22
             1.46E-18  7.90E-17  1.67E-16  1.44E-16  6.25E-17  2.64E-17  1.02E-17  2.73E-18  9.81E-19
    25       0.00E+00  0.00E+00  0.00E+00  0.00E+00  0.00E+00  0.00E+00  0.00E+00  0.00E+00  4.92E-29  1.19E-21
             3.50E-18  1.99E-16  4.27E-16  3.72E-16  1.62E-16  6.85E-17  2.65E-17  7.08E-18  2.55E-18
    26       0.00E+00  0.00E+00  0.00E+00  0.00E+00  0.00E+00  0.00E+00  0.00E+00  0.00E+00  2.43E-27  6.00E-20
             1.77E-16  1.01E-14  2.18E-14  1.90E-14  8.27E-15  3.50E-15  1.36E-15  3.62E-16  1.30E-16
    27       0.00E+00  0.00E+00  0.00E+00  0.00E+00  0.00E+00  0.00E+00  0.00E+00  0.00E+00  4.60E-27  1.14E-19
             3.37E-16  1.92E-14  4.14E-14  3.61E-14  1.57E-14  6.65E-15  2.57E-15  6.87E-16  2.47E-16
    28       0.00E+00  0.00E+00  0.00E+00  0.00E+00  0.00E+00  0.00E+00  0.00E+00  0.00E+00  2.54E-27  6.33E-20
             1.88E-16  1.07E-14  2.31E-14  2.02E-14  8.79E-15  3.72E-15  1.44E-15  3.85E-16  1.39E-16
    29       0.00E+00  0.00E+00  0.00E+00  0.00E+00  0.00E+00  0.00E+00  0.00E+00  0.00E+00  4.31E-27  1.07E-19
             3.19E-16  1.82E-14  3.93E-14  3.43E-14  1.49E-14  6.31E-15  2.44E-15  6.53E-16  2.35E-16
    30       0.00E+00  0.00E+00  0.00E+00  0.00E+00  0.00E+00  0.00E+00  0.00E+00  0.00E+00  3.85E-28  9.63E-21
             2.87E-17  1.64E-15  3.54E-15  3.09E-15  1.34E-15  5.70E-16  2.20E-16  5.89E-17  2.12E-17
    31       0.00E+00  0.00E+00  0.00E+00  0.00E+00  0.00E+00  0.00E+00  0.00E+00  0.00E+00  1.52E-29  3.81E-22
             1.14E-18  6.51E-17  1.40E-16  1.22E-16  5.33E-17  2.26E-17  8.73E-18  2.33E-18  8.40E-19
    32       0.00E+00  0.00E+00  0.00E+00  0.00E+00  0.00E+00  0.00E+00  0.00E+00  0.00E+00  5.20E-28  1.30E-20
             3.87E-17  2.22E-15  4.78E-15  4.17E-15  1.82E-15  7.69E-16  2.98E-16  7.95E-17  2.86E-17
    33       0.00E+00  0.00E+00  0.00E+00  0.00E+00  0.00E+00  0.00E+00  0.00E+00  0.00E+00  1.84E-31  4.61E-24
             1.37E-20  7.86E-19  1.69E-18  1.48E-18  6.43E-19  2.72E-19  1.05E-19  2.82E-20  1.01E-20
    34       0.00E+00  0.00E+00  0.00E+00  0.00E+00  0.00E+00  0.00E+00  0.00E+00  0.00E+00  1.90E-29  4.77E-22
             1.42E-18  8.14E-17  1.75E-16  1.53E-16  6.66E-17  2.82E-17  1.09E-17  2.92E-18  1.05E-18
    35       0.00E+00  0.00E+00  0.00E+00  0.00E+00  0.00E+00  0.00E+00  0.00E+00  0.00E+00  2.21E-31  5.53E-24
             1.65E-20  9.43E-19  2.03E-18  1.77E-18  7.72E-19  3.27E-19  1.27E-19  3.38E-20  1.22E-20
    36       0.00E+00  0.00E+00  0.00E+00  0.00E+00  0.00E+00  0.00E+00  0.00E+00  0.00E+00  9.75E-30  2.62E-22
             8.08E-19  4.73E-17  1.03E-16  9.01E-17  3.93E-17  1.67E-17  6.45E-18  1.72E-18  6.20E-19
    37       0.00E+00  0.00E+00  0.00E+00  0.00E+00  0.00E+00  0.00E+00  0.00E+00  0.00E+00  1.26E-27  3.52E-20
             1.10E-16  6.54E-15  1.42E-14  1.25E-14  5.46E-15  2.31E-15  8.96E-16  2.39E-16  8.62E-17
    38       0.00E+00  0.00E+00  0.00E+00  0.00E+00  0.00E+00  0.00E+00  0.00E+00  0.00E+00  2.37E-27  6.62E-20
             2.08E-16  1.23E-14  2.68E-14  2.36E-14  1.03E-14  4.36E-15  1.69E-15  4.51E-16  1.62E-16
    39       0.00E+00  0.00E+00  0.00E+00  0.00E+00  0.00E+00  0.00E+00  0.00E+00  0.00E+00  8.68E-28  2.43E-20
             7.66E-17  4.54E-15  9.90E-15  8.69E-15  3.79E-15  1.61E-15  6.23E-16  1.66E-16  5.99E-17
    40       0.00E+00  0.00E+00  0.00E+00  0.00E+00  0.00E+00  0.00E+00  0.00E+00  0.00E+00  1.58E-27  4.42E-20
             1.39E-16  8.26E-15  1.80E-14  1.58E-14  6.90E-15  2.93E-15  1.13E-15  3.03E-16  1.09E-16
    41       0.00E+00  0.00E+00  0.00E+00  0.00E+00  0.00E+00  0.00E+00  0.00E+00  0.00E+00  2.17E-28  6.10E-21
             1.92E-17  1.14E-15  2.49E-15  2.19E-15  9.54E-16  4.05E-16  1.57E-16  4.19E-17  1.51E-17
    42       0.00E+00  0.00E+00  0.00E+00  0.00E+00  0.00E+00  0.00E+00  0.00E+00  0.00E+00  2.92E-28  8.21E-21
             2.59E-17  1.54E-15  3.35E-15  2.94E-15  1.28E-15  5.44E-16  2.11E-16  5.63E-17  2.03E-17
    43       0.00E+00  0.00E+00  0.00E+00  0.00E+00  0.00E+00  0.00E+00  0.00E+00  0.00E+00  1.02E-29  2.86E-22
             9.01E-19  5.35E-17  1.17E-16  1.02E-16  4.47E-17  1.90E-17  7.34E-18  1.96E-18  7.06E-19
    44       0.00E+00  0.00E+00  0.00E+00  0.00E+00  0.00E+00  0.00E+00  0.00E+00  0.00E+00  1.95E-31  5.48E-24
             1.73E-20  1.03E-18  2.24E-18  1.96E-18  8.57E-19  3.64E-19  1.41E-19  3.76E-20  1.35E-20
    45       0.00E+00  0.00E+00  0.00E+00  0.00E+00  0.00E+00  0.00E+00  0.00E+00  0.00E+00  1.27E-29  3.57E-22
             1.13E-18  6.69E-17  1.46E-16  1.28E-16  5.59E-17  2.37E-17  9.18E-18  2.45E-18  8.83E-19
    46       0.00E+00  0.00E+00  0.00E+00  0.00E+00  0.00E+00  0.00E+00  0.00E+00  0.00E+00  1.43E-33  4.03E-26
             1.27E-22  7.55E-21  1.65E-20  1.44E-20  6.31E-21  2.68E-21  1.04E-21  2.77E-22  9.97E-23
    47       0.00E+00  0.00E+00  0.00E+00  0.00E+00  0.00E+00  0.00E+00  0.00E+00  0.00E+00  2.34E-31  6.57E-24
             2.07E-20  1.23E-18  2.68E-18  2.36E-18  1.03E-18  4.36E-19  1.69E-19  4.51E-20  1.63E-20
    48       0.00E+00  0.00E+00  0.00E+00  0.00E+00  0.00E+00  0.00E+00  0.00E+00  0.00E+00  1.67E-33  4.71E-26
             1.48E-22  8.81E-21  1.92E-20  1.69E-20  7.36E-21  3.12E-21  1.21E-21  3.23E-22  1.16E-22
    49       0.00E+00  0.00E+00  0.00E+00  0.00E+00  0.00E+00  0.00E+00  0.00E+00  0.00E+00  7.72E-30  2.24E-22
             7.20E-19  4.32E-17  9.46E-17  8.33E-17  3.64E-17  1.54E-17  5.98E-18  1.60E-18  5.75E-19
    50       0.00E+00  0.00E+00  0.00E+00  0.00E+00  0.00E+00  0.00E+00  0.00E+00  0.00E+00  7.94E-28  2.40E-20
             7.83E-17  4.74E-15  1.04E-14  9.18E-15  4.02E-15  1.70E-15  6.60E-16  1.76E-16  6.35E-17
    51       0.00E+00  0.00E+00  0.00E+00  0.00E+00  0.00E+00  0.00E+00  0.00E+00  0.00E+00  1.49E-27  4.50E-20
             1.47E-16  8.91E-15  1.96E-14  1.72E-14  7.55E-15  3.20E-15  1.24E-15  3.31E-16  1.19E-16
    52       0.00E+00  0.00E+00  0.00E+00  0.00E+00  0.00E+00  0.00E+00  0.00E+00  0.00E+00  5.87E-28  1.78E-20
             5.81E-17  3.52E-15  7.74E-15  6.82E-15  2.99E-15  1.27E-15  4.91E-16  1.31E-16  4.72E-17
    53       0.00E+00  0.00E+00  0.00E+00  0.00E+00  0.00E+00  0.00E+00  0.00E+00  0.00E+00  1.11E-27  3.35E-20
             1.09E-16  6.64E-15  1.46E-14  1.28E-14  5.62E-15  2.39E-15  9.24E-16  2.47E-16  8.89E-17
    54       0.00E+00  0.00E+00  0.00E+00  0.00E+00  0.00E+00  0.00E+00  0.00E+00  0.00E+00  1.35E-28  4.09E-21
             1.34E-17  8.12E-16  1.78E-15  1.57E-15  6.88E-16  2.92E-16  1.13E-16  3.02E-17  1.09E-17
    55       0.00E+00  0.00E+00  0.00E+00  0.00E+00  0.00E+00  0.00E+00  0.00E+00  0.00E+00  1.81E-28  5.48E-21
             1.80E-17  1.09E-15  2.39E-15  2.11E-15  9.23E-16  3.92E-16  1.52E-16  4.06E-17  1.46E-17
    56       0.00E+00  0.00E+00  0.00E+00  0.00E+00  0.00E+00  0.00E+00  0.00E+00  0.00E+00  6.91E-30  2.10E-22
             6.87E-19  4.17E-17  9.16E-17  8.07E-17  3.53E-17  1.50E-17  5.81E-18  1.55E-18  5.59E-19
    57       0.00E+00  0.00E+00  0.00E+00  0.00E+00  0.00E+00  0.00E+00  0.00E+00  0.00E+00  1.64E-31  4.97E-24
             1.63E-20  9.87E-19  2.17E-18  1.91E-18  8.37E-19  3.55E-19  1.38E-19  3.68E-20  1.32E-20
    58       0.00E+00  0.00E+00  0.00E+00  0.00E+00  0.00E+00  0.00E+00  0.00E+00  0.00E+00  8.64E-30  2.62E-22
             8.59E-19  5.21E-17  1.14E-16  1.01E-16  4.42E-17  1.87E-17  7.26E-18  1.94E-18  6.99E-19
    59       0.00E+00  0.00E+00  0.00E+00  0.00E+00  0.00E+00  0.00E+00  0.00E+00  0.00E+00  1.97E-33  5.97E-26
             1.95E-22  1.19E-20  2.61E-20  2.30E-20  1.01E-20  4.27E-21  1.65E-21  4.42E-22  1.59E-22
    60       0.00E+00  0.00E+00  0.00E+00  0.00E+00  0.00E+00  0.00E+00  0.00E+00  0.00E+00  1.96E-31  5.96E-24
             1.95E-20  1.19E-18  2.60E-18  2.29E-18  1.00E-18  4.26E-19  1.65E-19  4.41E-20  1.59E-20
    61       0.00E+00  0.00E+00  0.00E+00  0.00E+00  0.00E+00  0.00E+00  0.00E+00  0.00E+00  1.04E-35  3.16E-28
             1.04E-24  6.29E-23  1.38E-22  1.22E-22  5.33E-23  2.26E-23  8.77E-24  2.34E-24  8.43E-25
    62       0.00E+00  0.00E+00  0.00E+00  0.00E+00  0.00E+00  0.00E+00  0.00E+00  0.00E+00  2.29E-33  6.96E-26
             2.28E-22  1.38E-20  3.04E-20  2.68E-20  1.17E-20  4.98E-21  1.93E-21  5.15E-22  1.86E-22
    63       0.00E+00  0.00E+00  0.00E+00  0.00E+00  0.00E+00  0.00E+00  0.00E+00  0.00E+00  1.19E-35  3.62E-28
             1.19E-24  7.19E-23  1.58E-22  1.39E-22  6.10E-23  2.59E-23  1.00E-23  2.68E-24  9.64E-25

                                                                                     --------------------------
                                                                                     PRTF= 1  LVLPRT= (1S  0.0)
   ILREP
   -----
     2       0.00E+00  0.00E+00  0.00E+00  0.00E+00  0.00E+00  0.00E+00  0.00E+00  2.09E-40  4.60E-23  1.58E-17
             5.77E-15  9.95E-14  1.47E-13  1.07E-13  4.17E-14  1.70E-14  6.48E-15  1.71E-15  6.14E-16
     3       0.00E+00  0.00E+00  0.00E+00  0.00E+00  0.00E+00  0.00E+00  0.00E+00  8.93E-41  3.03E-23  1.40E-17
             6.24E-15  1.28E-13  2.02E-13  1.52E-13  6.07E-14  2.50E-14  9.54E-15  2.53E-15  9.07E-16
     4       0.00E+00  0.00E+00  0.00E+00  0.00E+00  0.00E+00  0.00E+00  0.00E+00  0.00E+00  1.43E-27  7.59E-21
             1.04E-17  3.75E-16  6.92E-16  5.59E-16  2.32E-16  9.69E-17  3.72E-17  9.89E-18  3.56E-18
     5       0.00E+00  0.00E+00  0.00E+00  0.00E+00  0.00E+00  0.00E+00  0.00E+00  0.00E+00  3.07E-25  1.85E-18
             2.70E-15  1.01E-13  1.89E-13  1.53E-13  6.39E-14  2.67E-14  1.03E-14  2.73E-15  9.81E-16
     6       0.00E+00  0.00E+00  0.00E+00  0.00E+00  0.00E+00  0.00E+00  0.00E+00  0.00E+00  2.66E-25  1.75E-18
             2.67E-15  1.02E-13  1.93E-13  1.57E-13  6.58E-14  2.75E-14  1.06E-14  2.81E-15  1.01E-15
     7       0.00E+00  0.00E+00  0.00E+00  0.00E+00  0.00E+00  0.00E+00  0.00E+00  0.00E+00  3.15E-28  4.16E-21
             9.00E-18  4.26E-16  8.61E-16  7.28E-16  3.11E-16  1.31E-16  5.05E-17  1.35E-17  4.84E-18
     8       0.00E+00  0.00E+00  0.00E+00  0.00E+00  0.00E+00  0.00E+00  0.00E+00  0.00E+00  4.46E-26  6.17E-19
             1.37E-15  6.55E-14  1.33E-13  1.13E-13  4.82E-14  2.03E-14  7.83E-15  2.09E-15  7.51E-16
     9       0.00E+00  0.00E+00  0.00E+00  0.00E+00  0.00E+00  0.00E+00  0.00E+00  0.00E+00  4.44E-26  6.32E-19
             1.42E-15  6.86E-14  1.40E-13  1.19E-13  5.07E-14  2.14E-14  8.24E-15  2.20E-15  7.91E-16
    10       0.00E+00  0.00E+00  0.00E+00  0.00E+00  0.00E+00  0.00E+00  0.00E+00  0.00E+00  4.82E-27  6.98E-20
             1.58E-16  7.68E-15  1.57E-14  1.33E-14  5.70E-15  2.40E-15  9.27E-16  2.47E-16  8.89E-17
    11       0.00E+00  0.00E+00  0.00E+00  0.00E+00  0.00E+00  0.00E+00  0.00E+00  0.00E+00  1.08E-28  2.13E-21
             5.61E-18  2.99E-16  6.30E-16  5.43E-16  2.35E-16  9.91E-17  3.83E-17  1.02E-17  3.68E-18
    12       0.00E+00  0.00E+00  0.00E+00  0.00E+00  0.00E+00  0.00E+00  0.00E+00  0.00E+00  1.50E-26  3.03E-19
             8.09E-16  4.34E-14  9.16E-14  7.91E-14  3.42E-14  1.45E-14  5.59E-15  1.49E-15  5.37E-16
    13       0.00E+00  0.00E+00  0.00E+00  0.00E+00  0.00E+00  0.00E+00  0.00E+00  0.00E+00  1.48E-26  3.02E-19
             8.14E-16  4.39E-14  9.27E-14  8.01E-14  3.47E-14  1.46E-14  5.66E-15  1.51E-15  5.44E-16
    14       0.00E+00  0.00E+00  0.00E+00  0.00E+00  0.00E+00  0.00E+00  0.00E+00  0.00E+00  1.93E-27  3.98E-20
             1.07E-16  5.81E-15  1.23E-14  1.06E-14  4.59E-15  1.94E-15  7.51E-16  2.00E-16  7.22E-17
    15       0.00E+00  0.00E+00  0.00E+00  0.00E+00  0.00E+00  0.00E+00  0.00E+00  0.00E+00  4.71E-29  9.73E-22
             2.63E-18  1.42E-16  3.01E-16  2.60E-16  1.13E-16  4.76E-17  1.84E-17  4.91E-18  1.77E-18
    16       0.00E+00  0.00E+00  0.00E+00  0.00E+00  0.00E+00  0.00E+00  0.00E+00  0.00E+00  4.92E-29  1.19E-21
             3.50E-18  1.99E-16  4.27E-16  3.72E-16  1.62E-16  6.85E-17  2.65E-17  7.08E-18  2.55E-18
    17       0.00E+00  0.00E+00  0.00E+00  0.00E+00  0.00E+00  0.00E+00  0.00E+00  0.00E+00  7.03E-27  1.74E-19
             5.14E-16  2.93E-14  6.32E-14  5.51E-14  2.40E-14  1.02E-14  3.93E-15  1.05E-15  3.78E-16
    18       0.00E+00  0.00E+00  0.00E+00  0.00E+00  0.00E+00  0.00E+00  0.00E+00  0.00E+00  6.84E-27  1.71E-19
             5.06E-16  2.90E-14  6.24E-14  5.45E-14  2.37E-14  1.00E-14  3.88E-15  1.04E-15  3.73E-16
    19       0.00E+00  0.00E+00  0.00E+00  0.00E+00  0.00E+00  0.00E+00  0.00E+00  0.00E+00  9.04E-28  2.26E-20
             6.74E-17  3.86E-15  8.32E-15  7.27E-15  3.16E-15  1.34E-15  5.18E-16  1.38E-16  4.98E-17
    20       0.00E+00  0.00E+00  0.00E+00  0.00E+00  0.00E+00  0.00E+00  0.00E+00  0.00E+00  3.43E-29  8.58E-22
             2.56E-18  1.46E-16  3.16E-16  2.75E-16  1.20E-16  5.08E-17  1.97E-17  5.25E-18  1.89E-18
    21       0.00E+00  0.00E+00  0.00E+00  0.00E+00  0.00E+00  0.00E+00  0.00E+00  0.00E+00  4.05E-31  1.01E-23
             3.02E-20  1.73E-18  3.73E-18  3.25E-18  1.42E-18  5.99E-19  2.32E-19  6.20E-20  2.23E-20
    22       0.00E+00  0.00E+00  0.00E+00  0.00E+00  0.00E+00  0.00E+00  0.00E+00  0.00E+00  9.75E-30  2.62E-22
             8.08E-19  4.73E-17  1.03E-16  9.01E-17  3.93E-17  1.67E-17  6.45E-18  1.72E-18  6.20E-19
    23       0.00E+00  0.00E+00  0.00E+00  0.00E+00  0.00E+00  0.00E+00  0.00E+00  0.00E+00  3.63E-27  1.01E-19
             3.19E-16  1.89E-14  4.11E-14  3.61E-14  1.57E-14  6.67E-15  2.58E-15  6.90E-16  2.49E-16
    24       0.00E+00  0.00E+00  0.00E+00  0.00E+00  0.00E+00  0.00E+00  0.00E+00  0.00E+00  2.45E-27  6.86E-20
             2.16E-16  1.28E-14  2.79E-14  2.45E-14  1.07E-14  4.54E-15  1.76E-15  4.69E-16  1.69E-16
    25       0.00E+00  0.00E+00  0.00E+00  0.00E+00  0.00E+00  0.00E+00  0.00E+00  0.00E+00  5.09E-28  1.43E-20
             4.51E-17  2.68E-15  5.84E-15  5.13E-15  2.24E-15  9.49E-16  3.68E-16  9.82E-17  3.54E-17
    26       0.00E+00  0.00E+00  0.00E+00  0.00E+00  0.00E+00  0.00E+00  0.00E+00  0.00E+00  2.28E-29  6.43E-22
             2.03E-18  1.20E-16  2.62E-16  2.30E-16  1.01E-16  4.27E-17  1.65E-17  4.41E-18  1.59E-18
    27       0.00E+00  0.00E+00  0.00E+00  0.00E+00  0.00E+00  0.00E+00  0.00E+00  0.00E+00  4.28E-31  1.21E-23
             3.80E-20  2.26E-18  4.92E-18  4.32E-18  1.89E-18  8.00E-19  3.10E-19  8.27E-20  2.98E-20
    28       0.00E+00  0.00E+00  0.00E+00  0.00E+00  0.00E+00  0.00E+00  0.00E+00  0.00E+00  3.10E-33  8.74E-26
             2.76E-22  1.64E-20  3.57E-20  3.13E-20  1.37E-20  5.80E-21  2.24E-21  6.00E-22  2.16E-22
    29       0.00E+00  0.00E+00  0.00E+00  0.00E+00  0.00E+00  0.00E+00  0.00E+00  0.00E+00  7.72E-30  2.24E-22
             7.20E-19  4.32E-17  9.46E-17  8.33E-17  3.64E-17  1.54E-17  5.98E-18  1.60E-18  5.75E-19
    30       0.00E+00  0.00E+00  0.00E+00  0.00E+00  0.00E+00  0.00E+00  0.00E+00  0.00E+00  2.29E-27  6.90E-20
             2.25E-16  1.37E-14  3.00E-14  2.64E-14  1.16E-14  4.91E-15  1.90E-15  5.08E-16  1.83E-16
    31       0.00E+00  0.00E+00  0.00E+00  0.00E+00  0.00E+00  0.00E+00  0.00E+00  0.00E+00  1.69E-27  5.12E-20
             1.68E-16  1.02E-14  2.23E-14  1.97E-14  8.61E-15  3.65E-15  1.42E-15  3.78E-16  1.36E-16
    32       0.00E+00  0.00E+00  0.00E+00  0.00E+00  0.00E+00  0.00E+00  0.00E+00  0.00E+00  3.15E-28  9.57E-21
             3.13E-17  1.90E-15  4.18E-15  3.68E-15  1.61E-15  6.84E-16  2.65E-16  7.08E-17  2.55E-17
    33       0.00E+00  0.00E+00  0.00E+00  0.00E+00  0.00E+00  0.00E+00  0.00E+00  0.00E+00  1.55E-29  4.72E-22
             1.55E-18  9.38E-17  2.06E-16  1.82E-16  7.95E-17  3.37E-17  1.31E-17  3.49E-18  1.26E-18
    34       0.00E+00  0.00E+00  0.00E+00  0.00E+00  0.00E+00  0.00E+00  0.00E+00  0.00E+00  3.60E-31  1.09E-23
             3.58E-20  2.17E-18  4.77E-18  4.21E-18  1.84E-18  7.81E-19  3.03E-19  8.09E-20  2.91E-20
    35       0.00E+00  0.00E+00  0.00E+00  0.00E+00  0.00E+00  0.00E+00  0.00E+00  0.00E+00  4.26E-33  1.29E-25
             4.24E-22  2.57E-20  5.65E-20  4.98E-20  2.18E-20  9.24E-21  3.58E-21  9.57E-22  3.45E-22
    36       0.00E+00  0.00E+00  0.00E+00  0.00E+00  0.00E+00  0.00E+00  0.00E+00  0.00E+00  2.24E-35  6.78E-28
             2.22E-24  1.35E-22  2.96E-22  2.61E-22  1.14E-22  4.85E-23  1.88E-23  5.02E-24  1.81E-24
    37       0.00E+00  0.00E+00  0.00E+00  0.00E+00  0.00E+00  0.00E+00  0.00E+00  0.00E+00  4.85E-30  1.54E-22
             5.15E-19  3.17E-17  6.99E-17  6.18E-17  2.71E-17  1.15E-17  4.45E-18  1.19E-18  4.29E-19
    38       0.00E+00  0.00E+00  0.00E+00  0.00E+00  0.00E+00  0.00E+00  0.00E+00  0.00E+00  1.26E-27  4.00E-20
             1.34E-16  8.26E-15  1.82E-14  1.61E-14  7.06E-15  3.00E-15  1.16E-15  3.10E-16  1.12E-16
    39       0.00E+00  0.00E+00  0.00E+00  0.00E+00  0.00E+00  0.00E+00  0.00E+00  0.00E+00  3.47E-28  1.11E-20
             3.72E-17  2.29E-15  5.06E-15  4.47E-15  1.96E-15  8.32E-16  3.22E-16  8.61E-17  3.10E-17
    40       0.00E+00  0.00E+00  0.00E+00  0.00E+00  0.00E+00  0.00E+00  0.00E+00  0.00E+00  1.86E-28  5.95E-21
             2.00E-17  1.23E-15  2.72E-15  2.41E-15  1.06E-15  4.48E-16  1.74E-16  4.64E-17  1.67E-17
    41       0.00E+00  0.00E+00  0.00E+00  0.00E+00  0.00E+00  0.00E+00  0.00E+00  0.00E+00  1.09E-29  3.49E-22
             1.17E-18  7.24E-17  1.60E-16  1.41E-16  6.19E-17  2.63E-17  1.02E-17  2.72E-18  9.81E-19
    42       0.00E+00  0.00E+00  0.00E+00  0.00E+00  0.00E+00  0.00E+00  0.00E+00  0.00E+00  2.86E-31  9.15E-24
             3.07E-20  1.90E-18  4.19E-18  3.70E-18  1.62E-18  6.88E-19  2.67E-19  7.13E-20  2.57E-20
    43       0.00E+00  0.00E+00  0.00E+00  0.00E+00  0.00E+00  0.00E+00  0.00E+00  0.00E+00  4.27E-33  1.36E-25
             4.58E-22  2.83E-20  6.24E-20  5.51E-20  2.42E-20  1.03E-20  3.98E-21  1.06E-21  3.83E-22
    44       0.00E+00  0.00E+00  0.00E+00  0.00E+00  0.00E+00  0.00E+00  0.00E+00  0.00E+00  3.73E-35  1.19E-27
             4.00E-24  2.47E-22  5.45E-22  4.82E-22  2.11E-22  8.96E-23  3.47E-23  9.28E-24  3.34E-24
    45       0.00E+00  0.00E+00  0.00E+00  0.00E+00  0.00E+00  0.00E+00  0.00E+00  0.00E+00  1.63E-37  5.22E-30
             1.75E-26  1.08E-24  2.39E-24  2.11E-24  9.25E-25  3.93E-25  1.52E-25  4.07E-26  1.46E-26
    46       0.00E+00  0.00E+00  0.00E+00  0.00E+00  0.00E+00  0.00E+00  0.00E+00  0.00E+00  1.60E-30  5.27E-23
             1.80E-19  1.12E-17  2.48E-17  2.19E-17  9.63E-18  4.09E-18  1.59E-18  4.24E-19  1.53E-19
    47       0.00E+00  0.00E+00  0.00E+00  0.00E+00  0.00E+00  0.00E+00  0.00E+00  0.00E+00  5.17E-28  1.71E-20
             5.85E-17  3.64E-15  8.08E-15  7.15E-15  3.14E-15  1.33E-15  5.16E-16  1.38E-16  4.97E-17
    48       0.00E+00  0.00E+00  0.00E+00  0.00E+00  0.00E+00  0.00E+00  0.00E+00  0.00E+00  2.56E-28  8.47E-21
             2.90E-17  1.81E-15  4.01E-15  3.55E-15  1.56E-15  6.61E-16  2.56E-16  6.85E-17  2.47E-17
    49       0.00E+00  0.00E+00  0.00E+00  0.00E+00  0.00E+00  0.00E+00  0.00E+00  0.00E+00  4.45E-29  1.48E-21
             5.06E-18  3.15E-16  6.99E-16  6.18E-16  2.71E-16  1.15E-16  4.47E-17  1.19E-17  4.30E-18
    50       0.00E+00  0.00E+00  0.00E+00  0.00E+00  0.00E+00  0.00E+00  0.00E+00  0.00E+00  2.29E-30  7.61E-23
             2.61E-19  1.62E-17  3.60E-17  3.19E-17  1.40E-17  5.94E-18  2.30E-18  6.16E-19  2.22E-19
    51       0.00E+00  0.00E+00  0.00E+00  0.00E+00  0.00E+00  0.00E+00  0.00E+00  0.00E+00  7.21E-32  2.39E-24
             8.18E-21  5.10E-19  1.13E-18  1.00E-18  4.39E-19  1.87E-19  7.23E-20  1.93E-20  6.96E-21
    52       0.00E+00  0.00E+00  0.00E+00  0.00E+00  0.00E+00  0.00E+00  0.00E+00  0.00E+00  1.54E-33  5.09E-26
             1.74E-22  1.09E-20  2.41E-20  2.13E-20  9.36E-21  3.97E-21  1.54E-21  4.12E-22  1.48E-22
    53       0.00E+00  0.00E+00  0.00E+00  0.00E+00  0.00E+00  0.00E+00  0.00E+00  0.00E+00  2.35E-35  7.80E-28
             2.67E-24  1.67E-22  3.69E-22  3.27E-22  1.43E-22  6.09E-23  2.36E-23  6.31E-24  2.27E-24
    54       0.00E+00  0.00E+00  0.00E+00  0.00E+00  0.00E+00  0.00E+00  0.00E+00  0.00E+00  2.43E-37  8.05E-30
             2.75E-26  1.72E-24  3.81E-24  3.37E-24  1.48E-24  6.28E-25  2.43E-25  6.51E-26  2.34E-26
    55       0.00E+00  0.00E+00  0.00E+00  0.00E+00  0.00E+00  0.00E+00  0.00E+00  0.00E+00  1.21E-39  4.02E-32
             1.38E-28  8.59E-27  1.90E-26  1.69E-26  7.39E-27  3.14E-27  1.22E-27  3.25E-28  1.17E-28

   INREP
   -----
     2       0.00E+00  0.00E+00  0.00E+00  0.00E+00  0.00E+00  0.00E+00  0.00E+00  2.98E-40  7.63E-23  2.98E-17
             1.20E-14  2.27E-13  3.49E-13  2.59E-13  1.02E-13  4.20E-14  1.60E-14  4.24E-15  1.52E-15
     3       0.00E+00  0.00E+00  0.00E+00  0.00E+00  0.00E+00  0.00E+00  0.00E+00  0.00E+00  5.74E-25  3.60E-18
             5.38E-15  2.04E-13  3.82E-13  3.11E-13  1.30E-13  5.43E-14  2.09E-14  5.55E-15  2.00E-15
     4       0.00E+00  0.00E+00  0.00E+00  0.00E+00  0.00E+00  0.00E+00  0.00E+00  0.00E+00  9.41E-26  1.32E-18
             2.95E-15  1.42E-13  2.89E-13  2.45E-13  1.05E-13  4.42E-14  1.71E-14  4.55E-15  1.64E-15
     5       0.00E+00  0.00E+00  0.00E+00  0.00E+00  0.00E+00  0.00E+00  0.00E+00  0.00E+00  3.18E-26  6.48E-19
             1.74E-15  9.36E-14  1.98E-13  1.71E-13  7.38E-14  3.12E-14  1.21E-14  3.22E-15  1.16E-15
     6       0.00E+00  0.00E+00  0.00E+00  0.00E+00  0.00E+00  0.00E+00  0.00E+00  0.00E+00  1.49E-26  3.69E-19
             1.09E-15  6.25E-14  1.35E-13  1.17E-13  5.11E-14  2.16E-14  8.38E-15  2.24E-15  8.05E-16
     7       0.00E+00  0.00E+00  0.00E+00  0.00E+00  0.00E+00  0.00E+00  0.00E+00  0.00E+00  6.62E-27  1.85E-19
             5.83E-16  3.45E-14  7.52E-14  6.60E-14  2.88E-14  1.22E-14  4.73E-15  1.26E-15  4.55E-16
     8       0.00E+00  0.00E+00  0.00E+00  0.00E+00  0.00E+00  0.00E+00  0.00E+00  0.00E+00  4.32E-27  1.30E-19
             4.27E-16  2.59E-14  5.68E-14  5.00E-14  2.19E-14  9.29E-15  3.60E-15  9.62E-16  3.46E-16
     9       0.00E+00  0.00E+00  0.00E+00  0.00E+00  0.00E+00  0.00E+00  0.00E+00  0.00E+00  1.80E-27  5.75E-20
             1.93E-16  1.19E-14  2.62E-14  2.32E-14  1.02E-14  4.32E-15  1.67E-15  4.47E-16  1.61E-16
    10       0.00E+00  0.00E+00  0.00E+00  0.00E+00  0.00E+00  0.00E+00  0.00E+00  0.00E+00  8.22E-28  2.72E-20
             9.30E-17  5.80E-15  1.28E-14  1.14E-14  4.99E-15  2.12E-15  8.21E-16  2.19E-16  7.90E-17
    11       0.00E+00  0.00E+00  0.00E+00  0.00E+00  0.00E+00  0.00E+00  0.00E+00  0.00E+00  7.00E-28  2.38E-20
             8.26E-17  5.19E-15  1.15E-14  1.02E-14  4.49E-15  1.91E-15  7.39E-16  1.98E-16  7.12E-17
    12       0.00E+00  0.00E+00  0.00E+00  0.00E+00  0.00E+00  0.00E+00  0.00E+00  0.00E+00  5.98E-28  2.08E-20
             7.29E-17  4.61E-15  1.03E-14  9.11E-15  4.00E-15  1.70E-15  6.59E-16  1.76E-16  6.35E-17
    13       0.00E+00  0.00E+00  0.00E+00  0.00E+00  0.00E+00  0.00E+00  0.00E+00  0.00E+00  5.13E-28  1.81E-20
             6.41E-17  4.07E-15  9.09E-15  8.07E-15  3.55E-15  1.51E-15  5.85E-16  1.56E-16  5.63E-17
    14       0.00E+00  0.00E+00  0.00E+00  0.00E+00  0.00E+00  0.00E+00  0.00E+00  0.00E+00  4.42E-28  1.58E-20
             5.63E-17  3.59E-15  8.02E-15  7.13E-15  3.13E-15  1.33E-15  5.16E-16  1.38E-16  4.97E-17
    15       0.00E+00  0.00E+00  0.00E+00  0.00E+00  0.00E+00  0.00E+00  0.00E+00  0.00E+00  3.86E-28  1.40E-20
             5.00E-17  3.20E-15  7.15E-15  6.36E-15  2.80E-15  1.19E-15  4.61E-16  1.23E-16  4.44E-17
    16       0.00E+00  0.00E+00  0.00E+00  0.00E+00  0.00E+00  0.00E+00  0.00E+00  0.00E+00  3.34E-28  1.22E-20
             4.38E-17  2.81E-15  6.28E-15  5.59E-15  2.46E-15  1.05E-15  4.06E-16  1.08E-16  3.90E-17
    17       0.00E+00  0.00E+00  0.00E+00  0.00E+00  0.00E+00  0.00E+00  0.00E+00  0.00E+00  2.53E-28  9.37E-21
             3.39E-17  2.18E-15  4.89E-15  4.35E-15  1.92E-15  8.14E-16  3.16E-16  8.44E-17  3.04E-17
    18       0.00E+00  0.00E+00  0.00E+00  0.00E+00  0.00E+00  0.00E+00  0.00E+00  0.00E+00  1.95E-28  7.28E-21
             2.64E-17  1.71E-15  3.83E-15  3.41E-15  1.50E-15  6.39E-16  2.48E-16  6.62E-17  2.39E-17
    19       0.00E+00  0.00E+00  0.00E+00  0.00E+00  0.00E+00  0.00E+00  0.00E+00  0.00E+00  1.53E-28  5.73E-21
             2.09E-17  1.35E-15  3.04E-15  2.70E-15  1.19E-15  5.07E-16  1.96E-16  5.25E-17  1.89E-17
    20       0.00E+00  0.00E+00  0.00E+00  0.00E+00  0.00E+00  0.00E+00  0.00E+00  0.00E+00  1.08E-28  4.11E-21
             1.50E-17  9.74E-16  2.19E-15  1.95E-15  8.59E-16  3.65E-16  1.42E-16  3.79E-17  1.36E-17
    21       0.00E+00  0.00E+00  0.00E+00  0.00E+00  0.00E+00  0.00E+00  0.00E+00  0.00E+00  7.20E-29  2.74E-21
             1.01E-17  6.54E-16  1.47E-15  1.31E-15  5.77E-16  2.46E-16  9.52E-17  2.55E-17  9.17E-18
    22       0.00E+00  0.00E+00  0.00E+00  0.00E+00  0.00E+00  0.00E+00  0.00E+00  0.00E+00  4.21E-29  1.61E-21
             5.94E-18  3.87E-16  8.70E-16  7.76E-16  3.42E-16  1.45E-16  5.64E-17  1.51E-17  5.43E-18
    23       0.00E+00  0.00E+00  0.00E+00  0.00E+00  0.00E+00  0.00E+00  0.00E+00  0.00E+00  3.08E-29  1.18E-21
             4.36E-18  2.84E-16  6.39E-16  5.70E-16  2.51E-16  1.07E-16  4.14E-17  1.11E-17  3.99E-18
    24       0.00E+00  0.00E+00  0.00E+00  0.00E+00  0.00E+00  0.00E+00  0.00E+00  0.00E+00  2.03E-29  7.81E-22
             2.88E-18  1.88E-16  4.22E-16  3.77E-16  1.66E-16  7.06E-17  2.74E-17  7.33E-18  2.64E-18
    25       0.00E+00  0.00E+00  0.00E+00  0.00E+00  0.00E+00  0.00E+00  0.00E+00  0.00E+00  1.58E-29  6.09E-22
             2.25E-18  1.46E-16  3.30E-16  2.94E-16  1.30E-16  5.51E-17  2.14E-17  5.72E-18  2.06E-18
    26       0.00E+00  0.00E+00  0.00E+00  0.00E+00  0.00E+00  0.00E+00  0.00E+00  0.00E+00  1.13E-29  4.34E-22
             1.60E-18  1.05E-16  2.35E-16  2.10E-16  9.25E-17  3.93E-17  1.53E-17  4.08E-18  1.47E-18
    27       0.00E+00  0.00E+00  0.00E+00  0.00E+00  0.00E+00  0.00E+00  0.00E+00  0.00E+00  8.30E-30  3.20E-22
             1.18E-18  7.71E-17  1.74E-16  1.55E-16  6.82E-17  2.90E-17  1.13E-17  3.01E-18  1.08E-18
    28       0.00E+00  0.00E+00  0.00E+00  0.00E+00  0.00E+00  0.00E+00  0.00E+00  0.00E+00  5.55E-30  2.14E-22
             7.89E-19  5.15E-17  1.16E-16  1.03E-16  4.56E-17  1.94E-17  7.52E-18  2.01E-18  7.24E-19
    29       0.00E+00  0.00E+00  0.00E+00  0.00E+00  0.00E+00  0.00E+00  0.00E+00  0.00E+00  3.62E-30  1.39E-22
             5.15E-19  3.36E-17  7.55E-17  6.74E-17  2.97E-17  1.26E-17  4.90E-18  1.31E-18  4.72E-19
    30       0.00E+00  0.00E+00  0.00E+00  0.00E+00  0.00E+00  0.00E+00  0.00E+00  0.00E+00  1.97E-30  7.56E-23
             2.79E-19  1.82E-17  4.09E-17  3.65E-17  1.61E-17  6.83E-18  2.65E-18  7.09E-19  2.55E-19
    31       0.00E+00  0.00E+00  0.00E+00  0.00E+00  0.00E+00  0.00E+00  0.00E+00  0.00E+00  1.31E-30  5.03E-23
             1.85E-19  1.21E-17  2.72E-17  2.42E-17  1.07E-17  4.54E-18  1.76E-18  4.71E-19  1.70E-19
    32       0.00E+00  0.00E+00  0.00E+00  0.00E+00  0.00E+00  0.00E+00  0.00E+00  0.00E+00  7.56E-31  2.88E-23
             1.06E-19  6.88E-18  1.55E-17  1.38E-17  6.08E-18  2.59E-18  1.00E-18  2.68E-19  9.66E-20
    33       0.00E+00  0.00E+00  0.00E+00  0.00E+00  0.00E+00  0.00E+00  0.00E+00  0.00E+00  5.03E-31  1.91E-23
             7.00E-20  4.55E-18  1.02E-17  9.11E-18  4.02E-18  1.71E-18  6.62E-19  1.77E-19  6.38E-20
    34       0.00E+00  0.00E+00  0.00E+00  0.00E+00  0.00E+00  0.00E+00  0.00E+00  0.00E+00  2.80E-31  1.06E-23
             3.86E-20  2.50E-18  5.62E-18  5.01E-18  2.21E-18  9.39E-19  3.64E-19  9.74E-20  3.51E-20
    35       0.00E+00  0.00E+00  0.00E+00  0.00E+00  0.00E+00  0.00E+00  0.00E+00  0.00E+00  1.80E-31  6.73E-24
             2.45E-20  1.59E-18  3.57E-18  3.18E-18  1.40E-18  5.95E-19  2.31E-19  6.17E-20  2.22E-20
    36       0.00E+00  0.00E+00  0.00E+00  0.00E+00  0.00E+00  0.00E+00  0.00E+00  0.00E+00  9.14E-32  3.39E-24
             1.23E-20  7.96E-19  1.79E-18  1.59E-18  7.01E-19  2.98E-19  1.16E-19  3.09E-20  1.11E-20
    37       0.00E+00  0.00E+00  0.00E+00  0.00E+00  0.00E+00  0.00E+00  0.00E+00  0.00E+00  5.79E-32  2.14E-24
             7.76E-21  5.01E-19  1.12E-18  1.00E-18  4.40E-19  1.87E-19  7.26E-20  1.94E-20  7.00E-21
    38       0.00E+00  0.00E+00  0.00E+00  0.00E+00  0.00E+00  0.00E+00  0.00E+00  0.00E+00  2.90E-32  1.07E-24
             3.85E-21  2.48E-19  5.57E-19  4.96E-19  2.18E-19  9.29E-20  3.60E-20  9.63E-21  3.47E-21
    39       0.00E+00  0.00E+00  0.00E+00  0.00E+00  0.00E+00  0.00E+00  0.00E+00  0.00E+00  1.75E-32  6.44E-25
             2.32E-21  1.50E-19  3.36E-19  2.99E-19  1.32E-19  5.60E-20  2.17E-20  5.80E-21  2.09E-21
    40       0.00E+00  0.00E+00  0.00E+00  0.00E+00  0.00E+00  0.00E+00  0.00E+00  0.00E+00  7.96E-33  2.91E-25
             1.05E-21  6.77E-20  1.52E-19  1.35E-19  5.94E-20  2.53E-20  9.80E-21  2.62E-21  9.44E-22
    41       0.00E+00  0.00E+00  0.00E+00  0.00E+00  0.00E+00  0.00E+00  0.00E+00  0.00E+00  5.14E-33  1.88E-25
             6.79E-22  4.37E-20  9.79E-20  8.71E-20  3.84E-20  1.63E-20  6.33E-21  1.69E-21  6.09E-22
    42       0.00E+00  0.00E+00  0.00E+00  0.00E+00  0.00E+00  0.00E+00  0.00E+00  0.00E+00  2.76E-33  1.01E-25
             3.64E-22  2.35E-20  5.26E-20  4.68E-20  2.06E-20  8.76E-21  3.40E-21  9.08E-22  3.27E-22



    T(K)     ALFT( 1)  ALFT( 2)  ALFT( 3)  ALFT( 4)  ALFT( 5)  ALFT( 6)  ALFT( 7)  ALFT( 8)  ALFT( 9)  ALFT(10)
    ----     --------  --------  --------  --------  --------  --------  --------  --------  --------  --------
  3.60E+02   0.00E+00
  7.20E+02   0.00E+00
  1.80E+03   0.00E+00
  3.60E+03   0.00E+00
  7.20E+03   0.00E+00
  1.80E+04   0.00E+00
  3.60E+04   0.00E+00
  7.20E+04   2.98E-40
  1.80E+05   7.71E-23
  3.60E+05   3.64E-17
  7.20E+05   2.53E-14
  1.80E+06   8.58E-13
  3.60E+06   1.64E-12
  7.20E+06   1.36E-12
  1.80E+07   5.72E-13
  3.60E+07   2.40E-13
  7.20E+07   9.25E-14
  1.80E+08   2.46E-14
  3.60E+08   8.86E-15

C--------------------------------------------------------------------------------------------------------------
C
C He-like target core transitions 1-2 and 2-2                                
C
C--------------------------------------------------------------------------------------------------------------

C---------------------------------------------------------------------------------
C ADAS adf09 DATA - SCCS info: @(#)$Header: /home/adascvs/adas/adf09/mb00#he/mb00#he_o6ic12.dat,v 2.2 2004/07/06 22:36:59 whitefor Exp $ Date $Date: 2004/07/06 22:36:59 $					  
C---------------------------------------------------------------------------------
