  1     1            1s2  1  0 S  0.0  1          0.000       0.000000          0.000       0.000000
  2     2          1s.2s  3  0 S  1.0  3    4524640.000      41.231555    4503970.740      41.043201
  3     2          1s.2s  1  0 S  0.0  1    4588380.000      41.812396    4581225.652      41.747200
  4     3          1s.2p  3  1 P  0.0  1    4585620.760      41.787253    4570690.796      41.651199
  5     3          1s.2p  3  1 P  1.0  3    4585679.579      41.787789    4570690.796      41.651199
  6     3          1s.2p  3  1 P  2.0  5    4586231.185      41.792816    4572095.667      41.664001
  7     3          1s.2p  1  1 P  1.0  3    4629201.000      42.184385    4631090.191      42.201599
  8     4          1s.3s  3  0 S  1.0  3    5338820.000      48.650909    5315148.787      48.435200
  9     4          1s.3s  1  0 S  0.0  1    5356420.000      48.811292    5335516.064      48.620800
 10     5          1s.3p  3  1 P  0.0  1    5355670.000      48.804458    5334111.612      48.608002
 11     5          1s.3p  3  1 P  1.0  3    5355670.000      48.804458    5334111.612      48.608002
 12     5          1s.3p  3  1 P  2.0  5    5355670.000      48.804458    5334111.612      48.608002
 13     5          1s.3p  1  1 P  1.0  3    5368550.000      48.921829    5350264.695      48.755199
 14     6          1s.3d  3  2 D  1.0  3    5364370.000      48.883738    5346050.920      48.716801
 15     6          1s.3d  3  2 D  2.0  5    5364430.000      48.884285    5346050.920      48.716801
 16     6          1s.3d  3  2 D  3.0  7    5364440.000      48.884376    5346050.920      48.716801
 17     6          1s.3d  1  2 D  2.0  5    5365470.000      48.893762    5346753.355      48.723202
 18     7          1s.4s  3  0 S  1.0  3    5616340.000      51.179858    5589755.384      50.937599
 19     7          1s.4s  1  0 S  0.0  1    5623100.000      51.241459    5598183.353      51.014400
 20     8          1s.4p  3  1 P  0.0  1    5622600.000      51.236903    5597480.917      51.007999
 21     8          1s.4p  3  1 P  1.0  3    5622600.000      51.236903    5597480.917      51.007999
 22     8          1s.4p  3  1 P  2.0  5          0.000       0.000000    5597480.917      51.007999
 23     8          1s.4p  1  1 P  1.0  3    5628100.000      51.287023    5603801.998      51.065601
 24     9          1s.4d  3  2 D  1.0  3    5625960.000      51.267521    5602397.128      51.052799
 25     9          1s.4d  3  2 D  2.0  5    5626000.000      51.267886    5602397.128      51.052799
 26     9          1s.4d  3  2 D  3.0  7    5626500.000      51.272442    5602397.128      51.052799
 27     9          1s.4d  1  2 D  2.0  5    5626670.000      51.273991    5602397.128      51.052799
 28    10          1s.4f  3  3 F  2.0  5          0.000       0.000000    5602397.128      51.052799
 29    10          1s.4f  3  3 F  3.0  7          0.000       0.000000    5602397.128      51.052799
 30    10          1s.4f  3  3 F  4.0  9    5626210.000      51.269800    5602397.128      51.052799
 31    10          1s.4f  1  3 F  3.0  7    5626840.000      51.275541    5602397.128      51.052799
 32    11          1s.5s  3  0 S  1.0  3    5742610.000      52.330515    5714768.366      52.076801
 33    11          1s.5s  1  0 S  0.0  1          0.000       0.000000    5718982.141      52.115200
 34    12          1s.5p  3  1 P  0.0  1    5745440.000      52.356303    5718279.706      52.108799
 35    12          1s.5p  3  1 P  1.0  3    5745440.000      52.356303    5718279.706      52.108799
 36    12          1s.5p  3  1 P  2.0  5    5745440.000      52.356303    5718279.706      52.108799
 37    12          1s.5p  1  1 P  1.0  3    5748450.000      52.383733    5721791.464      52.140800
 38    13          1s.5d  3  2 D  1.0  3    5747400.000      52.374164    5721089.029      52.134399
 39    13          1s.5d  3  2 D  2.0  5    5747420.000      52.374346    5721089.029      52.134399
 40    13          1s.5d  3  2 D  3.0  7    5747620.000      52.376169    5721089.029      52.134399
 41    13          1s.5d  1  2 D  2.0  5    5748230.000      52.381728    5721089.029      52.134399
 42    14          1s.5f  3  3 F  2.0  5          0.000       0.000000    5721089.029      52.134399
 43    14          1s.5f  3  3 F  3.0  7          0.000       0.000000    5721089.029      52.134399
 44    14          1s.5f  3  3 F  4.0  9    5747200.000      52.372342    5721089.029      52.134399
 45    14          1s.5f  1  3 F  3.0  7    5747820.000      52.377992    5721089.029      52.134399
 46    15          1s.5g  3  4 G  3.0  7          0.000       0.000000    5721089.029      52.134399
 47    15          1s.5g  3  4 G  4.0  9          0.000       0.000000    5721089.029      52.134399
 48    15          1s.5g  3  4 G  5.0 11          0.000       0.000000    5721089.029      52.134399
 49    15          1s.5g  1  4 G  4.0  9          0.000       0.000000    5721089.029      52.134399
 -1
%filename: o_7.elvlc
%observed energy levels: Martin,W.C., Sugar,J., Musgrove,A., Dalton,G.R., 1995,
     NIST Database for Atomic Spectroscopy, Version 1.0, NIST Standard Reference Database 61
%observed energy levels (2s2p 3P): Chen, M.H., Cheng, K.T., Johnson, W.R., 1993, Ph.Rev.A, 47, 3692
%theoretical energy levels: Sampson, D.H., Goett, S.J., Clark, R.E.H., 1983, ADNDT, 29, 467
%produced as part of the Arcetri/Cambridge/NRL 'CHIANTI' atomic data base collaboration
%
% K.P.Dere and E.Landi 2000
 -1

p
qq
    1    2        22.1012      0.000e+00      1.046e+03                1s2 1S0.0 -               1s.2s 3S1.0     
    1    3         0.0000      0.000e+00      2.306e+06                1s2 1S0.0 -               1s.2s 1S0.0     
    1    5        21.8071      1.241e-04      5.800e+08                1s2 1S0.0 -               1s.2p 3P1.0     
    1    6        21.8044      0.000e+00      3.330e+05                1s2 1S0.0 -               1s.2p 3P2.0     
    1    7        21.6020      6.798e-01      3.237e+12                1s2 1S0.0 -               1s.2p 1P1.0     
    1   11        18.6718      2.230e-05      1.421e+08                1s2 1S0.0 -               1s.3p 3P1.0     
    1   13        18.6270      1.461e-01      9.357e+11                1s2 1S0.0 -               1s.3p 1P1.0     
    1   21        17.7854      8.736e-06      6.137e+07                1s2 1S0.0 -               1s.4p 3P1.0     
    1   23        17.7680      4.813e-02      3.388e+11                1s2 1S0.0 -               1s.4p 1P1.0     
    1   35        17.4051      4.329e-06      3.176e+07                1s2 1S0.0 -               1s.5p 3P1.0     
    1   37        17.3960      2.307e-02      1.694e+11                1s2 1S0.0 -               1s.5p 1P1.0     
    2    4      1639.8615      2.910e-01      8.070e+07              1s.2s 3S1.0 -               1s.2p 3P0.0     
    2    5      1638.2813      2.910e-01      8.070e+07              1s.2s 3S1.0 -               1s.2p 3P1.0     
    2    6      1623.6090      2.940e-01      8.310e+07              1s.2s 3S1.0 -               1s.2p 3P2.0     
    2   10       120.3328      1.158e-01      5.331e+10              1s.2s 3S1.0 -               1s.3p 3P0.0     
    2   11       120.3328      3.474e-01      5.331e+10              1s.2s 3S1.0 -               1s.3p 3P1.0     
    2   12       120.3328      5.790e-01      5.331e+10              1s.2s 3S1.0 -               1s.3p 3P2.0     
    2   13       118.4963      5.157e-05      8.162e+06              1s.2s 3S1.0 -               1s.3p 1P1.0     
    2   20        91.0782      2.643e-02      2.124e+10              1s.2s 3S1.0 -               1s.4p 3P0.0     
    2   21        91.0782      7.927e-02      2.124e+10              1s.2s 3S1.0 -               1s.4p 3P1.0     
    2   22       -91.4488      1.321e-01      2.106e+10              1s.2s 3S1.0 -               1s.4p 3P2.0     
    2   23        90.6242      1.449e-05      3.921e+06              1s.2s 3S1.0 -               1s.4p 1P1.0     
    2   34        81.9137      1.069e-02      1.062e+10              1s.2s 3S1.0 -               1s.5p 3P0.0     
    2   35        81.9137      3.207e-02      1.062e+10              1s.2s 3S1.0 -               1s.5p 3P1.0     
    2   36        81.9137      5.345e-02      1.062e+10              1s.2s 3S1.0 -               1s.5p 3P2.0     
    2   37        81.7122      6.036e-06      2.009e+06              1s.2s 3S1.0 -               1s.5p 1P1.0     
    3    7      2449.7241      6.640e-02      2.459e+07              1s.2s 1S0.0 -               1s.2p 1P1.0     
    3   11       130.3291      4.588e-05      6.002e+06              1s.2s 1S0.0 -               1s.3p 3P1.0     
    3   13       128.1774      3.734e-01      5.051e+10              1s.2s 1S0.0 -               1s.3p 1P1.0     
    3   21        96.6914      1.338e-05      3.180e+06              1s.2s 1S0.0 -               1s.4p 3P1.0     
    3   23        96.1799      7.413e-02      1.781e+10              1s.2s 1S0.0 -               1s.4p 1P1.0     
    3   35        86.4261      5.635e-05      1.676e+07              1s.2s 1S0.0 -               1s.5p 3P1.0     
    3   37        86.2019      3.012e-02      9.008e+09              1s.2s 1S0.0 -               1s.5p 1P1.0     
    4    8       132.7673      1.508e-03      1.901e+08              1s.2p 3P0.0 -               1s.3s 3S1.0     
    4   14       128.4113      6.670e-01      8.989e+10              1s.2p 3P0.0 -               1s.3d 3D1.0     
    4   18        97.0198      3.380e-04      7.980e+07              1s.2p 3P0.0 -               1s.4s 3S1.0     
    4   24        96.1227      1.352e-02      3.252e+09              1s.2p 3P0.0 -               1s.4d 3D1.0     
    4   32        86.4314      1.346e-04      4.004e+07              1s.2p 3P0.0 -               1s.5s 3S1.0     
    4   38        86.0751      4.925e-03      1.477e+09              1s.2p 3P0.0 -               1s.5d 3D1.0     
    5    8       132.7776      1.358e-02      1.712e+09              1s.2p 3P1.0 -               1s.3s 3S1.0     
    5   14       128.4210      4.998e-01      6.735e+10              1s.2p 3P1.0 -               1s.3d 3D1.0     
    5   15       128.4111      1.508e+00      1.219e+11              1s.2p 3P1.0 -               1s.3d 3D2.0     
    5   18        97.0253      3.042e-03      7.181e+08              1s.2p 3P1.0 -               1s.4s 3S1.0     
    5   24        96.1281      3.044e-02      7.320e+09              1s.2p 3P1.0 -               1s.4d 3D1.0     
    5   25        96.1244      9.135e-02      1.318e+10              1s.2p 3P1.0 -               1s.4d 3D2.0     
    5   32        86.4358      1.212e-03      3.605e+08              1s.2p 3P1.0 -               1s.5s 3S1.0     
    5   38        86.0794      1.109e-02      3.326e+09              1s.2p 3P1.0 -               1s.5d 3D1.0     
    5   39        86.0779      3.328e-02      5.989e+09              1s.2p 3P1.0 -               1s.5d 3D2.0     
    6    8       132.8749      3.778e-02      4.755e+09              1s.2p 3P2.0 -               1s.3s 3S1.0     
    6   15       128.5021      5.050e-01      4.078e+10              1s.2p 3P2.0 -               1s.3d 3D2.0     
    6   16       128.5004      2.781e+00      8.751e+10              1s.2p 3P2.0 -               1s.3d 3D3.0     
    6   14       128.5120      3.330e-02      4.481e+09              1s.2p 3P2.0 -               1s.3d 3D1.0     
    6   18        97.0773      8.465e-03      1.996e+09              1s.2p 3P2.0 -               1s.4s 3S1.0     
    6   24        96.1791      1.522e-01      3.656e+10              1s.2p 3P2.0 -               1s.4d 3D1.0     
    6   25        96.1754      5.073e-02      7.313e+09              1s.2p 3P2.0 -               1s.4d 3D2.0     
    6   26        96.1292      2.844e-01      2.931e+10              1s.2p 3P2.0 -               1s.4d 3D3.0     
    6   32        86.4770      3.372e-03      1.002e+09              1s.2p 3P2.0 -               1s.5s 3S1.0     
    6   38        86.1203      5.546e-02      1.662e+10              1s.2p 3P2.0 -               1s.5d 3D1.0     
    6   39        86.1188      1.848e-02      3.322e+09              1s.2p 3P2.0 -               1s.5d 3D2.0     
    6   40        86.1040      1.036e-01      1.331e+10              1s.2p 3P2.0 -               1s.5d 3D3.0     
    7    9       137.5104      4.077e-02      1.437e+10              1s.2p 1P1.0 -               1s.3s 1S0.0     
    7   17       135.8202      2.115e+00      1.529e+11              1s.2p 1P1.0 -               1s.3d 1D2.0     
    7   19       100.6140      9.135e-03      6.016e+09              1s.2p 1P1.0 -               1s.4s 1S0.0     
    7   27       100.2539      3.654e-01      4.847e+10              1s.2p 1P1.0 -               1s.4d 1D2.0     
    7   33       -91.9211      3.639e-03      2.871e+09              1s.2p 1P1.0 -               1s.5s 1S0.0     
    7   41        89.3633      1.331e-01      2.222e+10              1s.2p 1P1.0 -               1s.5d 1D2.0     
    8   20       352.3863      1.614e-01      8.665e+09              1s.3s 3S1.0 -               1s.4p 3P0.0     
    8   21       352.3863      4.842e-01      8.665e+09              1s.3s 3S1.0 -               1s.4p 3P1.0     
    8   22      -354.1936      8.085e-01      8.593e+09              1s.3s 3S1.0 -               1s.4p 3P2.0     
    8   34       245.9303      4.029e-02      4.441e+09              1s.3s 3S1.0 -               1s.5p 3P0.0     
    8   35       245.9303      1.209e-01      4.442e+09              1s.3s 3S1.0 -               1s.5p 3P1.0     
    8   36       245.9303      2.018e-01      4.449e+09              1s.3s 3S1.0 -               1s.5p 3P2.0     
    9   23       368.0808      4.847e-01      7.950e+09              1s.3s 1S0.0 -               1s.4p 1P1.0     
    9   37       255.0830      1.210e-01      4.132e+09              1s.3s 1S0.0 -               1s.5p 1P1.0     
   10   14     11494.2744      3.730e-02      6.274e+05              1s.3p 3P0.0 -               1s.3d 3D1.0     
   10   18       383.6275      3.580e-03      5.406e+07              1s.3p 3P0.0 -               1s.4s 3S1.0     
   10   24       369.9737      6.863e-02      1.114e+09              1s.3p 3P0.0 -               1s.4d 3D1.0     
   10   32       258.4385      8.245e-04      2.743e+07              1s.3p 3P0.0 -               1s.5s 3S1.0     
   10   38       255.2783      1.545e-02      5.269e+08              1s.3p 3P0.0 -               1s.5d 3D1.0     
   11   14     11494.2744      2.796e-02      4.703e+05              1s.3p 3P1.0 -               1s.3d 3D1.0     
   11   15     11415.5459      8.280e-02      8.472e+05              1s.3p 3P1.0 -               1s.3d 3D2.0     
   11   18       383.6275      3.222e-02      4.865e+08              1s.3p 3P1.0 -               1s.4s 3S1.0     
   11   24       369.9737      1.545e-01      2.508e+09              1s.3p 3P1.0 -               1s.4d 3D1.0     
   11   25       369.9189      4.637e-01      4.518e+09              1s.3p 3P1.0 -               1s.4d 3D2.0     
   11   32       258.4385      7.421e-03      2.469e+08              1s.3p 3P1.0 -               1s.5s 3S1.0     
   11   38       255.2783      3.479e-02      1.186e+09              1s.3p 3P1.0 -               1s.5d 3D1.0     
   11   39       255.2653      1.044e-01      2.136e+09              1s.3p 3P1.0 -               1s.5d 3D2.0     
   12   16     11402.5293      1.540e-01      1.128e+06              1s.3p 3P2.0 -               1s.3d 3D3.0     
   12   15     11415.5459      2.750e-02      2.814e+05              1s.3p 3P2.0 -               1s.3d 3D2.0     
   12   14     11494.2744      1.865e-03      3.137e+04              1s.3p 3P2.0 -               1s.3d 3D1.0     
   12   18       383.6275      8.965e-02      1.354e+09              1s.3p 3P2.0 -               1s.4s 3S1.0     
   12   24       369.9737      7.729e-01      1.255e+10              1s.3p 3P2.0 -               1s.4d 3D1.0     
   12   25       369.9189      2.575e-01      2.509e+09              1s.3p 3P2.0 -               1s.4d 3D2.0     
   12   26       369.2360      1.444e+00      1.009e+10              1s.3p 3P2.0 -               1s.4d 3D3.0     
   12   32       258.4385      2.065e-02      6.871e+08              1s.3p 3P2.0 -               1s.5s 3S1.0     
   12   38       255.2783      1.740e-01      5.933e+09              1s.3p 3P2.0 -               1s.5d 3D1.0     
   12   39       255.2653      5.798e-02      1.186e+09              1s.3p 3P2.0 -               1s.5d 3D2.0     
   12   40       255.1351      3.250e-01      4.755e+09              1s.3p 3P2.0 -               1s.5d 3D3.0     
   13   19       392.8509      9.675e-02      4.179e+09              1s.3p 1P1.0 -               1s.4s 1S0.0     
   13   27       387.4174      1.855e+00      1.648e+10              1s.3p 1P1.0 -               1s.4d 1D2.0     
   13   33      -271.2108      2.228e-02      2.019e+09              1s.3p 1P1.0 -               1s.5s 1S0.0     
   13   41       263.3802      4.176e-01      8.027e+09              1s.3p 1P1.0 -               1s.5d 1D2.0     
   14   20       387.2524      3.660e-03      1.627e+08              1s.3d 3D1.0 -               1s.4p 3P0.0     
   14   21       387.2524      2.746e-03      4.069e+07              1s.3d 3D1.0 -               1s.4p 3P1.0     
   14   22      -397.7257      8.243e-03      6.948e+07              1s.3d 3D1.0 -               1s.4p 3P2.0     
   14   28      -390.0985      6.108e-01      5.352e+09              1s.3d 3D1.0 -               1s.4f 3F2.0     
   14   34       262.4195      7.359e-04      7.124e+07              1s.3d 3D1.0 -               1s.5p 3P0.0     
   14   35       262.4195      5.523e-04      1.782e+07              1s.3d 3D1.0 -               1s.5p 3P1.0     
   14   36       262.4195      1.658e-03      3.210e+07              1s.3d 3D1.0 -               1s.5p 3P2.0     
   14   42      -266.6401      9.396e-02      1.762e+09              1s.3d 3D1.0 -               1s.5f 3F2.0     
   15   21       387.3424      1.374e-02      2.035e+08              1s.3d 3D2.0 -               1s.4p 3P1.0     
   15   22      -397.7257      4.577e-03      3.858e+07              1s.3d 3D2.0 -               1s.4p 3P2.0     
   15   28      -390.0985      1.883e-01      1.650e+09              1s.3d 3D2.0 -               1s.4f 3F2.0     
   15   29      -390.0985      1.508e+00      9.438e+09              1s.3d 3D2.0 -               1s.4f 3F3.0     
   15   35       262.4608      2.763e-03      8.913e+07              1s.3d 3D2.0 -               1s.5p 3P1.0     
   15   36       262.4608      9.205e-04      1.782e+07              1s.3d 3D2.0 -               1s.5p 3P2.0     
   15   42      -266.6401      2.897e-02      5.433e+08              1s.3d 3D2.0 -               1s.5f 3F2.0     
   15   43      -266.6401      2.320e-01      3.108e+09              1s.3d 3D2.0 -               1s.5f 3F3.0     
   16   22      -397.7257      3.593e-02      3.029e+08              1s.3d 3D3.0 -               1s.4p 3P2.0     
   16   28      -390.0985      3.691e-01      3.234e+09              1s.3d 3D3.0 -               1s.4f 3F2.0     
   16   29      -390.0985      2.637e-01      1.650e+09              1s.3d 3D3.0 -               1s.4f 3F3.0     
   16   30       382.0154      3.054e+00      1.550e+10              1s.3d 3D3.0 -               1s.4f 3F4.0     
   16   36       262.4677      7.224e-03      1.398e+08              1s.3d 3D3.0 -               1s.5p 3P2.0     
   16   42      -266.6401      5.678e-02      1.065e+09              1s.3d 3D3.0 -               1s.5f 3F2.0     
   16   43      -266.6401      4.056e-02      5.433e+08              1s.3d 3D3.0 -               1s.5f 3F3.0     
   16   44       261.2608      4.698e-01      5.098e+09              1s.3d 3D3.0 -               1s.5f 3F4.0     
   17   23       380.7645      5.495e-02      8.423e+08              1s.3d 1D2.0 -               1s.4p 1P1.0     
   17   31       382.6001      5.090e+00      3.312e+10              1s.3d 1D2.0 -               1s.4f 1F3.0     
   17   37       261.1107      1.105e-02      3.602e+08              1s.3d 1D2.0 -               1s.5p 1P1.0     
   17   45       261.5410      7.830e-01      1.090e+10              1s.3d 1D2.0 -               1s.5f 1F3.0     
   18   34       774.5948      1.812e-01      2.013e+09              1s.4s 3S1.0 -               1s.5p 3P0.0     
   18   35       774.5948      5.437e-01      2.014e+09              1s.4s 3S1.0 -               1s.5p 3P1.0     
   18   36       774.5948      9.077e-01      2.017e+09              1s.4s 3S1.0 -               1s.5p 3P2.0     
   19   37       797.7677      5.442e-01      1.900e+09              1s.4s 1S0.0 -               1s.5p 1P1.0     
   20   32       833.2654      5.873e-03      1.880e+07              1s.4p 3P0.0 -               1s.5s 3S1.0     
   20   38       801.2835      6.763e-02      2.341e+08              1s.4p 3P0.0 -               1s.5d 3D1.0     
   21   32       833.2654      5.286e-02      1.692e+08              1s.4p 3P1.0 -               1s.5s 3S1.0     
   21   38       801.2835      1.523e-01      5.271e+08              1s.4p 3P1.0 -               1s.5d 3D1.0     
   21   39       801.1552      4.570e-01      9.493e+08              1s.4p 3P1.0 -               1s.5d 3D2.0     
   22   32      -852.6074      1.471e-01      4.497e+08              1s.4p 3P2.0 -               1s.5s 3S1.0     
   22   38      -809.0106      7.616e-01      2.586e+09              1s.4p 3P2.0 -               1s.5d 3D1.0     
   22   39      -809.0106      2.538e-01      5.170e+08              1s.4p 3P2.0 -               1s.5d 3D2.0     
   22   40      -809.0106      1.423e+00      2.071e+09              1s.4p 3P2.0 -               1s.5d 3D3.0     
   23   33      -868.2079      1.587e-01      1.404e+09              1s.4p 1P1.0 -               1s.5s 1S0.0     
   23   41       832.4330      1.828e+00      3.517e+09              1s.4p 1P1.0 -               1s.5d 1D2.0     
   24   34       836.9617      9.264e-03      8.816e+07              1s.4d 3D1.0 -               1s.5p 3P0.0     
   24   35       836.9617      6.952e-03      2.205e+07              1s.4d 3D1.0 -               1s.5p 3P1.0     
   24   36       836.9617      2.087e-02      3.972e+07              1s.4d 3D1.0 -               1s.5p 3P2.0     
   24   42      -842.5183      5.342e-01      1.003e+09              1s.4d 3D1.0 -               1s.5f 3F2.0     
   25   35       837.2420      3.478e-02      1.103e+08              1s.4d 3D2.0 -               1s.5p 3P1.0     
   25   36       837.2420      1.159e-02      2.205e+07              1s.4d 3D2.0 -               1s.5p 3P2.0     
   25   42      -842.5183      1.647e-01      3.094e+08              1s.4d 3D2.0 -               1s.5f 3F2.0     
   25   43      -842.5183      1.319e+00      1.770e+09              1s.4d 3D2.0 -               1s.5f 3F3.0     
   26   36       840.7616      9.094e-02      1.715e+08              1s.4d 3D3.0 -               1s.5p 3P2.0     
   26   42      -842.5183      3.228e-01      6.063e+08              1s.4d 3D3.0 -               1s.5f 3F2.0     
   26   43      -842.5183      2.306e-01      3.094e+08              1s.4d 3D3.0 -               1s.5f 3F3.0     
   26   44       828.5020      2.671e+00      2.882e+09              1s.4d 3D3.0 -               1s.5f 3F4.0     
   27   37       821.1544      1.391e-01      4.584e+08              1s.4d 1D2.0 -               1s.5p 1P1.0     
   27   45       825.4246      4.451e+00      6.222e+09              1s.4d 1D2.0 -               1s.5f 1F3.0     
   28   38      -842.5183      8.871e-03      2.777e+07              1s.4f 3F2.0 -               1s.5d 3D1.0     
   28   39      -842.5183      1.641e-03      3.082e+06              1s.4f 3F2.0 -               1s.5d 3D2.0     
   28   40      -842.5183      2.298e-03      3.083e+06              1s.4f 3F2.0 -               1s.5d 3D3.0     
   28   46      -842.5183      1.602e+00      2.149e+09              1s.4f 3F2.0 -               1s.5g 3G3.0     
   29   39      -842.5183      1.840e-02      3.456e+07              1s.4f 3F3.0 -               1s.5d 3D2.0     
   29   40      -842.5183      2.298e-03      3.083e+06              1s.4f 3F3.0 -               1s.5d 3D3.0     
   29   46      -842.5183      1.960e-01      2.630e+08              1s.4f 3F3.0 -               1s.5g 3G3.0     
   29   47      -842.5183      2.290e+00      2.390e+09              1s.4f 3F3.0 -               1s.5g 3G4.0     
   30   40       823.6569      3.422e-02      4.804e+07              1s.4f 3F4.0 -               1s.5d 3D3.0     
   30   46      -842.5183      3.998e-03      5.364e+06              1s.4f 3F4.0 -               1s.5g 3G3.0     
   30   47      -842.5183      1.526e-01      1.592e+08              1s.4f 3F4.0 -               1s.5g 3G4.0     
   30   48      -842.5183      4.935e+00      4.214e+09              1s.4f 3F4.0 -               1s.5g 3G5.0     
   31   41       823.7926      6.210e-02      1.220e+08              1s.4f 1F3.0 -               1s.5d 1D2.0     
   31   49      -842.5183      9.422e+00      9.832e+09              1s.4f 1F3.0 -               1s.5g 1G4.0     
qqqqq
 -1
%filename: o_7.wgfa
%observed energy levels: Martin,W.C., Sugar,J., Musgrove,A., Dalton,G.R., 1995,
   NIST Database for Atomic Spectroscopy, Version 1.0, NIST Standard Reference Database 61
%observed energy levels (2s.2p 3P): Chen, M.H., Cheng, K.T., Johnson, W.R., 1993, Ph.Rev.A, 47, 3692
%theoretical energy levels: Sampson, D.H., Goett, S.J., Clark, R.E.H., 1983, ADNDT, 29, 467
%oscillator strengths and A values: Wiese W.L., Fuhr J.R., 1995, 
   NIST Database for Atomic Spectroscopy, Version 1.0, NIST Standard Reference Database 61
%A values (1-2): Crespo Lopez-Urrutia, J.R., Beiersdorfer, P., Savin, D.W., Widmann, K., 1998, Phys. Rev. A, 58, 238
%A values (1-3, 2-phot): Drake, G.W.F., Phys Rev A, 1986, 34, 2871
%A values (1-5): Engstroem, L., Jupen, C., Denne, B., et al., 1981, Phys. Scr., 22, 570
%A values (1-6; 2-4,5,6): Lin, C.D., Johnson, W.R., Dalgarno, A., Phys Rev A, 1977, 15, 154
%oscillator strengths: Sampson, D.H., Goett, S.J., Clark, R.E.H., 1983, ADNDT, 29, 467,  Hydrogenic values
%oscillator strengths: Wiese, W.L., Smith, M.W., Glennon, B.M., 1966, Atomic Transition Probabilities, NSRDS-NBS-4
%comment: Wiese's oscillator strengths are hydrogenic
%produced as part of the Arcetri/Cambridge/NRL 'CHIANTI' atomic data base collaboration
%
% K.P.Dere and E.Landi - Apr 2005
qq
  8  7  1  2  2 0.000e+00 4.104e+01 2.000e-01 3.616e-03 5.063e-03 4.555e-03 3.232e-03 1.209e-03
  8  7  1  3  2 0.000e+00 4.175e+01 1.000e-01 7.002e-03 7.676e-03 8.196e-03 8.626e-03 1.031e-02
  8  7  1  4  3 0.000e+00 4.165e+01 2.000e-01 2.484e-03 2.883e-03 2.780e-03 2.602e-03 2.494e-03
  8  7  1  5  3 0.000e+00 4.165e+01 2.000e-01 7.484e-03 8.635e-03 8.362e-03 7.807e-03 7.505e-03
  8  7  1  6  2 0.000e+00 4.166e+01 2.000e-01 1.258e-02 1.348e-02 1.157e-02 8.118e-03 2.400e-03
  8  7  1  7  1 6.798e-01 4.220e+01 1.300e+00 1.996e-02 2.520e-02 3.155e-02 4.412e-02 6.443e-02
  8  7  1  8  3 0.000e+00 4.844e+01 1.700e+00 1.079e-03 1.077e-03 1.171e-03 1.333e-03 1.682e-03
  8  7  1  9  2 0.000e+00 4.862e+01 1.700e+00 1.543e-03 1.942e-03 2.246e-03 2.550e-03 2.934e-03
  8  7  1 10  3 0.000e+00 4.861e+01 1.700e+00 6.630e-04 5.866e-04 5.880e-04 6.156e-04 6.974e-04
  8  7  1 11  4 2.230e-05 4.861e+01 1.700e+00 3.759e-03 1.921e-03 7.631e-04 1.120e-04 0.000e+00
  8  7  1 12  3 0.000e+00 4.861e+01 1.700e+00 4.641e-03 4.106e-03 4.116e-03 4.309e-03 4.884e-03
  8  7  1 13  1 1.322e-01 4.876e+01 2.500e+00 3.629e-03 7.637e-03 9.867e-03 1.104e-02 1.086e-02
  8  7  1 14  3 0.000e+00 4.872e+01 1.300e+00 2.426e-04 1.903e-04 1.726e-04 1.647e-04 1.710e-04
  8  7  1 15  2 0.000e+00 4.872e+01 7.000e-01 4.089e-04 2.791e-04 1.804e-04 9.478e-05 1.204e-05
  8  7  1 16  3 0.000e+00 4.872e+01 7.000e-01 5.746e-04 4.802e-04 4.246e-04 3.889e-04 3.933e-04
  8  7  1 17  2 0.000e+00 4.872e+01 1.700e+00 1.137e-04 4.303e-04 7.561e-04 1.126e-03 1.732e-03
  8  7  1 18  3 0.000e+00 5.094e+01 1.700e+00 4.424e-04 4.349e-04 4.681e-04 5.282e-04 6.581e-04
  8  7  1 19  2 0.000e+00 5.101e+01 1.700e+00 5.563e-04 7.120e-04 8.288e-04 9.449e-04 1.090e-03
  8  7  1 20  3 0.000e+00 5.101e+01 1.700e+00 2.698e-04 2.347e-04 2.335e-04 2.426e-04 2.729e-04
  8  7  1 21  3 8.736e-06 5.101e+01 1.700e+00 8.096e-04 7.047e-04 7.033e-04 7.360e-04 8.608e-04
  8  7  1 22  3 0.000e+00 5.101e+01 1.700e+00 1.889e-03 1.643e-03 1.635e-03 1.698e-03 1.911e-03
  8  7  1 23  1 4.813e-02 5.107e+01 2.500e+00 1.243e-03 2.767e-03 3.572e-03 3.948e-03 3.775e-03
  8  7  1 24  3 0.000e+00 5.105e+01 7.000e-01 1.347e-04 1.115e-04 9.784e-05 8.914e-05 8.933e-05
  8  7  1 25  2 0.000e+00 5.105e+01 7.000e-01 2.230e-04 1.508e-04 9.651e-05 4.971e-05 4.256e-06
  8  7  1 26  3 0.000e+00 5.105e+01 7.000e-01 3.142e-04 2.600e-04 2.283e-04 2.079e-04 2.086e-04
  8  7  1 27  2 0.000e+00 5.105e+01 2.700e+00 8.402e-05 3.011e-04 4.825e-04 6.742e-04 9.380e-04
  8  7  1 28  3 0.000e+00 5.105e+01 7.000e-01 1.101e-05 8.349e-06 6.781e-06 5.754e-06 5.168e-06
  8  7  1 29  2 0.000e+00 5.105e+01 7.000e-01 1.347e-05 9.035e-06 6.667e-06 5.200e-06 5.081e-06
  8  7  1 30  3 0.000e+00 5.105e+01 7.000e-01 1.984e-05 1.500e-05 1.222e-05 1.034e-05 9.334e-06
  8  7  1 31  2 0.000e+00 5.105e+01 1.000e+00 1.104e-05 8.069e-06 7.842e-06 8.393e-06 1.088e-05
  8  7  1 32  3 0.000e+00 5.208e+01 1.700e+00 2.238e-04 2.183e-04 2.339e-04 2.629e-04 3.258e-04
  8  7  1 33  2 0.000e+00 5.212e+01 1.700e+00 2.651e-04 3.423e-04 3.997e-04 4.565e-04 5.275e-04
  8  7  1 34  3 0.000e+00 5.211e+01 7.000e-01 1.381e-04 1.241e-04 1.175e-04 1.156e-04 1.310e-04
  8  7  1 35  3 4.329e-06 5.211e+01 1.700e+00 4.080e-04 3.524e-04 3.505e-04 3.655e-04 4.254e-04
  8  7  1 36  3 0.000e+00 5.211e+01 7.000e-01 9.668e-04 8.686e-04 8.230e-04 8.091e-04 9.180e-04
  8  7  1 37  1 2.307e-02 5.214e+01 2.500e+00 5.779e-04 1.323e-03 1.708e-03 1.877e-03 1.772e-03
  8  7  1 38  3 0.000e+00 5.213e+01 7.000e-01 7.419e-05 6.120e-05 5.353e-05 4.865e-05 4.857e-05
  8  7  1 39  2 0.000e+00 5.213e+01 7.000e-01 1.235e-04 8.303e-05 5.283e-05 2.701e-05 1.976e-06
  8  7  1 40  3 0.000e+00 5.213e+01 7.000e-01 1.731e-04 1.428e-04 1.249e-04 1.135e-04 1.134e-04
  8  7  1 41  2 0.000e+00 5.213e+01 2.700e+00 4.366e-05 1.595e-04 2.552e-04 3.555e-04 4.990e-04
  8  7  1 42  3 0.000e+00 5.213e+01 7.000e-01 8.679e-06 6.558e-06 5.315e-06 4.501e-06 4.035e-06
  8  7  1 43  2 0.000e+00 5.213e+01 7.000e-01 1.083e-05 7.126e-06 5.060e-06 3.707e-06 3.262e-06
  8  7  1 44  3 0.000e+00 5.213e+01 7.000e-01 1.563e-05 1.181e-05 9.569e-06 8.105e-06 7.263e-06
  8  7  1 45  2 0.000e+00 5.213e+01 1.000e+00 8.392e-06 6.249e-06 6.239e-06 6.822e-06 8.941e-06
  8  7  1 46  3 0.000e+00 5.213e+01 3.000e-01 2.365e-07 1.961e-07 1.558e-07 1.163e-07 7.683e-08
  8  7  1 47  3 0.000e+00 5.213e+01 7.000e-01 2.704e-07 1.961e-07 1.618e-07 1.549e-07 1.702e-07
  8  7  1 48  3 0.000e+00 5.213e+01 7.000e-01 3.701e-07 2.568e-07 1.906e-07 1.522e-07 1.226e-07
  8  7  1 49  2 0.000e+00 5.213e+01 7.000e-01 2.622e-07 1.573e-07 9.680e-08 6.087e-08 2.461e-08
  8  7  2  3  2 0.000e+00 7.040e-01 9.000e+00 2.365e-02 4.846e-02 4.472e-02 2.899e-02 8.005e-03
  8  7  2  4  1 3.233e-02 6.080e-01 4.000e+00 7.518e-01 5.771e-01 4.203e-01 3.229e-01 2.127e-01
  8  7  2  5  1 9.700e-02 6.080e-01 4.000e+00 2.315e+00 1.733e+00 1.257e+00 9.703e-01 6.383e-01
  8  7  2  6  1 1.633e-01 6.208e-01 5.000e+00 3.777e+00 2.655e+00 1.950e+00 1.577e+00 1.052e+00
  8  7  2  7  3 0.000e+00 1.158e+00 5.000e+00 0.000e+00 2.728e-01 5.599e-01 8.403e-01 1.279e+00
  8  7  2  8  2 0.000e+00 7.392e+00 3.700e+00 2.424e-01 2.636e-01 2.775e-01 2.885e-01 3.046e-01
  8  7  2  9  3 0.000e+00 7.578e+00 4.700e+00 6.127e-03 7.106e-03 8.445e-03 9.789e-03 1.216e-02
  8  7  2 10  1 9.967e-02 7.565e+00 2.500e+00 1.614e-02 2.234e-02 2.885e-02 3.859e-02 5.286e-02
  8  7  2 11  1 2.990e-01 7.565e+00 3.500e+00 4.988e-02 7.635e-02 9.861e-02 1.263e-01 1.582e-01
  8  7  2 12  1 4.985e-01 7.565e+00 3.500e+00 8.314e-02 1.273e-01 1.644e-01 2.105e-01 2.638e-01
  8  7  2 13  4 5.157e-05 7.712e+00 2.700e+00 1.412e-02 6.071e-03 1.824e-03 1.259e-04 5.943e-05
  8  7  2 14  2 0.000e+00 7.674e+00 3.700e+00 6.177e-02 7.844e-02 9.465e-02 1.116e-01 1.405e-01
  8  7  2 15  2 0.000e+00 7.674e+00 3.700e+00 1.435e-01 1.819e-01 2.196e-01 2.588e-01 3.278e-01
  8  7  2 16  2 0.000e+00 7.674e+00 3.700e+00 2.018e-01 2.562e-01 3.092e-01 3.645e-01 4.588e-01
  8  7  2 17  2 0.000e+00 7.680e+00 1.700e+00 4.615e-02 3.202e-02 2.099e-02 1.179e-02 1.770e-03
  8  7  2 18  2 0.000e+00 9.894e+00 3.700e+00 4.692e-02 5.149e-02 5.417e-02 5.630e-02 5.851e-02
  8  7  2 19  3 0.000e+00 9.971e+00 3.700e+00 2.165e-03 2.162e-03 2.414e-03 2.691e-03 3.264e-03
  8  7  2 20  1 2.643e-02 9.965e+00 3.500e+00 4.388e-03 6.496e-03 7.873e-03 9.309e-03 1.062e-02
  8  7  2 21  1 7.927e-02 9.965e+00 3.500e+00 1.316e-02 1.949e-02 2.362e-02 2.792e-02 3.184e-02
  8  7  2 22  1 1.321e-01 9.965e+00 2.500e+00 2.126e-02 2.900e-02 3.577e-02 4.403e-02 5.327e-02
  8  7  2 23  3 1.449e-05 1.002e+01 3.700e+00 5.383e-03 5.451e-03 6.001e-03 6.620e-03 7.941e-03
  8  7  2 24  2 0.000e+00 1.001e+01 3.700e+00 1.111e-02 1.257e-02 1.428e-02 1.599e-02 1.855e-02
  8  7  2 25  2 0.000e+00 1.001e+01 3.700e+00 2.586e-02 2.923e-02 3.320e-02 3.717e-02 4.329e-02
  8  7  2 26  2 0.000e+00 1.001e+01 3.700e+00 3.628e-02 4.106e-02 4.664e-02 5.224e-02 6.062e-02
  8  7  2 27  3 0.000e+00 1.001e+01 4.700e+00 1.320e-02 1.402e-02 1.625e-02 1.892e-02 2.491e-02
  8  7  2 28  2 0.000e+00 1.001e+01 3.700e+00 8.001e-03 9.032e-03 9.985e-03 1.087e-02 1.228e-02
  8  7  2 29  2 0.000e+00 1.001e+01 3.700e+00 1.053e-02 9.795e-03 1.011e-02 1.054e-02 1.165e-02
  8  7  2 30  2 0.000e+00 1.001e+01 3.700e+00 1.440e-02 1.626e-02 1.798e-02 1.956e-02 2.212e-02
  8  7  2 31  2 0.000e+00 1.001e+01 2.200e+00 1.017e-02 7.379e-03 6.207e-03 5.528e-03 5.479e-03
  8  7  2 32  2 0.000e+00 1.103e+01 3.700e+00 1.778e-02 1.956e-02 2.059e-02 2.141e-02 2.225e-02
  8  7  2 33  3 0.000e+00 1.107e+01 2.700e+00 1.044e-03 9.742e-04 1.045e-03 1.143e-03 1.394e-03
  8  7  2 34  1 1.069e-02 1.107e+01 3.500e+00 1.771e-03 2.582e-03 3.059e-03 3.513e-03 3.865e-03
  8  7  2 35  1 3.207e-02 1.107e+01 3.500e+00 5.313e-03 7.745e-03 9.173e-03 1.054e-02 1.159e-02
  8  7  2 36  1 5.345e-02 1.107e+01 3.500e+00 8.855e-03 1.291e-02 1.529e-02 1.756e-02 1.932e-02
  8  7  2 37  3 6.036e-06 1.110e+01 3.700e+00 2.627e-03 2.538e-03 2.739e-03 2.971e-03 3.493e-03
  8  7  2 38  2 0.000e+00 1.109e+01 3.700e+00 4.053e-03 4.294e-03 4.772e-03 5.252e-03 5.959e-03
  8  7  2 39  2 0.000e+00 1.109e+01 3.700e+00 9.444e-03 9.994e-03 1.110e-02 1.221e-02 1.386e-02
  8  7  2 40  2 0.000e+00 1.109e+01 3.700e+00 1.324e-02 1.403e-02 1.559e-02 1.716e-02 1.947e-02
  8  7  2 41  3 0.000e+00 1.109e+01 4.700e+00 5.897e-03 5.971e-03 6.745e-03 7.635e-03 9.580e-03
  8  7  2 42  2 0.000e+00 1.109e+01 3.700e+00 4.425e-03 4.646e-03 5.037e-03 5.432e-03 6.187e-03
  8  7  2 43  2 0.000e+00 1.109e+01 2.700e+00 5.831e-03 5.270e-03 5.346e-03 5.534e-03 6.268e-03
  8  7  2 44  2 0.000e+00 1.109e+01 3.700e+00 7.965e-03 8.361e-03 9.066e-03 9.779e-03 1.115e-02
  8  7  2 45  2 0.000e+00 1.109e+01 1.500e+00 5.379e-03 3.872e-03 3.058e-03 2.501e-03 2.306e-03
  8  7  2 46  2 0.000e+00 1.109e+01 1.700e+00 6.432e-04 4.980e-04 4.630e-04 4.647e-04 5.523e-04
  8  7  2 47  2 0.000e+00 1.109e+01 1.700e+00 8.212e-04 5.374e-04 4.274e-04 3.735e-04 4.242e-04
  8  7  2 48  2 0.000e+00 1.109e+01 2.700e+00 9.758e-04 7.422e-04 7.274e-04 7.655e-04 9.472e-04
  8  7  2 49  2 0.000e+00 1.109e+01 1.400e+00 8.355e-04 5.405e-04 4.017e-04 3.194e-04 3.336e-04
  8  7  3  4  3 0.000e+00 9.600e-02 4.000e+01 5.378e-02 1.261e-01 4.522e-01 8.954e-01 1.610e+00
  8  7  3  5  3 0.000e+00 9.600e-02 5.000e+01 0.000e+00 5.204e-01 1.670e+00 3.088e+00 5.551e+00
  8  7  3  6  2 0.000e+00 8.320e-02 6.600e+01 9.783e-03 5.045e-02 5.075e-02 3.003e-02 3.184e-03
  8  7  3  7  1 6.640e-02 4.544e-01 4.800e+00 2.337e+00 1.650e+00 1.207e+00 9.688e-01 5.845e-01
  8  7  3  8  3 0.000e+00 6.688e+00 5.700e+00 6.109e-03 7.291e-03 8.704e-03 1.002e-02 1.229e-02
  8  7  3  9  2 0.000e+00 6.874e+00 4.700e+00 7.729e-02 8.711e-02 9.235e-02 9.633e-02 1.003e-01
  8  7  3 10  3 0.000e+00 6.861e+00 4.700e+00 1.639e-03 1.916e-03 2.231e-03 2.528e-03 3.008e-03
  8  7  3 11  4 4.588e-05 6.861e+00 1.900e+00 7.626e-03 4.181e-03 1.701e-03 2.482e-04 1.241e-05
  8  7  3 12  3 0.000e+00 6.861e+00 4.700e+00 8.194e-03 9.580e-03 1.116e-02 1.264e-02 1.504e-02
  8  7  3 13  1 2.770e-01 7.008e+00 3.500e+00 4.118e-02 7.363e-02 9.798e-02 1.263e-01 1.582e-01
  8  7  3 14  3 0.000e+00 6.970e+00 4.700e+00 9.199e-03 1.063e-02 1.243e-02 1.417e-02 1.713e-02
  8  7  3 15  2 0.000e+00 6.970e+00 2.700e+00 1.540e-02 9.774e-03 6.406e-03 3.989e-03 1.912e-03
  8  7  3 16  3 0.000e+00 6.970e+00 4.700e+00 2.147e-02 2.480e-02 2.902e-02 3.306e-02 3.996e-02
  8  7  3 17  2 0.000e+00 6.976e+00 3.700e+00 1.149e-01 1.666e-01 2.110e-01 2.549e-01 3.264e-01
  8  7  3 18  3 0.000e+00 9.190e+00 3.700e+00 2.162e-03 2.162e-03 2.415e-03 2.688e-03 3.274e-03
  8  7  3 19  2 0.000e+00 9.267e+00 3.700e+00 1.429e-02 1.652e-02 1.771e-02 1.862e-02 1.951e-02
  8  7  3 20  3 0.000e+00 9.261e+00 3.700e+00 5.964e-04 6.048e-04 6.621e-04 7.228e-04 8.358e-04
  8  7  3 21  4 1.338e-05 9.261e+00 1.700e+00 3.438e-03 1.895e-03 7.930e-04 1.268e-04 0.000e+00
  8  7  3 22  3 0.000e+00 9.261e+00 3.700e+00 2.983e-03 3.023e-03 3.310e-03 3.613e-03 4.179e-03
  8  7  3 23  1 7.413e-02 9.318e+00 2.500e+00 9.303e-03 1.592e-02 2.101e-02 2.638e-02 3.196e-02
  8  7  3 24  3 0.000e+00 9.306e+00 3.700e+00 2.638e-03 2.714e-03 3.022e-03 3.352e-03 3.977e-03
  8  7  3 25  2 0.000e+00 9.306e+00 1.700e+00 4.429e-03 2.893e-03 1.825e-03 9.873e-04 1.536e-04
  8  7  3 26  3 0.000e+00 9.306e+00 3.700e+00 6.157e-03 6.333e-03 7.051e-03 7.822e-03 9.281e-03
  8  7  3 27  2 0.000e+00 9.306e+00 3.700e+00 1.759e-02 2.523e-02 3.102e-02 3.626e-02 4.321e-02
  8  7  3 28  3 0.000e+00 9.306e+00 3.700e+00 2.336e-03 2.079e-03 2.161e-03 2.247e-03 2.553e-03
  8  7  3 29  2 0.000e+00 9.306e+00 3.700e+00 3.708e-03 4.124e-03 4.532e-03 4.916e-03 5.484e-03
  8  7  3 30  3 0.000e+00 9.306e+00 3.700e+00 4.205e-03 3.742e-03 3.890e-03 4.045e-03 4.595e-03
  8  7  3 31  2 0.000e+00 9.306e+00 3.700e+00 4.452e-03 7.244e-03 8.777e-03 1.003e-02 1.152e-02
  8  7  3 32  3 0.000e+00 1.033e+01 3.700e+00 1.028e-03 9.803e-04 1.074e-03 1.178e-03 1.410e-03
  8  7  3 33  2 0.000e+00 1.037e+01 3.700e+00 5.288e-03 6.232e-03 6.710e-03 7.075e-03 7.440e-03
  8  7  3 34  3 0.000e+00 1.036e+01 3.700e+00 2.913e-04 2.818e-04 3.027e-04 3.253e-04 3.705e-04
  8  7  3 35  4 5.635e-05 1.036e+01 1.700e+00 1.690e-03 9.075e-04 3.713e-04 5.555e-05 1.292e-05
  8  7  3 36  3 0.000e+00 1.036e+01 3.700e+00 1.456e-03 1.409e-03 1.513e-03 1.627e-03 1.853e-03
  8  7  3 37  1 3.012e-02 1.039e+01 2.500e+00 3.466e-03 6.263e-03 8.232e-03 1.006e-02 1.165e-02
  8  7  3 38  3 0.000e+00 1.039e+01 3.700e+00 1.182e-03 1.168e-03 1.277e-03 1.398e-03 1.633e-03
  8  7  3 39  2 0.000e+00 1.039e+01 1.700e+00 1.981e-03 1.249e-03 7.661e-04 3.959e-04 4.029e-05
  8  7  3 40  3 0.000e+00 1.039e+01 3.700e+00 2.758e-03 2.724e-03 2.980e-03 3.261e-03 3.810e-03
  8  7  3 41  2 0.000e+00 1.039e+01 3.700e+00 5.734e-03 8.281e-03 1.017e-02 1.184e-02 1.389e-02
  8  7  3 42  3 0.000e+00 1.039e+01 2.700e+00 1.187e-03 1.024e-03 1.031e-03 1.061e-03 1.202e-03
  8  7  3 43  2 0.000e+00 1.039e+01 3.700e+00 1.962e-03 1.883e-03 1.975e-03 2.087e-03 2.308e-03
  8  7  3 44  3 0.000e+00 1.039e+01 3.700e+00 2.104e-03 1.821e-03 1.877e-03 1.940e-03 2.183e-03
  8  7  3 45  2 0.000e+00 1.039e+01 3.700e+00 2.702e-03 4.004e-03 4.748e-03 5.388e-03 6.191e-03
  8  7  3 46  3 0.000e+00 1.039e+01 2.700e+00 2.694e-04 1.992e-04 1.875e-04 1.805e-04 2.019e-04
  8  7  3 47  2 0.000e+00 1.039e+01 2.700e+00 2.691e-04 2.349e-04 2.461e-04 2.707e-04 3.430e-04
  8  7  3 48  3 0.000e+00 1.039e+01 2.700e+00 3.292e-04 2.434e-04 2.292e-04 2.206e-04 2.468e-04
  8  7  3 49  2 0.000e+00 1.039e+01 3.700e+00 2.700e-04 2.736e-04 3.071e-04 3.514e-04 4.361e-04
  8  7  4  5  2 0.000e+00 4.470e-03 1.700e+03 9.730e-02 1.385e-01 1.161e-01 7.224e-02 1.363e-02
  8  7  4  6  2 0.000e+00 1.280e-02 5.000e+02 8.409e-02 1.410e-01 1.354e-01 1.076e-01 7.625e-02
  8  7  4  7  2 0.000e+00 5.504e-01 1.100e+01 3.587e-02 6.673e-02 5.775e-02 3.380e-02 5.030e-03
  8  7  5  6  2 0.000e+00 1.280e-02 5.000e+02 3.275e-01 5.047e-01 4.631e-01 3.374e-01 1.956e-01
  8  7  5  7  2 0.000e+00 5.504e-01 1.000e+01 9.649e-02 1.979e-01 1.788e-01 1.072e-01 1.771e-02
  8  7  6  7  2 0.000e+00 5.376e-01 1.100e+01 1.791e-01 3.308e-01 2.900e-01 1.711e-01 2.887e-02
qq -1
%filename: o_7.splups
%oscillator strengths: Wiese W.L., Fuhr J.R., 1995, NIST Database for Atomic Spectroscopy, Version 1.0, 
   NIST Standard Reference Database 61
%oscillator strengths: Sampson, D.H., Goett, S.J., Clark, R.E.H., 1983, ADNDT, 29, 467,  Hydrogenic values
%oscillator strengths: Wiese, W.L., Smith, M.W., Glennon, B.M., 1966, Atomic Transition Probabilities, NSRDS-NBS-4
%comment: Wiese's oscillator strengths are hydrogenic
%effective collision strengths n=2: Zhang, H., Sampson, D.H., 1987, ApJSS, 63, 487
%collision strengths: Sampson, D.H., Goett, S.J., Clark, R.E.H. 1983, ADNDT, 29, 467, Hydrogenic values
%comment: effective collision strengths were provided in the temperature range 5.3 < Log T < 6.7
%produced as part of the Arcetri/Cambridge/NRL 'CHIANTI' atomic data base collaboration
%
%K.P. Dere and E. Landi 2001
 -1
