SEQ='HE'     NUCCHG= 8                                                  /IC/

   PARENT LEVEL INDEXING                BWNP=   7029179.8   NPRNTI= 1   NPRNTF= 1
   ---------------------
   INDP         CODE                 S L   WI        WNP
   ----         ----                 - -   --  ----------
     1          1S1                 (2)0( 0.5)        0.0 

   IC RESOLVED LEVEL INDEXING           BWNR=  12983851.5   NLVL= 103
   --------------------------
   INDX  INDP   CODE                 S L   WJ        WNR       AUGER RATES:  INDP-INDP', INDP'=1,...INDP-1
   ----  ----   ----                 - -   --  ----------      -----------
     1     1    1S2                 (1)0( 0.0)        0.0 
     2     1    1S1 2S1             (3)0( 1.0)  4514188.2 
     3     1    1S1 2P1             (3)1( 0.0)  4579328.8 
     4     1    1S1 2P1             (3)1( 1.0)  4579674.8 
     5     1    1S1 2P1             (3)1( 2.0)  4580383.8 
     6     1    1S1 2S1             (1)0( 0.0)  4587867.3 
     7     1    1S1 2P1             (1)1( 1.0)  4623218.3 
     8     1    1S1 3S1             (3)0( 1.0)  5330541.7 
     9     1    1S1 3P1             (3)1( 0.0)  5348126.7 
    10     1    1S1 3P1             (3)1( 1.0)  5348229.1 
    11     1    1S1 3P1             (3)1( 2.0)  5348439.3 
    12     1    1S1 3S1             (1)0( 0.0)  5349744.0 
    13     1    1S1 3D1             (3)2( 1.0)  5356763.2 
    14     1    1S1 3D1             (3)2( 2.0)  5356798.0 
    15     1    1S1 3D1             (3)2( 3.0)  5356862.4 
    16     1    1S1 3D1             (1)2( 2.0)  5357289.0 
    17     1    1S1 3P1             (1)1( 1.0)  5360371.3 
    18     1    1S1 4S1             (3)0( 1.0)  5607608.6 
    19     1    1S1 4P1             (3)1( 0.0)  5614788.0 
    20     1    1S1 4P1             (3)1( 1.0)  5614831.1 
    21     1    1S1 4P1             (3)1( 2.0)  5614919.7 
    22     1    1S1 4S1             (1)0( 0.0)  5615351.6 
    23     1    1S1 4D1             (3)2( 1.0)  5618360.1 
    24     1    1S1 4D1             (3)2( 2.0)  5618375.2 
    25     1    1S1 4D1             (3)2( 3.0)  5618402.0 
    26     1    1S1 4F1             (3)3( 2.0)  5618565.6 
    27     1    1S1 4F1             (3)3( 3.0)  5618566.7 
    28     1    1S1 4F1             (3)3( 4.0)  5618586.4 
    29     1    1S1 4F1             (1)3( 3.0)  5618588.2 
    30     1    1S1 4D1             (1)2( 2.0)  5618636.7 
    31     1    1S1 4P1             (1)1( 1.0)  5619837.1 
    32     1    1S1 5S1             (3)0( 1.0)  5734021.0 
    33     1    1S1 5P1             (3)1( 0.0)  5737638.2 
    34     1    1S1 5P1             (3)1( 1.0)  5737660.2 
    35     1    1S1 5P1             (3)1( 2.0)  5737705.6 
    36     1    1S1 5S1             (1)0( 0.0)  5737899.4 
    37     1    1S1 5D1             (3)2( 1.0)  5739450.3 
    38     1    1S1 5D1             (3)2( 2.0)  5739458.1 
    39     1    1S1 5D1             (3)2( 3.0)  5739471.7 
    40     1    1S1 5F1             (3)3( 2.0)  5739563.5 
    41     1    1S1 5F1             (3)3( 3.0)  5739564.4 
    42     1    1S1 5F1             (3)3( 4.0)  5739574.2 
    43     1    1S1 5G1             (3)4( 3.0)  5739574.7 
    44     1    1S1 5G1             (3)4( 4.0)  5739574.7 
    45     1    1S1 5F1             (1)3( 3.0)  5739575.6 
    46     1    1S1 5G1             (3)4( 5.0)  5739581.1 
    47     1    1S1 5G1             (1)4( 4.0)  5739581.1 
    48     1    1S1 5D1             (1)2( 2.0)  5739604.2 
    49     1    1S1 5P1             (1)1( 1.0)  5740195.7 
    50     1    1S1 6S1             (3)0( 1.0)  5802106.7 
    51     1    1S1 6P1             (3)1( 0.0)  5804180.5 
    52     1    1S1 6P1             (3)1( 1.0)  5804193.2 
    53     1    1S1 6P1             (3)1( 2.0)  5804219.5 
    54     1    1S1 6S1             (1)0( 0.0)  5804323.1 
    55     1    1S1 6D1             (3)2( 1.0)  5805223.8 
    56     1    1S1 6D1             (3)2( 2.0)  5805228.4 
    57     1    1S1 6D1             (3)2( 3.0)  5805236.2 
    58     1    1S1 6F1             (3)3( 2.0)  5805291.8 
    59     1    1S1 6F1             (3)3( 3.0)  5805292.4 
    60     1    1S1 6F1             (3)3( 4.0)  5805298.0 
    61     1    1S1 6G1             (3)4( 3.0)  5805298.5 
    62     1    1S1 6G1             (3)4( 4.0)  5805298.5 
    63     1    1S1 6F1             (1)3( 3.0)  5805299.1 
    64     1    1S1 6G1             (3)4( 5.0)  5805302.2 
    65     1    1S1 6G1             (1)4( 4.0)  5805302.2 
    66     1    1S1 6D1             (1)2( 2.0)  5805316.6 
    67     1    1S1 6P1             (1)1( 1.0)  5805651.7 
    68     1    1S1 7S1             (3)0( 1.0)  5842927.2 
    69     1    1S1 7P1             (3)1( 0.0)  5844225.3 
    70     1    1S1 7P1             (3)1( 1.0)  5844233.3 
    71     1    1S1 7P1             (3)1( 2.0)  5844249.8 
    72     1    1S1 7S1             (1)0( 0.0)  5844311.8 
    73     1    1S1 7D1             (3)2( 1.0)  5844880.2 
    74     1    1S1 7D1             (3)2( 2.0)  5844883.1 
    75     1    1S1 7D1             (3)2( 3.0)  5844888.1 
    76     1    1S1 7F1             (3)3( 2.0)  5844924.0 
    77     1    1S1 7F1             (3)3( 3.0)  5844924.4 
    78     1    1S1 7F1             (3)3( 4.0)  5844927.9 
    79     1    1S1 7G1             (3)4( 3.0)  5844928.3 
    80     1    1S1 7G1             (3)4( 4.0)  5844928.3 
    81     1    1S1 7F1             (1)3( 3.0)  5844928.6 
    82     1    1S1 7G1             (3)4( 5.0)  5844930.6 
    83     1    1S1 7G1             (1)4( 4.0)  5844930.6 
    84     1    1S1 7D1             (1)2( 2.0)  5844940.1 
    85     1    1S1 7P1             (1)1( 1.0)  5845148.4 
    86     1    1S1 8S1             (3)0( 1.0)  5869313.1 
    87     1    1S1 8P1             (3)1( 0.0)  5870179.1 
    88     1    1S1 8P1             (3)1( 1.0)  5870184.5 
    89     1    1S1 8P1             (3)1( 2.0)  5870195.5 
    90     1    1S1 8S1             (1)0( 0.0)  5870235.7 
    91     1    1S1 8D1             (3)2( 1.0)  5870617.0 
    92     1    1S1 8D1             (3)2( 2.0)  5870618.9 
    93     1    1S1 8D1             (3)2( 3.0)  5870622.2 
    94     1    1S1 8F1             (3)3( 2.0)  5870646.7 
    95     1    1S1 8F1             (3)3( 3.0)  5870647.0 
    96     1    1S1 8F1             (3)3( 4.0)  5870649.3 
    97     1    1S1 8G1             (3)4( 3.0)  5870649.6 
    98     1    1S1 8G1             (3)4( 4.0)  5870649.6 
    99     1    1S1 8F1             (1)3( 3.0)  5870649.8 
   100     1    1S1 8G1             (3)4( 5.0)  5870651.2 
   101     1    1S1 8G1             (1)4( 4.0)  5870651.2 
   102     1    1S1 8D1             (1)2( 2.0)  5870657.7 
   103     1    1S1 8P1             (1)1( 1.0)  5870796.0 

   NL-SHELL INDEXING & AUGER RATES                     NLREP= 55
   -------------------------------
   ILREP   N   L
   -----   -   -
     1     1   0
     2     2   0
     3     2   1
     4     3   0
     5     3   1
     6     3   2
     7     4   0
     8     4   1
     9     4   2
    10     4   3
    11     5   0
    12     5   1
    13     5   2
    14     5   3
    15     5   4
    16     6   0
    17     6   1
    18     6   2
    19     6   3
    20     6   4
    21     6   5
    22     7   0
    23     7   1
    24     7   2
    25     7   3
    26     7   4
    27     7   5
    28     7   6
    29     8   0
    30     8   1
    31     8   2
    32     8   3
    33     8   4
    34     8   5
    35     8   6
    36     8   7
    37     9   0
    38     9   1
    39     9   2
    40     9   3
    41     9   4
    42     9   5
    43     9   6
    44     9   7
    45     9   8
    46    10   0
    47    10   1
    48    10   2
    49    10   3
    50    10   4
    51    10   5
    52    10   6
    53    10   7
    54    10   8
    55    10   9

   N-SHELL INDEXING & AUGER RATES                       NREP= 42
   ------------------------------
   INREP   N
   -----   -
     1     1
     2     2
     3     3
     4     4
     5     5
     6     6
     7     7
     8     8
     9     9
    10    10
    11    11
    12    12
    13    13
    14    14
    15    15
    16    16
    17    18
    18    20
    19    22
    20    25
    21    29
    22    35
    23    39
    24    45
    25    49
    26    55
    27    61
    28    70
    29    81
    30   100
    31   115
    32   140
    33   162
    34   200
    35   235
    36   300
    37   353
    38   450
    39   535
    40   700
    41   811
    42   999



 --------------------------
 PRTI= 1  LVLPRT= (2S  0.5)

   INDX TE=  4.90E+02  9.80E+02  2.45E+03  4.90E+03  9.80E+03  2.45E+04  4.90E+04  9.80E+04  2.45E+05  4.90E+05
   ---- ---  9.80E+05  2.45E+06  4.90E+06  9.80E+06  2.45E+07  4.90E+07  9.80E+07  2.45E+08  4.90E+08
     1       0.00E+00  0.00E+00  0.00E+00  0.00E+00  0.00E+00  0.00E+00  0.00E+00  5.73E-38  7.42E-24  2.10E-19
             2.10E-17  1.57E-16  1.71E-16  1.07E-16  3.78E-17  1.50E-17  5.60E-18  1.47E-18  5.24E-19
     2       0.00E+00  0.00E+00  0.00E+00  0.00E+00  0.00E+00  0.00E+00  0.00E+00  8.41E-35  4.50E-21  9.60E-17
             8.62E-15  6.34E-14  7.01E-14  4.40E-14  1.57E-14  6.25E-15  2.34E-15  6.13E-16  2.19E-16
     3       0.00E+00  0.00E+00  0.00E+00  0.00E+00  0.00E+00  0.00E+00  0.00E+00  1.04E-42  1.72E-25  5.79E-20
             2.10E-17  3.47E-16  4.97E-16  3.54E-16  1.36E-16  5.55E-17  2.10E-17  5.55E-18  1.99E-18
     4       0.00E+00  0.00E+00  0.00E+00  0.00E+00  0.00E+00  0.00E+00  0.00E+00  3.01E-37  2.67E-23  1.03E-18
             2.08E-16  2.96E-15  4.12E-15  2.91E-15  1.11E-15  4.52E-16  1.71E-16  4.52E-17  1.62E-17
     5       0.00E+00  0.00E+00  0.00E+00  0.00E+00  0.00E+00  0.00E+00  0.00E+00  8.00E-37  7.16E-23  2.60E-18
             4.83E-16  6.46E-15  8.83E-15  6.16E-15  2.35E-15  9.51E-16  3.60E-16  9.49E-17  3.40E-17
     6       0.00E+00  0.00E+00  0.00E+00  0.00E+00  0.00E+00  0.00E+00  0.00E+00  6.93E-36  8.98E-22  2.57E-17
             2.68E-15  2.15E-14  2.44E-14  1.55E-14  5.58E-15  2.22E-15  8.32E-16  2.18E-16  7.81E-17
     7       0.00E+00  0.00E+00  0.00E+00  0.00E+00  0.00E+00  0.00E+00  0.00E+00  3.40E-35  3.63E-21  1.00E-16
             1.03E-14  8.16E-14  9.23E-14  5.86E-14  2.11E-14  8.39E-15  3.15E-15  8.24E-16  2.95E-16
     8       0.00E+00  0.00E+00  0.00E+00  0.00E+00  0.00E+00  0.00E+00  0.00E+00  1.36E-40  1.81E-23  5.18E-18
             1.64E-15  2.46E-14  3.39E-14  2.37E-14  9.01E-15  3.65E-15  1.38E-15  3.64E-16  1.30E-16
     9       0.00E+00  0.00E+00  0.00E+00  0.00E+00  0.00E+00  0.00E+00  0.00E+00  5.09E-42  7.95E-25  2.41E-19
             7.91E-17  1.21E-15  1.68E-15  1.17E-15  4.47E-16  1.81E-16  6.86E-17  1.81E-17  6.48E-18
    10       0.00E+00  0.00E+00  0.00E+00  0.00E+00  0.00E+00  0.00E+00  0.00E+00  2.97E-41  4.77E-24  1.46E-18
             4.79E-16  7.32E-15  1.02E-14  7.11E-15  2.71E-15  1.10E-15  4.16E-16  1.10E-16  3.93E-17
    11       0.00E+00  0.00E+00  0.00E+00  0.00E+00  0.00E+00  0.00E+00  0.00E+00  6.60E-41  1.07E-23  3.28E-18
             1.08E-15  1.65E-14  2.29E-14  1.61E-14  6.12E-15  2.48E-15  9.39E-16  2.48E-16  8.87E-17
    12       0.00E+00  0.00E+00  0.00E+00  0.00E+00  0.00E+00  0.00E+00  0.00E+00  2.39E-41  4.37E-24  1.40E-18
             4.71E-16  7.30E-15  1.02E-14  7.15E-15  2.73E-15  1.11E-15  4.19E-16  1.10E-16  3.96E-17
    13       0.00E+00  0.00E+00  0.00E+00  0.00E+00  0.00E+00  0.00E+00  0.00E+00  3.59E-41  5.68E-24  1.72E-18
             5.63E-16  8.58E-15  1.19E-14  8.32E-15  3.17E-15  1.29E-15  4.87E-16  1.28E-16  4.60E-17
    14       0.00E+00  0.00E+00  0.00E+00  0.00E+00  0.00E+00  0.00E+00  0.00E+00  7.83E-41  1.25E-23  3.81E-18
             1.25E-15  1.90E-14  2.64E-14  1.85E-14  7.05E-15  2.86E-15  1.08E-15  2.85E-16  1.02E-16
    15       0.00E+00  0.00E+00  0.00E+00  0.00E+00  0.00E+00  0.00E+00  0.00E+00  1.20E-40  1.88E-23  5.69E-18
             1.86E-15  2.83E-14  3.92E-14  2.75E-14  1.05E-14  4.24E-15  1.61E-15  4.23E-16  1.52E-16
    16       0.00E+00  0.00E+00  0.00E+00  0.00E+00  0.00E+00  0.00E+00  0.00E+00  1.23E-40  2.55E-23  8.47E-18
             2.91E-15  4.56E-14  6.38E-14  4.49E-14  1.72E-14  6.96E-15  2.64E-15  6.95E-16  2.49E-16
    17       0.00E+00  0.00E+00  0.00E+00  0.00E+00  0.00E+00  0.00E+00  0.00E+00  7.98E-41  1.47E-23  4.71E-18
             1.59E-15  2.47E-14  3.44E-14  2.41E-14  9.22E-15  3.74E-15  1.42E-15  3.73E-16  1.34E-16
    18       0.00E+00  0.00E+00  0.00E+00  0.00E+00  0.00E+00  0.00E+00  0.00E+00  9.54E-43  1.56E-24  1.03E-18
             4.96E-16  9.53E-15  1.43E-14  1.04E-14  4.05E-15  1.66E-15  6.29E-16  1.66E-16  5.96E-17
    19       0.00E+00  0.00E+00  0.00E+00  0.00E+00  0.00E+00  0.00E+00  0.00E+00  8.69E-44  1.56E-25  1.06E-19
             5.22E-17  1.01E-15  1.52E-15  1.11E-15  4.34E-16  1.77E-16  6.74E-17  1.78E-17  6.39E-18
    20       0.00E+00  0.00E+00  0.00E+00  0.00E+00  0.00E+00  0.00E+00  0.00E+00  4.64E-43  8.29E-25  5.63E-19
             2.76E-16  5.36E-15  8.05E-15  5.87E-15  2.29E-15  9.37E-16  3.56E-16  9.40E-17  3.37E-17
    21       0.00E+00  0.00E+00  0.00E+00  0.00E+00  0.00E+00  0.00E+00  0.00E+00  8.94E-43  1.60E-24  1.09E-18
             5.35E-16  1.04E-14  1.56E-14  1.14E-14  4.44E-15  1.82E-15  6.90E-16  1.82E-16  6.54E-17
    22       0.00E+00  0.00E+00  0.00E+00  0.00E+00  0.00E+00  0.00E+00  0.00E+00  4.96E-43  9.32E-25  6.44E-19
             3.18E-16  6.21E-15  9.35E-15  6.82E-15  2.66E-15  1.09E-15  4.14E-16  1.09E-16  3.92E-17
    23       0.00E+00  0.00E+00  0.00E+00  0.00E+00  0.00E+00  0.00E+00  0.00E+00  5.45E-43  9.82E-25  6.68E-19
             3.28E-16  6.36E-15  9.56E-15  6.97E-15  2.72E-15  1.11E-15  4.23E-16  1.12E-16  4.01E-17
    24       0.00E+00  0.00E+00  0.00E+00  0.00E+00  0.00E+00  0.00E+00  0.00E+00  1.03E-42  1.85E-24  1.26E-18
             6.18E-16  1.20E-14  1.80E-14  1.31E-14  5.13E-15  2.10E-15  7.97E-16  2.11E-16  7.56E-17
    25       0.00E+00  0.00E+00  0.00E+00  0.00E+00  0.00E+00  0.00E+00  0.00E+00  1.47E-42  2.65E-24  1.80E-18
             8.84E-16  1.72E-14  2.58E-14  1.88E-14  7.35E-15  3.00E-15  1.14E-15  3.01E-16  1.08E-16
    26       0.00E+00  0.00E+00  0.00E+00  0.00E+00  0.00E+00  0.00E+00  0.00E+00  1.75E-43  3.37E-25  2.35E-19
             1.17E-16  2.28E-15  3.43E-15  2.51E-15  9.79E-16  4.00E-16  1.52E-16  4.02E-17  1.44E-17
    27       0.00E+00  0.00E+00  0.00E+00  0.00E+00  0.00E+00  0.00E+00  0.00E+00  3.91E-43  7.64E-25  5.34E-19
             2.65E-16  5.20E-15  7.83E-15  5.72E-15  2.23E-15  9.13E-16  3.47E-16  9.17E-17  3.29E-17
    28       0.00E+00  0.00E+00  0.00E+00  0.00E+00  0.00E+00  0.00E+00  0.00E+00  2.82E-43  5.45E-25  3.79E-19
             1.88E-16  3.68E-15  5.54E-15  4.04E-15  1.58E-15  6.45E-16  2.45E-16  6.48E-17  2.32E-17
    29       0.00E+00  0.00E+00  0.00E+00  0.00E+00  0.00E+00  0.00E+00  0.00E+00  7.15E-43  1.41E-24  9.92E-19
             4.94E-16  9.68E-15  1.46E-14  1.07E-14  4.16E-15  1.70E-15  6.47E-16  1.71E-16  6.13E-17
    30       0.00E+00  0.00E+00  0.00E+00  0.00E+00  0.00E+00  0.00E+00  0.00E+00  2.14E-42  4.31E-24  3.05E-18
             1.52E-15  3.00E-14  4.52E-14  3.30E-14  1.29E-14  5.28E-15  2.01E-15  5.30E-16  1.90E-16
    31       0.00E+00  0.00E+00  0.00E+00  0.00E+00  0.00E+00  0.00E+00  0.00E+00  1.56E-42  2.94E-24  2.03E-18
             1.00E-15  1.96E-14  2.95E-14  2.15E-14  8.40E-15  3.43E-15  1.31E-15  3.45E-16  1.24E-16
    32       0.00E+00  0.00E+00  0.00E+00  0.00E+00  0.00E+00  0.00E+00  0.00E+00  1.04E-43  5.32E-25  5.14E-19
             3.00E-16  6.47E-15  1.01E-14  7.47E-15  2.95E-15  1.21E-15  4.60E-16  1.22E-16  4.37E-17
    33       0.00E+00  0.00E+00  0.00E+00  0.00E+00  0.00E+00  0.00E+00  0.00E+00  1.26E-44  6.64E-26  6.52E-20
             3.85E-17  8.34E-16  1.30E-15  9.66E-16  3.81E-16  1.56E-16  5.95E-17  1.57E-17  5.65E-18
    34       0.00E+00  0.00E+00  0.00E+00  0.00E+00  0.00E+00  0.00E+00  0.00E+00  5.89E-44  3.21E-25  3.14E-19
             1.85E-16  4.01E-15  6.25E-15  4.64E-15  1.83E-15  7.51E-16  2.86E-16  7.57E-17  2.72E-17
    35       0.00E+00  0.00E+00  0.00E+00  0.00E+00  0.00E+00  0.00E+00  0.00E+00  8.55E-44  4.75E-25  4.66E-19
             2.74E-16  5.95E-15  9.27E-15  6.88E-15  2.72E-15  1.11E-15  4.24E-16  1.12E-16  4.03E-17
    36       0.00E+00  0.00E+00  0.00E+00  0.00E+00  0.00E+00  0.00E+00  0.00E+00  7.85E-44  4.30E-25  4.25E-19
             2.52E-16  5.47E-15  8.53E-15  6.33E-15  2.50E-15  1.03E-15  3.91E-16  1.03E-16  3.71E-17
    37       0.00E+00  0.00E+00  0.00E+00  0.00E+00  0.00E+00  0.00E+00  0.00E+00  7.29E-44  3.92E-25  3.86E-19
             2.28E-16  4.94E-15  7.70E-15  5.72E-15  2.26E-15  9.26E-16  3.53E-16  9.32E-17  3.35E-17
    38       0.00E+00  0.00E+00  0.00E+00  0.00E+00  0.00E+00  0.00E+00  0.00E+00  1.16E-43  6.47E-25  6.36E-19
             3.75E-16  8.14E-15  1.27E-14  9.42E-15  3.72E-15  1.52E-15  5.81E-16  1.54E-16  5.51E-17
    39       0.00E+00  0.00E+00  0.00E+00  0.00E+00  0.00E+00  0.00E+00  0.00E+00  1.72E-43  9.38E-25  9.22E-19
             5.44E-16  1.18E-14  1.84E-14  1.37E-14  5.39E-15  2.21E-15  8.42E-16  2.23E-16  7.99E-17
    40       0.00E+00  0.00E+00  0.00E+00  0.00E+00  0.00E+00  0.00E+00  0.00E+00  3.22E-44  1.82E-25  1.81E-19
             1.08E-16  2.34E-15  3.66E-15  2.72E-15  1.07E-15  4.40E-16  1.68E-16  4.43E-17  1.59E-17
    41       0.00E+00  0.00E+00  0.00E+00  0.00E+00  0.00E+00  0.00E+00  0.00E+00  7.43E-44  4.27E-25  4.26E-19
             2.53E-16  5.50E-15  8.59E-15  6.38E-15  2.52E-15  1.03E-15  3.94E-16  1.04E-16  3.74E-17
    42       0.00E+00  0.00E+00  0.00E+00  0.00E+00  0.00E+00  0.00E+00  0.00E+00  4.62E-44  2.61E-25  2.60E-19
             1.54E-16  3.35E-15  5.23E-15  3.88E-15  1.53E-15  6.29E-16  2.40E-16  6.34E-17  2.27E-17
    43       0.00E+00  0.00E+00  0.00E+00  0.00E+00  0.00E+00  0.00E+00  0.00E+00  0.00E+00  4.03E-27  4.00E-21
             2.37E-18  5.15E-17  8.04E-17  5.97E-17  2.36E-17  9.68E-18  3.68E-18  9.75E-19  3.50E-19
    44       0.00E+00  0.00E+00  0.00E+00  0.00E+00  0.00E+00  0.00E+00  0.00E+00  1.40E-45  7.61E-27  7.57E-21
             4.49E-18  9.77E-17  1.53E-16  1.13E-16  4.48E-17  1.84E-17  6.99E-18  1.85E-18  6.64E-19
    45       0.00E+00  0.00E+00  0.00E+00  0.00E+00  0.00E+00  0.00E+00  0.00E+00  1.99E-43  1.13E-24  1.13E-18
             6.71E-16  1.46E-14  2.28E-14  1.70E-14  6.70E-15  2.75E-15  1.05E-15  2.77E-16  9.94E-17
    46       0.00E+00  0.00E+00  0.00E+00  0.00E+00  0.00E+00  0.00E+00  0.00E+00  1.40E-45  9.86E-27  9.79E-21
             5.81E-18  1.26E-16  1.97E-16  1.47E-16  5.79E-17  2.37E-17  9.04E-18  2.39E-18  8.58E-19
    47       0.00E+00  0.00E+00  0.00E+00  0.00E+00  0.00E+00  0.00E+00  0.00E+00  0.00E+00  5.16E-27  5.12E-21
             3.04E-18  6.61E-17  1.03E-16  7.66E-17  3.02E-17  1.24E-17  4.72E-18  1.25E-18  4.48E-19
    48       0.00E+00  0.00E+00  0.00E+00  0.00E+00  0.00E+00  0.00E+00  0.00E+00  2.90E-43  1.68E-24  1.68E-18
             1.00E-15  2.19E-14  3.41E-14  2.54E-14  1.00E-14  4.11E-15  1.57E-15  4.14E-16  1.49E-16
    49       0.00E+00  0.00E+00  0.00E+00  0.00E+00  0.00E+00  0.00E+00  0.00E+00  2.30E-43  1.28E-24  1.26E-18
             7.46E-16  1.62E-14  2.53E-14  1.88E-14  7.41E-15  3.04E-15  1.16E-15  3.06E-16  1.10E-16
    50       0.00E+00  0.00E+00  0.00E+00  0.00E+00  0.00E+00  0.00E+00  0.00E+00  0.00E+00  2.56E-25  3.04E-19
             1.97E-16  4.51E-15  7.17E-15  5.37E-15  2.13E-15  8.76E-16  3.34E-16  8.84E-17  3.17E-17
    51       0.00E+00  0.00E+00  0.00E+00  0.00E+00  0.00E+00  0.00E+00  0.00E+00  0.00E+00  3.64E-26  4.36E-20
             2.84E-17  6.53E-16  1.04E-15  7.79E-16  3.09E-16  1.27E-16  4.85E-17  1.28E-17  4.60E-18
    52       0.00E+00  0.00E+00  0.00E+00  0.00E+00  0.00E+00  0.00E+00  0.00E+00  0.00E+00  1.48E-25  1.77E-19
             1.15E-16  2.64E-15  4.20E-15  3.15E-15  1.25E-15  5.14E-16  1.96E-16  5.19E-17  1.86E-17
    53       0.00E+00  0.00E+00  0.00E+00  0.00E+00  0.00E+00  0.00E+00  0.00E+00  0.00E+00  2.75E-25  3.29E-19
             2.14E-16  4.92E-15  7.81E-15  5.86E-15  2.33E-15  9.56E-16  3.64E-16  9.65E-17  3.46E-17
    54       0.00E+00  0.00E+00  0.00E+00  0.00E+00  0.00E+00  0.00E+00  0.00E+00  0.00E+00  2.68E-25  3.22E-19
             2.10E-16  4.84E-15  7.70E-15  5.78E-15  2.30E-15  9.43E-16  3.59E-16  9.51E-17  3.41E-17
    55       0.00E+00  0.00E+00  0.00E+00  0.00E+00  0.00E+00  0.00E+00  0.00E+00  0.00E+00  2.12E-25  2.55E-19
             1.66E-16  3.82E-15  6.08E-15  4.56E-15  1.81E-15  7.44E-16  2.84E-16  7.50E-17  2.69E-17
    56       0.00E+00  0.00E+00  0.00E+00  0.00E+00  0.00E+00  0.00E+00  0.00E+00  0.00E+00  2.97E-25  3.56E-19
             2.32E-16  5.33E-15  8.48E-15  6.36E-15  2.53E-15  1.04E-15  3.96E-16  1.05E-16  3.76E-17
    57       0.00E+00  0.00E+00  0.00E+00  0.00E+00  0.00E+00  0.00E+00  0.00E+00  0.00E+00  5.36E-25  6.43E-19
             4.19E-16  9.64E-15  1.53E-14  1.15E-14  4.57E-15  1.88E-15  7.15E-16  1.89E-16  6.79E-17
    58       0.00E+00  0.00E+00  0.00E+00  0.00E+00  0.00E+00  0.00E+00  0.00E+00  0.00E+00  2.86E-25  3.46E-19
             2.26E-16  5.21E-15  8.30E-15  6.22E-15  2.47E-15  1.02E-15  3.87E-16  1.03E-16  3.68E-17
    59       0.00E+00  0.00E+00  0.00E+00  0.00E+00  0.00E+00  0.00E+00  0.00E+00  0.00E+00  4.31E-25  5.21E-19
             3.40E-16  7.85E-15  1.25E-14  9.38E-15  3.72E-15  1.53E-15  5.83E-16  1.54E-16  5.54E-17
    60       0.00E+00  0.00E+00  0.00E+00  0.00E+00  0.00E+00  0.00E+00  0.00E+00  0.00E+00  1.37E-25  1.66E-19
             1.08E-16  2.49E-15  3.97E-15  2.98E-15  1.18E-15  4.86E-16  1.85E-16  4.90E-17  1.76E-17
    61       0.00E+00  0.00E+00  0.00E+00  0.00E+00  0.00E+00  0.00E+00  0.00E+00  0.00E+00  2.19E-27  2.64E-21
             1.72E-18  3.97E-17  6.31E-17  4.73E-17  1.88E-17  7.72E-18  2.94E-18  7.79E-19  2.80E-19
    62       0.00E+00  0.00E+00  0.00E+00  0.00E+00  0.00E+00  0.00E+00  0.00E+00  0.00E+00  6.25E-27  7.53E-21
             4.92E-18  1.13E-16  1.81E-16  1.35E-16  5.38E-17  2.21E-17  8.43E-18  2.23E-18  8.01E-19
    63       0.00E+00  0.00E+00  0.00E+00  0.00E+00  0.00E+00  0.00E+00  0.00E+00  0.00E+00  4.82E-25  5.83E-19
             3.82E-16  8.81E-15  1.40E-14  1.05E-14  4.18E-15  1.72E-15  6.55E-16  1.73E-16  6.22E-17
    64       0.00E+00  0.00E+00  0.00E+00  0.00E+00  0.00E+00  0.00E+00  0.00E+00  0.00E+00  7.32E-27  8.83E-21
             5.76E-18  1.33E-16  2.12E-16  1.59E-16  6.30E-17  2.59E-17  9.87E-18  2.61E-18  9.38E-19
    65       0.00E+00  0.00E+00  0.00E+00  0.00E+00  0.00E+00  0.00E+00  0.00E+00  0.00E+00  2.78E-27  3.35E-21
             2.19E-18  5.04E-17  8.02E-17  6.02E-17  2.39E-17  9.82E-18  3.74E-18  9.91E-19  3.56E-19
    66       0.00E+00  0.00E+00  0.00E+00  0.00E+00  0.00E+00  0.00E+00  0.00E+00  0.00E+00  8.40E-25  1.02E-18
             6.66E-16  1.54E-14  2.45E-14  1.84E-14  7.29E-15  3.00E-15  1.14E-15  3.02E-16  1.09E-16
    67       0.00E+00  0.00E+00  0.00E+00  0.00E+00  0.00E+00  0.00E+00  0.00E+00  0.00E+00  7.31E-25  8.78E-19
             5.72E-16  1.32E-14  2.10E-14  1.57E-14  6.24E-15  2.57E-15  9.78E-16  2.59E-16  9.29E-17
    68       0.00E+00  0.00E+00  0.00E+00  0.00E+00  0.00E+00  0.00E+00  0.00E+00  0.00E+00  1.66E-25  2.22E-19
             1.53E-16  3.64E-15  5.85E-15  4.41E-15  1.76E-15  7.24E-16  2.76E-16  7.31E-17  2.62E-17
    69       0.00E+00  0.00E+00  0.00E+00  0.00E+00  0.00E+00  0.00E+00  0.00E+00  0.00E+00  1.21E-26  1.63E-20
             1.13E-17  2.69E-16  4.32E-16  3.26E-16  1.30E-16  5.35E-17  2.04E-17  5.40E-18  1.94E-18
    70       0.00E+00  0.00E+00  0.00E+00  0.00E+00  0.00E+00  0.00E+00  0.00E+00  0.00E+00  8.40E-26  1.13E-19
             7.77E-17  1.85E-15  2.98E-15  2.25E-15  8.95E-16  3.68E-16  1.40E-16  3.72E-17  1.33E-17
    71       0.00E+00  0.00E+00  0.00E+00  0.00E+00  0.00E+00  0.00E+00  0.00E+00  0.00E+00  1.76E-25  2.37E-19
             1.64E-16  3.90E-15  6.28E-15  4.74E-15  1.89E-15  7.77E-16  2.96E-16  7.84E-17  2.81E-17
    72       0.00E+00  0.00E+00  0.00E+00  0.00E+00  0.00E+00  0.00E+00  0.00E+00  0.00E+00  1.95E-25  2.63E-19
             1.82E-16  4.34E-15  6.99E-15  5.27E-15  2.10E-15  8.65E-16  3.30E-16  8.73E-17  3.13E-17
    73       0.00E+00  0.00E+00  0.00E+00  0.00E+00  0.00E+00  0.00E+00  0.00E+00  0.00E+00  1.07E-25  1.44E-19
             9.96E-17  2.38E-15  3.83E-15  2.89E-15  1.15E-15  4.73E-16  1.81E-16  4.78E-17  1.72E-17
    74       0.00E+00  0.00E+00  0.00E+00  0.00E+00  0.00E+00  0.00E+00  0.00E+00  0.00E+00  1.70E-25  2.29E-19
             1.58E-16  3.78E-15  6.08E-15  4.58E-15  1.83E-15  7.52E-16  2.87E-16  7.59E-17  2.72E-17
    75       0.00E+00  0.00E+00  0.00E+00  0.00E+00  0.00E+00  0.00E+00  0.00E+00  0.00E+00  3.37E-25  4.55E-19
             3.15E-16  7.51E-15  1.21E-14  9.11E-15  3.63E-15  1.49E-15  5.70E-16  1.51E-16  5.42E-17
    76       0.00E+00  0.00E+00  0.00E+00  0.00E+00  0.00E+00  0.00E+00  0.00E+00  0.00E+00  1.30E-25  1.77E-19
             1.22E-16  2.92E-15  4.71E-15  3.55E-15  1.42E-15  5.83E-16  2.22E-16  5.88E-17  2.11E-17
    77       0.00E+00  0.00E+00  0.00E+00  0.00E+00  0.00E+00  0.00E+00  0.00E+00  0.00E+00  1.51E-25  2.05E-19
             1.42E-16  3.39E-15  5.46E-15  4.12E-15  1.64E-15  6.76E-16  2.58E-16  6.83E-17  2.45E-17
    78       0.00E+00  0.00E+00  0.00E+00  0.00E+00  0.00E+00  0.00E+00  0.00E+00  0.00E+00  8.17E-26  1.11E-19
             7.65E-17  1.83E-15  2.94E-15  2.22E-15  8.85E-16  3.64E-16  1.39E-16  3.68E-17  1.32E-17
    79       0.00E+00  0.00E+00  0.00E+00  0.00E+00  0.00E+00  0.00E+00  0.00E+00  0.00E+00  3.64E-27  4.92E-21
             3.40E-18  8.12E-17  1.31E-16  9.86E-17  3.93E-17  1.62E-17  6.17E-18  1.63E-18  5.86E-19
    80       0.00E+00  0.00E+00  0.00E+00  0.00E+00  0.00E+00  0.00E+00  0.00E+00  0.00E+00  8.46E-27  1.15E-20
             7.92E-18  1.89E-16  3.05E-16  2.30E-16  9.16E-17  3.77E-17  1.44E-17  3.80E-18  1.37E-18
    81       0.00E+00  0.00E+00  0.00E+00  0.00E+00  0.00E+00  0.00E+00  0.00E+00  0.00E+00  1.83E-25  2.48E-19
             1.72E-16  4.11E-15  6.62E-15  4.99E-15  1.99E-15  8.19E-16  3.12E-16  8.27E-17  2.97E-17
    82       0.00E+00  0.00E+00  0.00E+00  0.00E+00  0.00E+00  0.00E+00  0.00E+00  0.00E+00  5.26E-27  7.12E-21
             4.93E-18  1.18E-16  1.90E-16  1.43E-16  5.70E-17  2.35E-17  8.94E-18  2.37E-18  8.50E-19
    83       0.00E+00  0.00E+00  0.00E+00  0.00E+00  0.00E+00  0.00E+00  0.00E+00  0.00E+00  2.70E-27  3.65E-21
             2.53E-18  6.04E-17  9.72E-17  7.33E-17  2.92E-17  1.20E-17  4.59E-18  1.21E-18  4.36E-19
    84       0.00E+00  0.00E+00  0.00E+00  0.00E+00  0.00E+00  0.00E+00  0.00E+00  0.00E+00  4.64E-25  6.31E-19
             4.37E-16  1.05E-14  1.68E-14  1.27E-14  5.06E-15  2.08E-15  7.95E-16  2.10E-16  7.55E-17
    85       0.00E+00  0.00E+00  0.00E+00  0.00E+00  0.00E+00  0.00E+00  0.00E+00  0.00E+00  5.46E-25  7.38E-19
             5.10E-16  1.22E-14  1.96E-14  1.48E-14  5.89E-15  2.43E-15  9.25E-16  2.45E-16  8.79E-17
    86       0.00E+00  0.00E+00  0.00E+00  0.00E+00  0.00E+00  0.00E+00  0.00E+00  0.00E+00  1.19E-25  1.73E-19
             1.24E-16  3.02E-15  4.89E-15  3.70E-15  1.48E-15  6.09E-16  2.32E-16  6.16E-17  2.21E-17
    87       0.00E+00  0.00E+00  0.00E+00  0.00E+00  0.00E+00  0.00E+00  0.00E+00  0.00E+00  2.84E-27  4.14E-21
             2.97E-18  7.25E-17  1.18E-16  8.91E-17  3.56E-17  1.47E-17  5.59E-18  1.48E-18  5.31E-19
    88       0.00E+00  0.00E+00  0.00E+00  0.00E+00  0.00E+00  0.00E+00  0.00E+00  0.00E+00  7.02E-26  1.02E-19
             7.30E-17  1.78E-15  2.89E-15  2.19E-15  8.73E-16  3.60E-16  1.37E-16  3.63E-17  1.30E-17
    89       0.00E+00  0.00E+00  0.00E+00  0.00E+00  0.00E+00  0.00E+00  0.00E+00  0.00E+00  1.62E-25  2.36E-19
             1.69E-16  4.13E-15  6.69E-15  5.07E-15  2.02E-15  8.33E-16  3.18E-16  8.42E-17  3.02E-17
    90       0.00E+00  0.00E+00  0.00E+00  0.00E+00  0.00E+00  0.00E+00  0.00E+00  0.00E+00  1.51E-25  2.21E-19
             1.59E-16  3.88E-15  6.29E-15  4.76E-15  1.90E-15  7.84E-16  2.99E-16  7.92E-17  2.84E-17
    91       0.00E+00  0.00E+00  0.00E+00  0.00E+00  0.00E+00  0.00E+00  0.00E+00  0.00E+00  5.97E-26  8.69E-20
             6.24E-17  1.52E-15  2.47E-15  1.87E-15  7.47E-16  3.08E-16  1.17E-16  3.11E-17  1.12E-17
    92       0.00E+00  0.00E+00  0.00E+00  0.00E+00  0.00E+00  0.00E+00  0.00E+00  0.00E+00  1.06E-25  1.54E-19
             1.11E-16  2.70E-15  4.38E-15  3.32E-15  1.33E-15  5.46E-16  2.08E-16  5.52E-17  1.98E-17
    93       0.00E+00  0.00E+00  0.00E+00  0.00E+00  0.00E+00  0.00E+00  0.00E+00  0.00E+00  2.28E-25  3.32E-19
             2.39E-16  5.83E-15  9.45E-15  7.16E-15  2.86E-15  1.18E-15  4.49E-16  1.19E-16  4.27E-17
    94       0.00E+00  0.00E+00  0.00E+00  0.00E+00  0.00E+00  0.00E+00  0.00E+00  0.00E+00  4.35E-26  6.36E-20
             4.58E-17  1.12E-15  1.81E-15  1.37E-15  5.49E-16  2.26E-16  8.63E-17  2.28E-17  8.20E-18
    95       0.00E+00  0.00E+00  0.00E+00  0.00E+00  0.00E+00  0.00E+00  0.00E+00  0.00E+00  6.18E-26  9.03E-20
             6.49E-17  1.58E-15  2.57E-15  1.95E-15  7.78E-16  3.20E-16  1.22E-16  3.24E-17  1.16E-17
    96       0.00E+00  0.00E+00  0.00E+00  0.00E+00  0.00E+00  0.00E+00  0.00E+00  0.00E+00  4.09E-26  5.98E-20
             4.30E-17  1.05E-15  1.70E-15  1.29E-15  5.15E-16  2.12E-16  8.10E-17  2.14E-17  7.70E-18
    97       0.00E+00  0.00E+00  0.00E+00  0.00E+00  0.00E+00  0.00E+00  0.00E+00  0.00E+00  3.87E-27  5.64E-21
             4.05E-18  9.89E-17  1.60E-16  1.21E-16  4.85E-17  2.00E-17  7.62E-18  2.02E-18  7.25E-19
    98       0.00E+00  0.00E+00  0.00E+00  0.00E+00  0.00E+00  0.00E+00  0.00E+00  0.00E+00  8.84E-27  1.29E-20
             9.26E-18  2.26E-16  3.67E-16  2.78E-16  1.11E-16  4.57E-17  1.74E-17  4.62E-18  1.66E-18
    99       0.00E+00  0.00E+00  0.00E+00  0.00E+00  0.00E+00  0.00E+00  0.00E+00  0.00E+00  7.28E-26  1.07E-19
             7.66E-17  1.87E-15  3.04E-15  2.30E-15  9.20E-16  3.79E-16  1.44E-16  3.83E-17  1.37E-17
   100       0.00E+00  0.00E+00  0.00E+00  0.00E+00  0.00E+00  0.00E+00  0.00E+00  0.00E+00  3.36E-27  4.90E-21
             3.52E-18  8.61E-17  1.40E-16  1.06E-16  4.23E-17  1.74E-17  6.64E-18  1.76E-18  6.31E-19
   101       0.00E+00  0.00E+00  0.00E+00  0.00E+00  0.00E+00  0.00E+00  0.00E+00  0.00E+00  2.60E-27  3.80E-21
             2.73E-18  6.68E-17  1.08E-16  8.20E-17  3.28E-17  1.35E-17  5.15E-18  1.36E-18  4.90E-19
   102       0.00E+00  0.00E+00  0.00E+00  0.00E+00  0.00E+00  0.00E+00  0.00E+00  0.00E+00  2.76E-25  4.03E-19
             2.90E-16  7.10E-15  1.15E-14  8.72E-15  3.48E-15  1.43E-15  5.47E-16  1.45E-16  5.20E-17
   103       0.00E+00  0.00E+00  0.00E+00  0.00E+00  0.00E+00  0.00E+00  0.00E+00  0.00E+00  4.29E-25  6.27E-19
             4.50E-16  1.10E-14  1.78E-14  1.35E-14  5.40E-15  2.22E-15  8.48E-16  2.25E-16  8.06E-17

                                                                                     --------------------------
                                                                                     PRTF= 1  LVLPRT= (2S  0.5)
   ILREP
   -----
     1       0.00E+00  0.00E+00  0.00E+00  0.00E+00  0.00E+00  0.00E+00  0.00E+00  5.73E-38  7.42E-24  2.10E-19
             2.10E-17  1.57E-16  1.71E-16  1.07E-16  3.78E-17  1.50E-17  5.60E-18  1.47E-18  5.24E-19
     2       0.00E+00  0.00E+00  0.00E+00  0.00E+00  0.00E+00  0.00E+00  0.00E+00  3.20E-41  4.90E-24  1.63E-18
             5.95E-16  9.95E-15  1.43E-14  1.02E-14  3.94E-15  1.60E-15  6.08E-16  1.61E-16  5.76E-17
     3       0.00E+00  0.00E+00  0.00E+00  0.00E+00  0.00E+00  0.00E+00  0.00E+00  2.84E-35  3.42E-21  9.78E-17
             1.05E-14  8.79E-14  1.02E-13  6.58E-14  2.39E-14  9.53E-15  3.58E-15  9.39E-16  3.36E-16
     4       0.00E+00  0.00E+00  0.00E+00  0.00E+00  0.00E+00  0.00E+00  0.00E+00  1.35E-40  1.93E-23  5.66E-18
             1.83E-15  2.76E-14  3.81E-14  2.67E-14  1.01E-14  4.11E-15  1.56E-15  4.10E-16  1.47E-16
     5       0.00E+00  0.00E+00  0.00E+00  0.00E+00  0.00E+00  0.00E+00  0.00E+00  1.06E-40  1.82E-23  5.68E-18
             1.89E-15  2.90E-14  4.04E-14  2.83E-14  1.08E-14  4.38E-15  1.66E-15  4.37E-16  1.57E-16
     6       0.00E+00  0.00E+00  0.00E+00  0.00E+00  0.00E+00  0.00E+00  0.00E+00  3.27E-40  5.83E-23  1.84E-17
             6.18E-15  9.55E-14  1.33E-13  9.33E-14  3.56E-14  1.44E-14  5.47E-15  1.44E-15  5.16E-16
     7       0.00E+00  0.00E+00  0.00E+00  0.00E+00  0.00E+00  0.00E+00  0.00E+00  5.77E-43  1.07E-24  7.33E-19
             3.62E-16  7.04E-15  1.06E-14  7.73E-15  3.02E-15  1.23E-15  4.69E-16  1.24E-16  4.44E-17
     8       0.00E+00  0.00E+00  0.00E+00  0.00E+00  0.00E+00  0.00E+00  0.00E+00  1.63E-42  2.95E-24  2.01E-18
             9.89E-16  1.92E-14  2.89E-14  2.11E-14  8.23E-15  3.36E-15  1.28E-15  3.38E-16  1.21E-16
     9       0.00E+00  0.00E+00  0.00E+00  0.00E+00  0.00E+00  0.00E+00  0.00E+00  4.57E-42  8.66E-24  6.00E-18
             2.97E-15  5.80E-14  8.74E-14  6.38E-14  2.49E-14  1.02E-14  3.87E-15  1.02E-15  3.67E-16
    10       0.00E+00  0.00E+00  0.00E+00  0.00E+00  0.00E+00  0.00E+00  0.00E+00  1.31E-42  2.58E-24  1.81E-18
             9.00E-16  1.76E-14  2.66E-14  1.94E-14  7.58E-15  3.10E-15  1.18E-15  3.11E-16  1.12E-16
    11       0.00E+00  0.00E+00  0.00E+00  0.00E+00  0.00E+00  0.00E+00  0.00E+00  8.69E-44  4.81E-25  4.75E-19
             2.80E-16  6.09E-15  9.50E-15  7.06E-15  2.79E-15  1.14E-15  4.35E-16  1.15E-16  4.13E-17
    12       0.00E+00  0.00E+00  0.00E+00  0.00E+00  0.00E+00  0.00E+00  0.00E+00  1.96E-43  1.07E-24  1.05E-18
             6.17E-16  1.34E-14  2.09E-14  1.55E-14  6.11E-15  2.51E-15  9.55E-16  2.53E-16  9.06E-17
    13       0.00E+00  0.00E+00  0.00E+00  0.00E+00  0.00E+00  0.00E+00  0.00E+00  5.42E-43  3.04E-24  3.02E-18
             1.79E-15  3.89E-14  6.07E-14  4.51E-14  1.78E-14  7.31E-15  2.78E-15  7.36E-16  2.64E-16
    14       0.00E+00  0.00E+00  0.00E+00  0.00E+00  0.00E+00  0.00E+00  0.00E+00  2.28E-43  1.29E-24  1.28E-18
             7.62E-16  1.66E-14  2.59E-14  1.93E-14  7.61E-15  3.12E-15  1.19E-15  3.14E-16  1.13E-16
    15       0.00E+00  0.00E+00  0.00E+00  0.00E+00  0.00E+00  0.00E+00  0.00E+00  2.80E-45  2.19E-26  2.18E-20
             1.29E-17  2.81E-16  4.39E-16  3.26E-16  1.29E-16  5.28E-17  2.01E-17  5.32E-18  1.91E-18
    16       0.00E+00  0.00E+00  0.00E+00  0.00E+00  0.00E+00  0.00E+00  0.00E+00  0.00E+00  3.06E-25  3.67E-19
             2.39E-16  5.51E-15  8.76E-15  6.57E-15  2.61E-15  1.07E-15  4.09E-16  1.08E-16  3.88E-17
    17       0.00E+00  0.00E+00  0.00E+00  0.00E+00  0.00E+00  0.00E+00  0.00E+00  0.00E+00  3.43E-25  4.11E-19
             2.68E-16  6.16E-15  9.80E-15  7.35E-15  2.92E-15  1.20E-15  4.57E-16  1.21E-16  4.34E-17
    18       0.00E+00  0.00E+00  0.00E+00  0.00E+00  0.00E+00  0.00E+00  0.00E+00  0.00E+00  1.49E-24  1.80E-18
             1.17E-15  2.71E-14  4.31E-14  3.23E-14  1.28E-14  5.28E-15  2.01E-15  5.32E-16  1.91E-16
    19       0.00E+00  0.00E+00  0.00E+00  0.00E+00  0.00E+00  0.00E+00  0.00E+00  0.00E+00  9.33E-25  1.13E-18
             7.37E-16  1.70E-14  2.71E-14  2.03E-14  8.07E-15  3.32E-15  1.26E-15  3.35E-16  1.20E-16
    20       0.00E+00  0.00E+00  0.00E+00  0.00E+00  0.00E+00  0.00E+00  0.00E+00  0.00E+00  1.48E-26  1.78E-20
             1.17E-17  2.69E-16  4.28E-16  3.21E-16  1.28E-16  5.24E-17  2.00E-17  5.29E-18  1.90E-18
    22       0.00E+00  0.00E+00  0.00E+00  0.00E+00  0.00E+00  0.00E+00  0.00E+00  0.00E+00  2.42E-25  3.27E-19
             2.26E-16  5.40E-15  8.69E-15  6.55E-15  2.61E-15  1.07E-15  4.10E-16  1.09E-16  3.90E-17
    23       0.00E+00  0.00E+00  0.00E+00  0.00E+00  0.00E+00  0.00E+00  0.00E+00  0.00E+00  4.68E-25  6.33E-19
             4.38E-16  1.05E-14  1.68E-14  1.27E-14  5.06E-15  2.08E-15  7.94E-16  2.10E-16  7.55E-17
    24       0.00E+00  0.00E+00  0.00E+00  0.00E+00  0.00E+00  0.00E+00  0.00E+00  0.00E+00  8.68E-25  1.18E-18
             8.14E-16  1.94E-14  3.13E-14  2.36E-14  9.42E-15  3.87E-15  1.48E-15  3.91E-16  1.40E-16
    25       0.00E+00  0.00E+00  0.00E+00  0.00E+00  0.00E+00  0.00E+00  0.00E+00  0.00E+00  4.23E-25  5.75E-19
             3.98E-16  9.51E-15  1.53E-14  1.16E-14  4.61E-15  1.90E-15  7.23E-16  1.91E-16  6.87E-17
    26       0.00E+00  0.00E+00  0.00E+00  0.00E+00  0.00E+00  0.00E+00  0.00E+00  0.00E+00  1.10E-26  1.50E-20
             1.04E-17  2.47E-16  3.98E-16  3.00E-16  1.20E-16  4.93E-17  1.88E-17  4.98E-18  1.79E-18
    29       0.00E+00  0.00E+00  0.00E+00  0.00E+00  0.00E+00  0.00E+00  0.00E+00  0.00E+00  2.06E-25  3.00E-19
             2.15E-16  5.25E-15  8.52E-15  6.45E-15  2.58E-15  1.06E-15  4.05E-16  1.07E-16  3.85E-17
    30       0.00E+00  0.00E+00  0.00E+00  0.00E+00  0.00E+00  0.00E+00  0.00E+00  0.00E+00  4.74E-25  6.92E-19
             4.97E-16  1.21E-14  1.97E-14  1.49E-14  5.96E-15  2.45E-15  9.36E-16  2.48E-16  8.89E-17
    31       0.00E+00  0.00E+00  0.00E+00  0.00E+00  0.00E+00  0.00E+00  0.00E+00  0.00E+00  5.50E-25  8.05E-19
             5.78E-16  1.41E-14  2.29E-14  1.74E-14  6.94E-15  2.86E-15  1.09E-15  2.89E-16  1.04E-16
    32       0.00E+00  0.00E+00  0.00E+00  0.00E+00  0.00E+00  0.00E+00  0.00E+00  0.00E+00  1.68E-25  2.46E-19
             1.77E-16  4.32E-15  7.01E-15  5.31E-15  2.12E-15  8.73E-16  3.33E-16  8.82E-17  3.17E-17
    33       0.00E+00  0.00E+00  0.00E+00  0.00E+00  0.00E+00  0.00E+00  0.00E+00  0.00E+00  8.80E-27  1.29E-20
             9.25E-18  2.26E-16  3.67E-16  2.78E-16  1.11E-16  4.57E-17  1.74E-17  4.61E-18  1.66E-18
    37       0.00E+00  0.00E+00  0.00E+00  0.00E+00  0.00E+00  0.00E+00  0.00E+00  0.00E+00  1.79E-25  2.75E-19
             2.03E-16  5.02E-15  8.19E-15  6.22E-15  2.49E-15  1.02E-15  3.91E-16  1.04E-16  3.72E-17
    38       0.00E+00  0.00E+00  0.00E+00  0.00E+00  0.00E+00  0.00E+00  0.00E+00  0.00E+00  4.17E-25  6.42E-19
             4.73E-16  1.17E-14  1.91E-14  1.45E-14  5.82E-15  2.40E-15  9.15E-16  2.42E-16  8.70E-17
    39       0.00E+00  0.00E+00  0.00E+00  0.00E+00  0.00E+00  0.00E+00  0.00E+00  0.00E+00  3.65E-25  5.62E-19
             4.14E-16  1.03E-14  1.68E-14  1.27E-14  5.09E-15  2.10E-15  8.01E-16  2.12E-16  7.62E-17
    40       0.00E+00  0.00E+00  0.00E+00  0.00E+00  0.00E+00  0.00E+00  0.00E+00  0.00E+00  9.30E-26  1.43E-19
             1.06E-16  2.63E-15  4.28E-15  3.25E-15  1.30E-15  5.36E-16  2.05E-16  5.42E-17  1.95E-17
    41       0.00E+00  0.00E+00  0.00E+00  0.00E+00  0.00E+00  0.00E+00  0.00E+00  0.00E+00  7.61E-27  1.17E-20
             8.64E-18  2.14E-16  3.50E-16  2.65E-16  1.06E-16  4.38E-17  1.67E-17  4.42E-18  1.59E-18
    46       0.00E+00  0.00E+00  0.00E+00  0.00E+00  0.00E+00  0.00E+00  0.00E+00  0.00E+00  1.50E-25  2.39E-19
             1.79E-16  4.50E-15  7.36E-15  5.60E-15  2.24E-15  9.24E-16  3.53E-16  9.35E-17  3.36E-17
    47       0.00E+00  0.00E+00  0.00E+00  0.00E+00  0.00E+00  0.00E+00  0.00E+00  0.00E+00  3.54E-25  5.65E-19
             4.25E-16  1.07E-14  1.74E-14  1.33E-14  5.32E-15  2.19E-15  8.36E-16  2.21E-16  7.95E-17
    48       0.00E+00  0.00E+00  0.00E+00  0.00E+00  0.00E+00  0.00E+00  0.00E+00  0.00E+00  2.51E-25  4.01E-19
             3.01E-16  7.56E-15  1.24E-14  9.42E-15  3.77E-15  1.55E-15  5.93E-16  1.57E-16  5.64E-17
    49       0.00E+00  0.00E+00  0.00E+00  0.00E+00  0.00E+00  0.00E+00  0.00E+00  0.00E+00  5.94E-26  9.50E-20
             7.14E-17  1.79E-15  2.93E-15  2.23E-15  8.94E-16  3.69E-16  1.41E-16  3.73E-17  1.34E-17
    50       0.00E+00  0.00E+00  0.00E+00  0.00E+00  0.00E+00  0.00E+00  0.00E+00  0.00E+00  7.33E-27  1.17E-20
             8.80E-18  2.21E-16  3.61E-16  2.75E-16  1.10E-16  4.54E-17  1.73E-17  4.59E-18  1.65E-18

   INREP
   -----
     1       0.00E+00  0.00E+00  0.00E+00  0.00E+00  0.00E+00  0.00E+00  0.00E+00  5.73E-38  7.42E-24  2.10E-19
             2.10E-17  1.57E-16  1.71E-16  1.07E-16  3.78E-17  1.50E-17  5.60E-18  1.47E-18  5.24E-19
     2       0.00E+00  0.00E+00  0.00E+00  0.00E+00  0.00E+00  0.00E+00  0.00E+00  1.26E-34  9.12E-21  2.26E-16
             2.23E-14  1.76E-13  2.00E-13  1.28E-13  4.60E-14  1.83E-14  6.87E-15  1.80E-15  6.45E-16
     3       0.00E+00  0.00E+00  0.00E+00  0.00E+00  0.00E+00  0.00E+00  0.00E+00  6.98E-40  1.16E-22  3.60E-17
             1.19E-14  1.83E-13  2.55E-13  1.78E-13  6.81E-14  2.76E-14  1.04E-14  2.75E-15  9.87E-16
     4       0.00E+00  0.00E+00  0.00E+00  0.00E+00  0.00E+00  0.00E+00  0.00E+00  1.12E-41  2.09E-23  1.44E-17
             7.10E-15  1.38E-13  2.08E-13  1.52E-13  5.94E-14  2.43E-14  9.22E-15  2.44E-15  8.74E-16
     5       0.00E+00  0.00E+00  0.00E+00  0.00E+00  0.00E+00  0.00E+00  0.00E+00  1.58E-42  8.79E-24  8.70E-18
             5.14E-15  1.12E-13  1.74E-13  1.30E-13  5.12E-14  2.10E-14  7.99E-15  2.11E-15  7.58E-16
     6       0.00E+00  0.00E+00  0.00E+00  0.00E+00  0.00E+00  0.00E+00  0.00E+00  0.00E+00  4.96E-24  5.96E-18
             3.89E-15  8.96E-14  1.43E-13  1.07E-13  4.25E-14  1.75E-14  6.65E-15  1.76E-15  6.32E-16
     7       0.00E+00  0.00E+00  0.00E+00  0.00E+00  0.00E+00  0.00E+00  0.00E+00  0.00E+00  2.82E-24  3.82E-18
             2.64E-15  6.30E-14  1.01E-13  7.65E-14  3.05E-14  1.25E-14  4.78E-15  1.27E-15  4.55E-16
     8       0.00E+00  0.00E+00  0.00E+00  0.00E+00  0.00E+00  0.00E+00  0.00E+00  0.00E+00  1.84E-24  2.69E-18
             1.93E-15  4.71E-14  7.64E-14  5.79E-14  2.31E-14  9.52E-15  3.63E-15  9.62E-16  3.45E-16
     9       0.00E+00  0.00E+00  0.00E+00  0.00E+00  0.00E+00  0.00E+00  0.00E+00  0.00E+00  1.34E-24  2.06E-18
             1.52E-15  3.76E-14  6.13E-14  4.66E-14  1.86E-14  7.68E-15  2.93E-15  7.76E-16  2.79E-16
    10       0.00E+00  0.00E+00  0.00E+00  0.00E+00  0.00E+00  0.00E+00  0.00E+00  0.00E+00  1.02E-24  1.63E-18
             1.22E-15  3.07E-14  5.02E-14  3.82E-14  1.53E-14  6.30E-15  2.41E-15  6.37E-16  2.29E-16
    11       0.00E+00  0.00E+00  0.00E+00  0.00E+00  0.00E+00  0.00E+00  0.00E+00  0.00E+00  7.94E-25  1.30E-18
             9.92E-16  2.51E-14  4.12E-14  3.14E-14  1.26E-14  5.19E-15  1.98E-15  5.24E-16  1.88E-16
    12       0.00E+00  0.00E+00  0.00E+00  0.00E+00  0.00E+00  0.00E+00  0.00E+00  0.00E+00  6.28E-25  1.05E-18
             8.09E-16  2.06E-14  3.39E-14  2.58E-14  1.04E-14  4.27E-15  1.63E-15  4.32E-16  1.55E-16
    13       0.00E+00  0.00E+00  0.00E+00  0.00E+00  0.00E+00  0.00E+00  0.00E+00  0.00E+00  5.03E-25  8.56E-19
             6.64E-16  1.70E-14  2.80E-14  2.13E-14  8.57E-15  3.53E-15  1.35E-15  3.57E-16  1.28E-16
    14       0.00E+00  0.00E+00  0.00E+00  0.00E+00  0.00E+00  0.00E+00  0.00E+00  0.00E+00  4.08E-25  7.03E-19
             5.49E-16  1.41E-14  2.33E-14  1.78E-14  7.13E-15  2.94E-15  1.12E-15  2.97E-16  1.07E-16
    15       0.00E+00  0.00E+00  0.00E+00  0.00E+00  0.00E+00  0.00E+00  0.00E+00  0.00E+00  3.35E-25  5.84E-19
             4.59E-16  1.18E-14  1.95E-14  1.49E-14  5.99E-15  2.47E-15  9.43E-16  2.50E-16  8.97E-17
    16       0.00E+00  0.00E+00  0.00E+00  0.00E+00  0.00E+00  0.00E+00  0.00E+00  0.00E+00  2.78E-25  4.89E-19
             3.85E-16  9.95E-15  1.64E-14  1.26E-14  5.05E-15  2.08E-15  7.95E-16  2.11E-16  7.57E-17
    17       0.00E+00  0.00E+00  0.00E+00  0.00E+00  0.00E+00  0.00E+00  0.00E+00  0.00E+00  1.97E-25  3.51E-19
             2.78E-16  7.21E-15  1.19E-14  9.13E-15  3.67E-15  1.51E-15  5.78E-16  1.53E-16  5.50E-17
    18       0.00E+00  0.00E+00  0.00E+00  0.00E+00  0.00E+00  0.00E+00  0.00E+00  0.00E+00  1.44E-25  2.60E-19
             2.07E-16  5.38E-15  8.91E-15  6.82E-15  2.74E-15  1.13E-15  4.32E-16  1.14E-16  4.11E-17
    19       0.00E+00  0.00E+00  0.00E+00  0.00E+00  0.00E+00  0.00E+00  0.00E+00  0.00E+00  1.09E-25  1.97E-19
             1.57E-16  4.10E-15  6.79E-15  5.20E-15  2.09E-15  8.63E-16  3.30E-16  8.73E-17  3.14E-17
    20       0.00E+00  0.00E+00  0.00E+00  0.00E+00  0.00E+00  0.00E+00  0.00E+00  0.00E+00  7.41E-26  1.35E-19
             1.08E-16  2.83E-15  4.70E-15  3.60E-15  1.45E-15  5.97E-16  2.28E-16  6.04E-17  2.17E-17
    21       0.00E+00  0.00E+00  0.00E+00  0.00E+00  0.00E+00  0.00E+00  0.00E+00  0.00E+00  4.75E-26  8.71E-20
             7.02E-17  1.84E-15  3.05E-15  2.33E-15  9.39E-16  3.87E-16  1.48E-16  3.92E-17  1.41E-17
    22       0.00E+00  0.00E+00  0.00E+00  0.00E+00  0.00E+00  0.00E+00  0.00E+00  0.00E+00  2.69E-26  4.97E-20
             4.02E-17  1.05E-15  1.75E-15  1.34E-15  5.39E-16  2.23E-16  8.50E-17  2.25E-17  8.09E-18
    23       0.00E+00  0.00E+00  0.00E+00  0.00E+00  0.00E+00  0.00E+00  0.00E+00  0.00E+00  1.95E-26  3.60E-20
             2.91E-17  7.64E-16  1.27E-15  9.72E-16  3.91E-16  1.61E-16  6.17E-17  1.63E-17  5.87E-18
    24       0.00E+00  0.00E+00  0.00E+00  0.00E+00  0.00E+00  0.00E+00  0.00E+00  0.00E+00  1.26E-26  2.34E-20
             1.90E-17  4.98E-16  8.28E-16  6.35E-16  2.55E-16  1.05E-16  4.03E-17  1.07E-17  3.83E-18
    25       0.00E+00  0.00E+00  0.00E+00  0.00E+00  0.00E+00  0.00E+00  0.00E+00  0.00E+00  9.78E-27  1.82E-20
             1.47E-17  3.87E-16  6.42E-16  4.92E-16  1.98E-16  8.18E-17  3.12E-17  8.28E-18  2.97E-18
    26       0.00E+00  0.00E+00  0.00E+00  0.00E+00  0.00E+00  0.00E+00  0.00E+00  0.00E+00  6.90E-27  1.28E-20
             1.04E-17  2.74E-16  4.55E-16  3.48E-16  1.40E-16  5.79E-17  2.21E-17  5.86E-18  2.10E-18
    27       0.00E+00  0.00E+00  0.00E+00  0.00E+00  0.00E+00  0.00E+00  0.00E+00  0.00E+00  4.98E-27  9.27E-21
             7.52E-18  1.98E-16  3.28E-16  2.52E-16  1.01E-16  4.18E-17  1.60E-17  4.23E-18  1.52E-18
    28       0.00E+00  0.00E+00  0.00E+00  0.00E+00  0.00E+00  0.00E+00  0.00E+00  0.00E+00  3.30E-27  6.16E-21
             5.00E-18  1.31E-16  2.18E-16  1.67E-16  6.74E-17  2.78E-17  1.06E-17  2.82E-18  1.01E-18
    29       0.00E+00  0.00E+00  0.00E+00  0.00E+00  0.00E+00  0.00E+00  0.00E+00  0.00E+00  2.14E-27  3.99E-21
             3.24E-18  8.51E-17  1.41E-16  1.08E-16  4.36E-17  1.80E-17  6.88E-18  1.82E-18  6.55E-19
    30       0.00E+00  0.00E+00  0.00E+00  0.00E+00  0.00E+00  0.00E+00  0.00E+00  0.00E+00  1.14E-27  2.12E-21
             1.72E-18  4.53E-17  7.53E-17  5.78E-17  2.32E-17  9.59E-18  3.67E-18  9.71E-19  3.49E-19
    31       0.00E+00  0.00E+00  0.00E+00  0.00E+00  0.00E+00  0.00E+00  0.00E+00  0.00E+00  7.47E-28  1.39E-21
             1.13E-18  2.98E-17  4.95E-17  3.80E-17  1.53E-17  6.31E-18  2.41E-18  6.39E-19  2.29E-19
    32       0.00E+00  0.00E+00  0.00E+00  0.00E+00  0.00E+00  0.00E+00  0.00E+00  0.00E+00  4.13E-28  7.72E-22
             6.27E-19  1.65E-17  2.74E-17  2.10E-17  8.46E-18  3.49E-18  1.33E-18  3.54E-19  1.27E-19
    33       0.00E+00  0.00E+00  0.00E+00  0.00E+00  0.00E+00  0.00E+00  0.00E+00  0.00E+00  2.66E-28  4.97E-22
             4.04E-19  1.06E-17  1.77E-17  1.35E-17  5.45E-18  2.25E-18  8.59E-19  2.28E-19  8.18E-20
    34       0.00E+00  0.00E+00  0.00E+00  0.00E+00  0.00E+00  0.00E+00  0.00E+00  0.00E+00  1.40E-28  2.62E-22
             2.13E-19  5.61E-18  9.33E-18  7.16E-18  2.88E-18  1.19E-18  4.54E-19  1.20E-19  4.32E-20
    35       0.00E+00  0.00E+00  0.00E+00  0.00E+00  0.00E+00  0.00E+00  0.00E+00  0.00E+00  8.59E-29  1.61E-22
             1.31E-19  3.43E-18  5.71E-18  4.38E-18  1.76E-18  7.27E-19  2.78E-19  7.36E-20  2.64E-20
    36       0.00E+00  0.00E+00  0.00E+00  0.00E+00  0.00E+00  0.00E+00  0.00E+00  0.00E+00  4.05E-29  7.58E-23
             6.16E-20  1.62E-18  2.70E-18  2.07E-18  8.32E-19  3.43E-19  1.31E-19  3.48E-20  1.25E-20
    37       0.00E+00  0.00E+00  0.00E+00  0.00E+00  0.00E+00  0.00E+00  0.00E+00  0.00E+00  2.45E-29  4.57E-23
             3.72E-20  9.79E-19  1.63E-18  1.25E-18  5.02E-19  2.07E-19  7.92E-20  2.10E-20  7.53E-21
    38       0.00E+00  0.00E+00  0.00E+00  0.00E+00  0.00E+00  0.00E+00  0.00E+00  0.00E+00  1.14E-29  2.14E-23
             1.74E-20  4.57E-19  7.60E-19  5.83E-19  2.35E-19  9.68E-20  3.70E-20  9.80E-21  3.52E-21
    39       0.00E+00  0.00E+00  0.00E+00  0.00E+00  0.00E+00  0.00E+00  0.00E+00  0.00E+00  6.62E-30  1.24E-23
             1.01E-20  2.65E-19  4.41E-19  3.38E-19  1.36E-19  5.61E-20  2.14E-20  5.68E-21  2.04E-21
    40       0.00E+00  0.00E+00  0.00E+00  0.00E+00  0.00E+00  0.00E+00  0.00E+00  0.00E+00  2.84E-30  5.32E-24
             4.33E-21  1.14E-19  1.89E-19  1.45E-19  5.84E-20  2.41E-20  9.21E-21  2.44E-21  8.77E-22
    41       0.00E+00  0.00E+00  0.00E+00  0.00E+00  0.00E+00  0.00E+00  0.00E+00  0.00E+00  1.80E-30  3.36E-24
             2.73E-21  7.19E-20  1.20E-19  9.17E-20  3.69E-20  1.52E-20  5.82E-21  1.54E-21  5.54E-22
    42       0.00E+00  0.00E+00  0.00E+00  0.00E+00  0.00E+00  0.00E+00  0.00E+00  0.00E+00  9.42E-31  1.76E-24
             1.43E-21  3.77E-20  6.27E-20  4.81E-20  1.94E-20  7.99E-21  3.05E-21  8.09E-22  2.90E-22



    T(K)     ALFT( 1)  ALFT( 2)  ALFT( 3)  ALFT( 4)  ALFT( 5)  ALFT( 6)  ALFT( 7)  ALFT( 8)  ALFT( 9)  ALFT(10)
    ----     --------  --------  --------  --------  --------  --------  --------  --------  --------  --------
  4.90E+02   0.00E+00
  9.80E+02   0.00E+00
  2.45E+03   0.00E+00
  4.90E+03   0.00E+00
  9.80E+03   0.00E+00
  2.45E+04   0.00E+00
  4.90E+04   0.00E+00
  9.80E+04   1.26E-34
  2.45E+05   9.29E-21
  4.90E+05   3.10E-16
  9.80E+05   6.46E-14
  2.45E+06   1.06E-12
  4.90E+06   1.56E-12
  9.80E+06   1.14E-12
  2.45E+07   4.45E-13
  4.90E+07   1.82E-13
  9.80E+07   6.92E-14
  2.45E+08   1.83E-14
  4.90E+08   6.56E-15
C--------------------------------------------------------------------------------------------------------------
C
C                                                                            
C
C NAME: ADASDR                  
C DATE: 09/08/19                
C--------------------------------------------------------------------------------------------------------------
