  1     1 2s2             1  0 S  0.0  1          0.000       0.000000          0.000       0.000000
  2     2 2s.2p           3  1 P  0.0  1     199181.000       1.815076     200232.188       1.824650
  3     2 2s.2p           3  1 P  1.0  3     203474.000       1.854197     204539.375       1.863900
  4     2 2s.2p           3  1 P  2.0  5     213182.000       1.942663     214250.031       1.952390
  5     2 2s.2p           1  1 P  1.0  3     389583.000       3.550152     403666.500       3.678480
  6     3 2p2             3  1 P  0.0  1     523237.000       4.768100     526305.625       4.796050
  7     3 2p2             3  1 P  1.0  3     528796.000       4.818758     531782.625       4.845960
  8     3 2p2             3  1 P  2.0  5     536856.000       4.892206     539929.500       4.920200
  9     3 2p2             1  2 D  2.0  5     589449.000       5.371470     600591.188       5.472990
 10     3 2p2             1  0 S  0.0  1     721825.000       6.577772     737564.250       6.721180
 11     4 2s.3s           3  0 S  1.0  3    3011500.000      27.442806    2975022.250      27.110399
 12     4 2s.3s           1  0 S  0.0  1    3049300.000      27.787350    3019971.000      27.520000
 13     5 2s.3p           1  1 P  1.0  3    3101500.000      28.262947    3084584.250      28.108801
 14     5 2s.3p           3  1 P  0.0  1          0.000       0.000000    3087393.250      28.134399
 15     5 2s.3p           3  1 P  1.0  3    3106500.000      28.308512    3090202.750      28.160000
 16     5 2s.3p           3  1 P  2.0  5    3107300.000      28.315880    3093012.000      28.185600
 17     6 2s.3d           3  2 D  1.0  3    3157200.000      28.770523    3157625.500      28.774401
 18     6 2s.3d           3  2 D  2.0  5    3157500.000      28.773256    3157625.500      28.774401
 19     6 2s.3d           3  2 D  3.0  7    3158600.000      28.783281    3157625.500      28.774401
 20     6 2s.3d           1  2 D  2.0  5    3193300.000      29.099491    3205383.000      29.209600
 21     7 2p.3p           3  1 P  0.0  1          0.000       0.000000    3382367.250      30.822399
 22     7 2p.3p           1  0 S  0.0  1    3438300.000      31.332094    3486310.500      31.769600
 23     7 2p.3p           3  2 D  3.0  7    3343700.000      30.470036    3362702.500      30.643200
 24     8 2p.3s           3  1 P  0.0  1          0.000       0.000000    3255950.000      29.670401
 25     9 2p.3d           3  1 P  0.0  1          0.000       0.000000    3469454.750      31.615999
 26     9 2p.3d           3  3 F  4.0  9          0.000       0.000000    3421697.000      31.180799
 27     7 2p.3p           1  1 P  1.0  3    3319400.000      30.248598    3331800.500      30.361601
 28     7 2p.3p           3  2 D  1.0  3          0.000       0.000000    3345846.750      30.489599
 29     7 2p.3p           3  0 S  1.0  3    3356100.000      30.583035    3376748.750      30.771200
 30     7 2p.3p           3  1 P  1.0  3    3365600.000      30.669603    3390795.250      30.899200
 31     7 2p.3p           3  2 D  2.0  5          0.000       0.000000    3348656.000      30.515200
 32     7 2p.3p           3  1 P  2.0  5    3372500.000      30.732481    3396413.750      30.950399
 33     7 2p.3p           1  2 D  2.0  5    3396200.000      30.948452    3430125.000      31.257601
 34     8 2p.3s           3  1 P  1.0  3          0.000       0.000000    3261568.500      29.721600
 35     8 2p.3s           1  1 P  1.0  3          0.000       0.000000    3320563.250      30.259199
 36     9 2p.3d           3  2 D  1.0  3          0.000       0.000000    3446980.500      31.411200
 37     9 2p.3d           3  1 P  1.0  3          0.000       0.000000    3469454.750      31.615999
 38     9 2p.3d           1  1 P  1.0  3    3457100.000      31.503412    3520022.000      32.076801
 39     8 2p.3s           3  1 P  2.0  5          0.000       0.000000    3278424.250      29.875200
 40     9 2p.3d           3  3 F  2.0  5          0.000       0.000000    3402032.250      31.001600
 41     9 2p.3d           1  2 D  2.0  5          0.000       0.000000    3416078.750      31.129601
 42     9 2p.3d           3  2 D  2.0  5    3411100.000      31.084230    3449790.000      31.436800
 43     9 2p.3d           3  1 P  2.0  5    3424400.000      31.205429    3466645.750      31.590401
 44     9 2p.3d           3  3 F  3.0  7          0.000       0.000000    3410460.000      31.078400
 45     9 2p.3d           3  2 D  3.0  7    3414700.000      31.117037    3458217.750      31.513599
 46     9 2p.3d           1  3 F  3.0  7          0.000       0.000000    3522831.250      32.102402
qq -1
%filename: s_13.elvlc
%energy levels: Martin, W.C., Sugar, J., Musgrove, A., Dalton, G.R., 
         1995, NIST Database for Atomic Spectroscopy, Version 1.0, NIST Standard Reference Database 61
%energy levels (12,16): Khardi et al, 1994, Physica Scripta, 49, 571
%energy levels: Martin, W.C., Zalubas, R., Musgrove, A., 1990, J.Phys.Chem.Ref.Data, 19, 821
%Theoretical energy levels (n=2): Zhang, Sampson, ADNDT, 1992, 52, 143
%theoretical energy levels (n=3): Sampson, D.H., Goett, S.J., Clark, R.E.H., 1984, ADNDT, 30, 125
%comment:  level 18 has been relabeled 2p3p 1P1,  j=1
%produced as part of the Arcetri/Cambridge/NRL 'CHIANTI' atomic data base collaboration
%
% E. Landi 1997
qq -1
    1    3        491.464      1.093e-04      1.006e+06                2s2 1S0.0 -               2s.2p 3P1.0
    1    4        469.084      0.000e+00      4.550e-01                2s2 1S0.0 -               2s.2p 3P2.0
    1    5        256.685      2.381e-01      8.031e+09                2s2 1S0.0 -               2s.2p 1P1.0
    2    7        303.385      9.341e-02      2.255e+09              2s.2p 3P0.0 -                 2p2 3P1.0
    3    4      10300.802      0.000e+00      1.200e+01              2s.2p 3P1.0 -               2s.2p 3P2.0
    3    6        312.732      9.034e-02      6.158e+09              2s.2p 3P1.0 -                 2p2 3P0.0
    3    7        307.388      6.891e-02      1.621e+09              2s.2p 3P1.0 -                 2p2 3P1.0
    3    8        299.957      1.186e-01      1.758e+09              2s.2p 3P1.0 -                 2p2 3P2.0
    3    9        259.085      2.632e-04      5.228e+06              2s.2p 3P1.0 -                 2p2 1D2.0
    3   10        192.920      3.610e-05      6.790e+06              2s.2p 3P1.0 -                 2p2 1S0.0
    4    7        316.843      1.111e-01      2.458e+09              2s.2p 3P2.0 -                 2p2 3P1.0
    4    8        308.953      3.385e-01      4.729e+09              2s.2p 3P2.0 -                 2p2 3P2.0
    4    9        265.769      5.653e-03      1.067e+08              2s.2p 3P2.0 -                 2p2 1D2.0
    5    6        748.202      1.240e-04      1.477e+06              2s.2p 1P1.0 -                 2p2 3P0.0
    5    7        718.325      3.169e-05      1.365e+05              2s.2p 1P1.0 -                 2p2 3P1.0
    5    8        679.012      1.819e-03      5.260e+06              2s.2p 1P1.0 -                 2p2 3P2.0
    5    9        500.336      2.739e-01      1.459e+09              2s.2p 1P1.0 -                 2p2 1D2.0
    5   10        300.986      1.778e-01      1.309e+10              2s.2p 1P1.0 -                 2p2 1S0.0
    1   13         32.243      3.816e-01      8.206e+11                2s2 1S0.0 -               2s.3p 1P1.0
    1   15         32.191      2.118e-01      4.567e+11                2s2 1S0.0 -               2s.3p 3P1.0
    1   34        -30.660      2.206e-03      5.218e+09                2s2 1S0.0 -               2p.3s 3P1.0
    1   35        -30.115      4.428e-02      1.085e+11                2s2 1S0.0 -               2p.3s 1P1.0
    1   36        -29.011      1.044e-03      2.757e+09                2s2 1S0.0 -               2p.3d 3D1.0
    1   37        -28.823      1.278e-04      3.421e+08                2s2 1S0.0 -               2p.3d 3P1.0
    1   38         28.926      3.666e-02      9.568e+10                2s2 1S0.0 -               2p.3d 1P1.0
    6   13         38.786      8.072e-04      1.238e+09                2p2 3P0.0 -               2s.3p 1P1.0
    6   15         38.711      1.052e-03      1.621e+09                2p2 3P0.0 -               2s.3p 3P1.0
    6   34        -36.560      6.346e-02      9.990e+10                2p2 3P0.0 -               2p.3s 3P1.0
    6   35        -35.788      5.712e-04      9.379e+08                2p2 3P0.0 -               2p.3s 1P1.0
    6   36        -34.239      1.203e+00      2.167e+12                2p2 3P0.0 -               2p.3d 3D1.0
    6   37        -33.977      4.916e-02      8.991e+10                2p2 3P0.0 -               2p.3d 3P1.0
    6   38         34.085      6.416e-03      1.234e+10                2p2 3P0.0 -               2p.3d 1P1.0
   10   13         42.023      1.138e-04      1.521e+08                2p2 1S0.0 -               2s.3p 1P1.0
   10   15         41.935      1.602e-04      2.149e+08                2p2 1S0.0 -               2s.3p 3P1.0
   10   34        -39.620      3.654e-04      4.759e+08                2p2 1S0.0 -               2p.3s 3P1.0
   10   35        -38.715      5.309e-02      7.241e+10                2p2 1S0.0 -               2p.3s 1P1.0
   10   36        -36.908      4.299e-03      6.483e+09                2p2 1S0.0 -               2p.3d 3D1.0
   10   37        -36.605      1.682e-03      2.578e+09                2p2 1S0.0 -               2p.3d 3P1.0
   10   38         36.559      1.154e+00      1.960e+12                2p2 1S0.0 -               2p.3d 1P1.0
    7   14        -39.130      1.656e-03      6.774e+09                2p2 3P1.0 -               2s.3p 3P0.0
    7   24        -36.709      6.105e-02      2.855e+11                2p2 3P1.0 -               2p.3s 3P0.0
    7   25        -34.041      2.966e-01      1.618e+12                2p2 3P1.0 -               2p.3d 3P0.0
    7   13         38.870      5.023e-04      7.683e+08                2p2 3P1.0 -               2s.3p 1P1.0
    7   15         38.794      7.165e-04      1.100e+09                2p2 3P1.0 -               2s.3p 3P1.0
    7   34        -36.633      4.437e-02      6.944e+10                2p2 3P1.0 -               2p.3s 3P1.0
    7   35        -35.858      1.370e-03      2.235e+09                2p2 3P1.0 -               2p.3s 1P1.0
    7   36        -34.303      4.445e-01      7.955e+11                2p2 3P1.0 -               2p.3d 3D1.0
    7   37        -34.041      5.000e-01      9.092e+11                2p2 3P1.0 -               2p.3d 3P1.0
    7   38         34.150      3.061e-03      5.872e+09                2p2 3P1.0 -               2p.3d 1P1.0
    7   16         38.782      2.726e-03      2.511e+09                2p2 3P1.0 -               2s.3p 3P2.0
    7   39        -36.408      8.581e-02      8.146e+10                2p2 3P1.0 -               2p.3s 3P2.0
    7   40        -34.840      4.735e-03      4.921e+09                2p2 3P1.0 -               2p.3d 3F2.0
    7   41        -34.671      8.834e-02      9.288e+10                2p2 3P1.0 -               2p.3d 1D2.0
    7   42         34.695      2.408e+00      2.708e+12                2p2 3P1.0 -               2p.3d 3D2.0
    7   43         34.535      2.644e-02      2.998e+10                2p2 3P1.0 -               2p.3d 3P2.0
    8   13         38.992      2.303e-03      3.506e+09                2p2 3P2.0 -               2s.3p 1P1.0
    8   15         38.916      4.332e-04      6.621e+08                2p2 3P2.0 -               2s.3p 3P1.0
    8   34        -36.743      7.839e-02      1.216e+11                2p2 3P2.0 -               2p.3s 3P1.0
    8   35        -35.963      6.598e-05      1.068e+08                2p2 3P2.0 -               2p.3s 1P1.0
    8   36        -34.399      6.569e-04      1.166e+09                2p2 3P2.0 -               2p.3d 3D1.0
    8   37        -34.135      4.089e-01      7.362e+11                2p2 3P2.0 -               2p.3d 3P1.0
    8   38         34.244      2.413e-06      4.608e+06                2p2 3P2.0 -               2p.3d 1P1.0
    9   13         39.808      1.408e-02      2.074e+10                2p2 1D2.0 -               2s.3p 1P1.0
    9   15         39.729      9.886e-03      1.461e+10                2p2 1D2.0 -               2s.3p 3P1.0
    9   34        -37.580      6.516e-04      9.576e+08                2p2 1D2.0 -               2p.3s 3P1.0
    9   35        -36.765      1.666e-01      2.557e+11                2p2 1D2.0 -               2p.3s 1P1.0
    9   36        -35.132      1.265e-03      2.136e+09                2p2 1D2.0 -               2p.3d 3D1.0
    9   37        -34.857      5.178e-03      8.877e+09                2p2 1D2.0 -               2p.3d 3P1.0
    9   38         34.872      5.446e-02      1.009e+11                2p2 1D2.0 -               2p.3d 1P1.0
    8   16         38.904      6.867e-03      6.297e+09                2p2 3P2.0 -               2s.3p 3P2.0
    8   39        -36.516      2.366e-01      2.226e+11                2p2 3P2.0 -               2p.3s 3P2.0
    8   40        -34.939      2.349e-02      2.421e+10                2p2 3P2.0 -               2p.3d 3F2.0
    8   41        -34.769      2.325e-02      2.423e+10                2p2 3P2.0 -               2p.3d 1D2.0
    8   42         34.792      8.302e-02      9.295e+10                2p2 3P2.0 -               2p.3d 3D2.0
    8   43         34.632      1.671e+00      1.886e+12                2p2 3P2.0 -               2p.3d 3P2.0
    9   16         39.716      8.399e-05      7.451e+07                2p2 1D2.0 -               2s.3p 3P2.0
    9   39        -37.344      3.632e-03      3.239e+09                2p2 1D2.0 -               2p.3s 3P2.0
    9   40        -35.696      1.701e-01      1.666e+11                2p2 1D2.0 -               2p.3d 3F2.0
    9   41        -35.518      6.874e-01      6.811e+11                2p2 1D2.0 -               2p.3d 1D2.0
    9   42         35.440      1.366e-02      1.484e+10                2p2 1D2.0 -               2p.3d 3D2.0
    9   43         35.274      7.051e-02      7.723e+10                2p2 1D2.0 -               2p.3d 3P2.0
    8   44        -34.837      8.625e-02      6.394e+10                2p2 3P2.0 -               2p.3d 3F3.0
    8   45         34.748      3.959e+00      3.172e+12                2p2 3P2.0 -               2p.3d 3D3.0
    8   46        -33.524      2.174e-02      1.744e+10                2p2 3P2.0 -               2p.3d 1F3.0
    9   44        -35.589      1.431e-02      1.008e+10                2p2 1D2.0 -               2p.3d 3F3.0
    9   45         35.395      9.082e-03      7.056e+09                2p2 1D2.0 -               2p.3d 3D3.0
    9   46        -34.220      5.336e+00      4.077e+12                2p2 1D2.0 -               2p.3d 1F3.0
    2   11         35.558      2.726e-02      4.911e+10              2s.2p 3P0.0 -               2s.3s 3S1.0
    2   17         33.806      7.431e-01      1.461e+12              2s.2p 3P0.0 -               2s.3d 3D1.0
    2   27         32.049      2.417e-02      5.264e+10              2s.2p 3P0.0 -               2p.3p 1P1.0
    2   28        -31.790      9.450e-02      2.039e+11              2s.2p 3P0.0 -               2p.3p 3D1.0
    2   29         31.677      6.144e-02      1.365e+11              2s.2p 3P0.0 -               2p.3p 3S1.0
    2   30         31.581      4.544e-02      1.015e+11              2s.2p 3P0.0 -               2p.3p 3P1.0
    3   12         35.139      3.871e-05      7.122e+07              2s.2p 3P1.0 -               2s.3s 1S0.0
    3   21        -31.468      1.069e-01      7.062e+11              2s.2p 3P1.0 -               2p.3p 3P0.0
    3   22         30.914      4.937e-04      3.426e+09              2s.2p 3P1.0 -               2p.3p 1S0.0
    5   12         37.598      3.105e-02      5.050e+10              2s.2p 1P1.0 -               2s.3s 1S0.0
    5   21        -33.572      8.248e-04      4.732e+09              2s.2p 1P1.0 -               2p.3p 3P0.0
    5   22         32.801      1.308e-01      8.135e+11              2s.2p 1P1.0 -               2p.3p 1S0.0
    3   11         35.612      8.120e-02      1.459e+11              2s.2p 3P1.0 -               2s.3s 3S1.0
    3   17         33.856      5.540e-01      1.086e+12              2s.2p 3P1.0 -               2s.3d 3D1.0
    3   27         32.093      4.739e-02      1.030e+11              2s.2p 3P1.0 -               2p.3p 1P1.0
    3   28        -31.834      1.293e-02      2.781e+10              2s.2p 3P1.0 -               2p.3p 3D1.0
    3   29         31.720      1.449e-01      3.214e+11              2s.2p 3P1.0 -               2p.3p 3S1.0
    3   30         31.624      2.576e-02      5.740e+10              2s.2p 3P1.0 -               2p.3p 3P1.0
    5   11         38.140      1.134e-04      1.799e+08              2s.2p 1P1.0 -               2s.3s 3S1.0
    5   17         36.132      8.251e-04      1.436e+09              2s.2p 1P1.0 -               2s.3d 3D1.0
    5   27         34.132      1.711e-01      3.319e+11              2s.2p 1P1.0 -               2p.3p 1P1.0
    5   28        -33.988      1.068e-01      1.992e+11              2s.2p 1P1.0 -               2p.3p 3D1.0
    5   29         33.710      1.768e-02      3.505e+10              2s.2p 1P1.0 -               2p.3p 3S1.0
    5   30         33.602      2.250e-04      4.482e+08              2s.2p 1P1.0 -               2p.3p 3P1.0
    3   18         33.852      1.661e+00      1.955e+12              2s.2p 3P1.0 -               2s.3d 3D2.0
    3   20         33.447      8.973e-04      1.076e+09              2s.2p 3P1.0 -               2s.3d 1D2.0
    3   31        -31.805      2.476e-01      3.200e+11              2s.2p 3P1.0 -               2p.3p 3D2.0
    3   32         31.555      9.773e-02      1.313e+11              2s.2p 3P1.0 -               2p.3p 3P2.0
    3   33         31.321      2.652e-03      3.601e+09              2s.2p 3P1.0 -               2p.3p 1D2.0
    5   18         36.128      1.029e-03      1.074e+09              2s.2p 1P1.0 -               2s.3d 3D2.0
    5   20         35.667      1.519e+00      1.620e+12              2s.2p 1P1.0 -               2s.3d 1D2.0
    5   31        -33.956      3.882e-03      4.352e+09              2s.2p 1P1.0 -               2p.3p 3D2.0
    5   32         33.524      2.004e-02      2.408e+10              2s.2p 1P1.0 -               2p.3p 3P2.0
    5   33         33.260      8.645e-01      1.051e+12              2s.2p 1P1.0 -               2p.3p 1D2.0
    4   11         35.736      1.338e-01      2.391e+11              2s.2p 3P2.0 -               2s.3s 3S1.0
    4   17         33.967      3.661e-02      7.143e+10              2s.2p 3P2.0 -               2s.3d 3D1.0
    4   27         32.194      5.065e-05      1.095e+08              2s.2p 3P2.0 -               2p.3p 1P1.0
    4   28        -31.933      3.897e-03      8.304e+09              2s.2p 3P2.0 -               2p.3p 3D1.0
    4   29         31.818      3.301e-02      7.279e+10              2s.2p 3P2.0 -               2p.3p 3S1.0
    4   30         31.722      2.376e-01      5.270e+11              2s.2p 3P2.0 -               2p.3p 3P1.0
    4   18         33.964      5.485e-01      6.423e+11              2s.2p 3P2.0 -               2s.3d 3D2.0
    4   20         33.556      1.161e-04      1.386e+08              2s.2p 3P2.0 -               2s.3d 1D2.0
    4   31        -31.904      4.150e-02      5.315e+10              2s.2p 3P2.0 -               2p.3p 3D2.0
    4   32         31.652      4.275e-01      5.715e+11              2s.2p 3P2.0 -               2p.3p 3P2.0
    4   33         31.417      7.555e-03      1.021e+10              2s.2p 3P2.0 -               2p.3p 1D2.0
    4   19         33.951      3.070e+00      2.569e+12              2s.2p 3P2.0 -               2s.3d 3D3.0
    4   23         31.944      4.188e-01      3.933e+11              2s.2p 3P2.0 -               2p.3p 3D3.0
   19   26       -378.686      1.280e-02      6.566e+07              2s.3d 3D3.0 -               2p.3d 3F4.0
   23   26      -1695.076      6.640e-01      2.994e+08              2p.3p 3D3.0 -               2p.3d 3F4.0
qq -1
%filename: s_13.wgfa
%observed energy levels: Martin, W.C., Sugar, J., Musgrove, A., Dalton, G.R., 1995, 
    NIST Database for Atomic Spectroscopy, Version 1.0, NIST Standard Reference Database 61
%observed energy levels (12,16): Khardi et al, 1994, Physica Scripta, 49, 571
%theoretical energy levels (n=3): Sampson, D.H., Goett, S.J., Clark, R.E.H., 1984, ADNDT, 30, 125
%Allowed transitions oscillator strengths (n=2): Zhang, Sampson, 1992, ADNDT, 52, 143
%oscillator strengths: forbidden transitions (n=2): Muhlethaler, Nussbaumer, 1976, A&A, 48, 109
%Allowed transitions oscillator strengths (n=3): Sampson, D.H., Goett, S.J., Clark, R.E.H., 1984, ADNDT, 30, 125
%comment: level 18 has been relabeled 2p3p 1P1,  j=1
%comment: gf values for transitions 19-26 and 23-26 were simply taken to be
   equal to the O V gf values reported by Hibbert, 1980, J. Phys. B, 13, 1721.
   The A values were obtained from the gf values by using the wavelengths listed.
%produced as part of the Arcetri/Cambridge/NRL 'CHIANTI' atomic data base collaboration
%
%  E.Landi (n=2) and K.P.Dere (n=3) - 1997
 -1

p
qq
 16 13  1  2  2 0.000e+00 1.815e+00 9.200e+00 7.940e-03 6.407e-03 5.197e-03 4.388e-03 3.706e-03 3.046e-03 2.313e-03 1.325e-03 2.638e-04
 16 13  1  3  2 0.000e+00 1.854e+00 9.000e+00 2.464e-02 2.026e-02 1.666e-02 1.428e-02 1.230e-02 1.039e-02 8.305e-03 5.534e-03 2.448e-03
 16 13  1  4  2 0.000e+00 1.943e+00 7.000e+00 4.037e-02 3.377e-02 2.769e-02 2.347e-02 1.994e-02 1.655e-02 1.280e-02 7.698e-03 1.601e-03
 16 13  1  8  2 0.000e+00 4.892e+00 3.000e+00 1.098e-03 9.358e-04 7.908e-04 6.873e-04 5.973e-04 5.072e-04 4.035e-04 2.541e-04 7.178e-05
 16 13  2  4  2 0.000e+00 1.276e-01 9.000e+01 1.603e-01 1.256e-01 9.210e-02 7.062e-02 5.565e-02 4.411e-02 3.508e-02 3.008e-02 3.149e-02
 16 13  2  6  2 0.000e+00 2.953e+00 5.000e+00 4.141e-03 3.575e-03 3.062e-03 2.680e-03 2.336e-03 1.981e-03 1.559e-03 9.258e-04 1.432e-04
 16 13  3  4  2 0.000e+00 8.847e-02 1.900e+02 7.105e-01 5.128e-01 3.604e-01 2.772e-01 2.204e-01 1.777e-01 1.464e-01 1.332e-01 1.277e-01
 16 13  3  5  2 0.000e+00 1.696e+00 5.600e+00 7.137e-02 6.027e-02 4.907e-02 4.044e-02 3.368e-02 2.763e-02 2.150e-02 1.431e-02 4.920e-03
 16 13  3  9  2 2.630e-04 3.517e+00 7.000e+00 2.368e-02 2.021e-02 1.780e-02 1.588e-02 1.403e-02 1.203e-02 9.532e-03 6.301e-03 3.378e-03
 16 13  3 10  2 3.600e-05 4.724e+00 3.000e+00 2.857e-03 2.615e-03 2.383e-03 2.176e-03 1.968e-03 1.734e-03 1.432e-03 9.335e-04 2.783e-04
 16 13  6 10  2 0.000e+00 1.810e+00 9.000e+00 4.030e-03 3.386e-03 2.829e-03 2.420e-03 2.051e-03 1.670e-03 1.216e-03 5.362e-04 0.000e+00
 16 13  1  5  1 2.381e-01 3.550e+00 2.700e+00 7.466e-01 6.109e-01 4.783e-01 3.530e-01 2.683e-01
 16 13  1  6  3 0.000e+00 4.768e+00 3.000e+00 2.308e-04 3.316e-04 5.029e-04 8.452e-04 1.477e-03
 16 13  1  7  2 0.000e+00 4.819e+00 2.900e+00 6.111e-04 4.458e-04 3.323e-04 2.123e-04 1.460e-05
 16 13  1  9  2 0.000e+00 5.371e+00 2.700e+00 6.115e-03 5.704e-03 5.587e-03 5.622e-03 5.958e-03
 16 13  1 10  2 0.000e+00 6.578e+00 2.400e+00 2.814e-03 2.672e-03 2.524e-03 2.309e-03 1.847e-03
 16 13  2  3  2 0.000e+00 3.912e-02 3.000e+02 1.951e-01 1.155e-01 6.995e-02 3.869e-02 1.033e-02
 16 13  2  5  2 0.000e+00 1.735e+00 7.500e+00 2.298e-02 1.464e-02 9.826e-03 6.121e-03 1.481e-03
 16 13  2  7  1 9.341e-02 3.004e+00 3.000e+00 3.564e-01 2.892e-01 2.238e-01 1.659e-01 1.244e-01
 16 13  2  8  2 0.000e+00 3.077e+00 5.000e+00 8.801e-03 7.792e-03 6.986e-03 5.990e-03 4.005e-03
 16 13  2  9  2 0.000e+00 3.556e+00 6.000e+00 7.041e-03 5.238e-03 4.012e-03 2.451e-03 5.916e-05
 16 13  2 10  2 0.000e+00 4.763e+00 4.000e+00 8.762e-04 6.799e-04 5.273e-04 3.327e-04 3.617e-06
 16 13  3  6  1 9.034e-02 2.914e+00 2.900e+00 3.424e-01 2.850e-01 2.247e-01 1.673e-01 1.240e-01
 16 13  3  7  1 6.891e-02 2.965e+00 3.000e+00 2.743e-01 2.224e-01 1.705e-01 1.239e-01 9.299e-02
 16 13  3  8  1 1.186e-01 3.038e+00 3.000e+00 4.560e-01 3.684e-01 2.819e-01 2.051e-01 1.562e-01
 16 13  4  5  2 0.000e+00 1.607e+00 7.900e+00 1.299e-01 7.971e-02 5.256e-02 3.212e-02 9.269e-03
 16 13  4  6  2 0.000e+00 2.825e+00 5.000e+00 1.901e-02 2.168e-02 2.371e-02 2.590e-02 3.025e-02
 16 13  4  7  1 1.111e-01 2.876e+00 3.000e+00 4.367e-01 3.601e-01 2.789e-01 2.031e-01 1.545e-01
 16 13  4  8  1 3.385e-01 2.950e+00 3.000e+00 1.309e+00 1.072e+00 8.309e-01 6.111e-01 4.591e-01
 16 13  4  9  2 5.653e-03 3.429e+00 6.000e+00 5.108e-02 4.416e-02 3.728e-02 2.726e-02 1.041e-02
 16 13  4 10  2 0.000e+00 4.635e+00 5.000e+00 5.200e-03 3.872e-03 2.958e-03 1.766e-03 2.335e-05
 16 13  5  6  2 1.240e-04 1.218e+00 1.200e+01 7.322e-03 5.550e-03 4.394e-03 3.187e-03 1.072e-03
 16 13  5  7  2 3.200e-05 1.269e+00 1.200e+01 2.066e-02 1.426e-02 1.052e-02 6.882e-03 1.251e-03
 16 13  5  8  2 1.819e-03 1.342e+00 9.000e+00 4.976e-02 4.380e-02 3.792e-02 3.098e-02 1.685e-02
 16 13  5  9  1 2.739e-01 1.821e+00 3.300e+00 1.667e+00 1.365e+00 1.046e+00 7.559e-01 6.014e-01
 16 13  5 10  1 1.778e-01 3.028e+00 3.000e+00 6.125e-01 5.034e-01 3.918e-01 2.912e-01 2.349e-01
 16 13  6  7  2 0.000e+00 5.066e-02 3.900e+02 5.642e-02 4.313e-02 3.363e-02 2.140e-02 1.673e-03
 16 13  6  8  2 0.000e+00 1.241e-01 9.000e+01 3.300e-02 3.051e-02 2.881e-02 2.741e-02 2.509e-02
 16 13  6  9  2 0.000e+00 6.034e-01 2.900e+01 2.967e-02 2.294e-02 1.781e-02 1.156e-02 2.425e-04
 16 13  7  8  2 0.000e+00 7.345e-02 1.990e+02 1.428e-01 1.219e-01 1.081e-01 9.405e-02 6.928e-02
 16 13  7  9  2 0.000e+00 5.527e-01 3.900e+01 9.454e-02 7.035e-02 5.409e-02 3.320e-02 1.856e-03
 16 13  7 10  2 0.000e+00 1.759e+00 8.000e+00 1.289e-02 9.329e-03 6.871e-03 4.199e-03 0.000e+00
 16 13  8  9  2 0.000e+00 4.793e-01 3.900e+01 1.629e-01 1.287e-01 1.007e-01 6.592e-02 5.123e-03
 16 13  8 10  2 0.000e+00 1.686e+00 9.000e+00 2.151e-02 1.585e-02 1.172e-02 7.252e-03 0.000e+00
 16 13  9 10  2 0.000e+00 1.206e+00 1.700e+01 5.892e-02 5.920e-02 6.226e-02 6.804e-02 8.030e-02
 16 13  1 11  3 0.000e+00 2.711e+01 3.000e+00 3.471e-03 3.752e-03 4.373e-03 5.165e-03 6.553e-03
 16 13  1 12  2 0.000e+00 2.752e+01 2.000e+00 4.090e-02 4.466e-02 4.761e-02 5.041e-02 5.432e-02
 16 13  1 13  1 3.816e-01 2.811e+01 2.500e+00 1.332e-02 1.937e-02 2.619e-02 3.578e-02 5.427e-02
 16 13  1 14  3 0.000e+00 2.813e+01 2.000e+00 8.197e-04 8.708e-04 9.776e-04 1.124e-03 1.375e-03
 16 13  1 15  1 2.118e-01 2.816e+01 2.500e+00 8.411e-03 1.118e-02 1.465e-02 1.981e-02 3.007e-02
 16 13  1 16  3 0.000e+00 2.819e+01 2.700e+00 4.093e-03 4.461e-03 5.083e-03 5.839e-03 6.895e-03
 16 13  1 17  3 0.000e+00 2.877e+01 2.700e+00 4.686e-03 5.022e-03 5.747e-03 6.648e-03 8.174e-03
 16 13  1 18  3 0.000e+00 2.877e+01 2.700e+00 7.831e-03 8.422e-03 9.672e-03 1.130e-02 1.377e-02
 16 13  1 19  3 0.000e+00 2.877e+01 3.000e+00 1.096e-02 1.187e-02 1.366e-02 1.580e-02 1.916e-02
 16 13  1 20  2 0.000e+00 2.921e+01 3.500e+00 4.853e-02 7.181e-02 9.143e-02 1.118e-01 1.468e-01
 16 13  1 21  2 0.000e+00 3.082e+01 1.600e+00 1.678e-05 1.138e-05 7.653e-06 4.252e-06 9.939e-07
 16 13  1 22  2 0.000e+00 3.177e+01 3.000e+00 6.235e-05 6.141e-05 6.226e-05 6.352e-05 6.760e-05
 16 13  1 23  3 0.000e+00 3.064e+01 2.600e+00 3.226e-04 3.615e-04 4.225e-04 4.985e-04 6.260e-04
 16 13  1 24  3 0.000e+00 2.967e+01 3.000e+00 1.242e-05 1.435e-05 1.691e-05 1.978e-05 2.280e-05
 16 13  1 25  3 0.000e+00 3.162e+01 3.000e+00 5.913e-05 6.568e-05 7.618e-05 8.873e-05 1.055e-04
 16 13  1 26  3 0.000e+00 3.118e+01 3.000e+00 2.697e-04 2.766e-04 3.071e-04 3.429e-04 3.920e-04
 16 13  1 27  3 0.000e+00 3.036e+01 3.000e+00 9.554e-05 1.061e-04 1.227e-04 1.421e-04 1.711e-04
 16 13  1 28  3 0.000e+00 3.049e+01 3.000e+00 1.119e-04 1.260e-04 1.471e-04 1.722e-04 2.100e-04
 16 13  1 29  3 0.000e+00 3.077e+01 3.000e+00 4.563e-05 5.540e-05 6.778e-05 8.323e-05 1.043e-04
 16 13  1 30  3 0.000e+00 3.090e+01 3.000e+00 4.380e-05 4.695e-05 5.301e-05 5.982e-05 6.846e-05
 16 13  1 31  2 0.000e+00 3.052e+01 2.000e+00 2.634e-04 1.813e-04 1.275e-04 7.919e-05 3.125e-05
 16 13  1 32  2 0.000e+00 3.095e+01 2.700e+00 9.601e-05 7.406e-05 6.877e-05 6.561e-05 7.634e-05
 16 13  1 33  2 0.000e+00 3.126e+01 3.600e+00 6.277e-04 9.646e-04 1.254e-03 1.534e-03 2.011e-03
 16 13  1 34  1 2.206e-03 2.972e+01 2.400e+00 1.346e-04 1.481e-04 1.676e-04 2.094e-04 2.973e-04
 16 13  1 35  1 4.428e-02 3.026e+01 2.500e+00 2.104e-03 2.733e-03 3.322e-03 4.238e-03 5.861e-03
 16 13  1 36  1 1.044e-03 3.141e+01 2.200e+00 1.736e-04 1.451e-04 1.275e-04 1.176e-04 1.328e-04
 16 13  1 37  1 1.278e-04 3.162e+01 2.000e+00 1.802e-04 1.115e-04 5.776e-05 1.929e-05 1.595e-05
 16 13  1 38  1 3.666e-02 3.208e+01 2.500e+00 3.808e-03 4.000e-03 4.026e-03 4.055e-03 4.568e-03
 16 13  1 39  3 0.000e+00 2.988e+01 3.700e+00 5.787e-05 6.877e-05 8.208e-05 9.706e-05 1.173e-04
 16 13  1 40  3 0.000e+00 3.100e+01 2.000e+00 1.550e-04 1.537e-04 1.657e-04 1.835e-04 2.163e-04
 16 13  1 41  3 0.000e+00 3.113e+01 2.000e+00 1.043e-04 9.977e-05 1.047e-04 1.124e-04 1.266e-04
 16 13  1 42  3 0.000e+00 3.144e+01 2.000e+00 1.376e-04 1.370e-04 1.482e-04 1.646e-04 1.943e-04
 16 13  1 43  3 0.000e+00 3.159e+01 3.000e+00 2.518e-04 2.763e-04 3.191e-04 3.706e-04 4.513e-04
 16 13  1 44  3 0.000e+00 3.108e+01 3.000e+00 2.240e-04 2.314e-04 2.634e-04 3.092e-04 4.129e-04
 16 13  1 45  2 0.000e+00 3.151e+01 1.200e+00 1.164e-04 7.770e-05 5.044e-05 2.514e-05 1.324e-06
 16 13  1 46  2 0.000e+00 3.210e+01 3.700e+00 1.551e-04 2.199e-04 2.755e-04 3.286e-04 4.158e-04
 16 13  2 11  1 2.726e-02 2.502e+01 2.500e+00 1.491e-03 1.548e-03 1.922e-03 2.719e-03 4.364e-03
 16 13  2 12  3 0.000e+00 2.544e+01 3.000e+00 3.692e-04 4.353e-04 5.184e-04 6.176e-04 7.489e-04
 16 13  2 13  3 0.000e+00 2.604e+01 3.000e+00 2.055e-03 2.211e-03 2.523e-03 2.891e-03 3.459e-03
 16 13  2 14  2 0.000e+00 2.604e+01 3.000e+00 2.291e-02 2.472e-02 2.581e-02 2.678e-02 2.782e-02
 16 13  2 15  3 0.000e+00 2.606e+01 3.000e+00 3.164e-03 3.557e-03 4.152e-03 4.887e-03 6.042e-03
 16 13  2 16  2 0.000e+00 2.609e+01 3.700e+00 4.857e-03 4.738e-03 5.253e-03 5.926e-03 7.748e-03
 16 13  2 17  1 7.431e-01 2.668e+01 2.400e+00 6.559e-02 7.263e-02 7.873e-02 8.687e-02 1.112e-01
 16 13  2 18  3 0.000e+00 2.668e+01 2.400e+00 6.640e-03 6.759e-03 7.459e-03 8.372e-03 1.003e-02
 16 13  2 19  2 0.000e+00 2.670e+01 3.000e+00 5.423e-03 4.122e-03 3.902e-03 3.770e-03 4.350e-03
 16 13  2 20  3 0.000e+00 2.714e+01 3.000e+00 5.982e-03 6.153e-03 6.849e-03 7.669e-03 8.951e-03
 16 13  2 21  3 0.000e+00 2.872e+01 3.000e+00 3.146e-04 3.470e-04 3.974e-04 4.560e-04 5.323e-04
 16 13  2 22  3 0.000e+00 2.970e+01 3.000e+00 7.778e-05 8.421e-05 9.563e-05 1.088e-04 1.284e-04
 16 13  2 23  2 0.000e+00 2.854e+01 3.700e+00 8.020e-05 5.986e-05 5.783e-05 5.661e-05 6.524e-05
 16 13  2 24  2 0.000e+00 2.760e+01 3.700e+00 1.818e-02 2.059e-02 2.189e-02 2.306e-02 2.430e-02
 16 13  2 25  2 0.000e+00 2.954e+01 3.000e+00 8.315e-06 6.571e-06 5.963e-06 5.517e-06 5.665e-06
 16 13  2 27  1 2.417e-02 2.826e+01 2.500e+00 1.251e-03 1.261e-03 1.545e-03 2.151e-03 3.425e-03
 16 13  2 28  1 9.450e-02 2.839e+01 2.500e+00 2.406e-03 4.037e-03 5.928e-03 8.543e-03 1.331e-02
 16 13  2 29  1 6.144e-02 2.870e+01 2.500e+00 2.702e-03 3.536e-03 4.479e-03 5.847e-03 8.561e-03
 16 13  2 30  1 4.544e-02 2.880e+01 2.500e+00 1.426e-03 2.159e-03 2.979e-03 4.121e-03 6.306e-03
 16 13  2 31  3 0.000e+00 2.842e+01 3.000e+00 1.066e-03 1.210e-03 1.412e-03 1.657e-03 2.037e-03
 16 13  2 32  3 0.000e+00 2.885e+01 2.700e+00 3.480e-04 3.820e-04 4.371e-04 5.045e-04 5.988e-04
 16 13  2 33  3 0.000e+00 2.918e+01 2.500e+00 4.129e-04 4.560e-04 5.267e-04 6.172e-04 7.774e-04
 16 13  2 34  3 0.000e+00 2.765e+01 3.000e+00 1.164e-03 1.251e-03 1.454e-03 1.714e-03 2.172e-03
 16 13  2 35  3 0.000e+00 2.816e+01 3.000e+00 2.964e-04 3.177e-04 3.646e-04 4.213e-04 5.112e-04
 16 13  2 36  3 0.000e+00 2.931e+01 3.000e+00 1.877e-03 2.042e-03 2.354e-03 2.729e-03 3.315e-03
 16 13  2 37  3 0.000e+00 2.952e+01 3.700e+00 1.160e-04 1.321e-04 1.549e-04 1.803e-04 2.149e-04
 16 13  2 38  3 0.000e+00 3.000e+01 3.000e+00 5.292e-04 5.816e-04 6.735e-04 7.840e-04 9.560e-04
 16 13  2 39  2 0.000e+00 2.778e+01 3.000e+00 5.442e-04 5.083e-04 4.698e-04 4.305e-04 3.474e-04
 16 13  2 40  2 0.000e+00 2.890e+01 3.300e+00 1.250e-02 1.610e-02 1.971e-02 2.334e-02 3.051e-02
 16 13  2 41  2 0.000e+00 2.906e+01 3.700e+00 5.615e-03 7.842e-03 9.800e-03 1.173e-02 1.514e-02
 16 13  2 42  2 0.000e+00 2.936e+01 3.700e+00 1.018e-02 1.454e-02 1.829e-02 2.198e-02 2.839e-02
 16 13  2 43  2 0.000e+00 2.952e+01 3.700e+00 6.999e-04 6.857e-04 7.485e-04 8.163e-04 9.947e-04
 16 13  2 44  3 0.000e+00 2.900e+01 3.000e+00 3.402e-03 3.690e-03 4.247e-03 4.916e-03 5.964e-03
 16 13  2 45  3 0.000e+00 2.941e+01 3.000e+00 9.969e-04 1.081e-03 1.245e-03 1.441e-03 1.749e-03
 16 13  2 46  3 0.000e+00 3.000e+01 3.000e+00 1.435e-03 1.557e-03 1.792e-03 2.074e-03 2.517e-03
 16 13  3 11  1 8.120e-02 2.496e+01 2.500e+00 4.463e-03 4.629e-03 5.742e-03 8.119e-03 1.303e-02
 16 13  3 12  4 3.870e-05 2.538e+01 2.000e+00 1.599e-03 8.663e-04 3.572e-04 4.588e-05 5.589e-06
 16 13  3 13  2 0.000e+00 2.596e+01 3.700e+00 3.111e-02 3.082e-02 3.109e-02 3.136e-02 3.212e-02
 16 13  3 14  3 0.000e+00 2.598e+01 3.000e+00 2.666e-03 2.945e-03 3.423e-03 3.998e-03 4.901e-03
 16 13  3 15  2 0.000e+00 2.601e+01 3.700e+00 5.039e-02 5.193e-02 5.326e-02 5.451e-02 5.651e-02
 16 13  3 16  2 0.000e+00 2.604e+01 3.700e+00 1.423e-02 1.228e-02 1.277e-02 1.353e-02 1.694e-02
 16 13  3 17  1 5.540e-01 2.662e+01 2.200e+00 5.753e-02 5.817e-02 5.968e-02 6.429e-02 8.305e-02
 16 13  3 18  1 1.661e+00 2.662e+01 2.500e+00 1.541e-01 1.677e-01 1.796e-01 1.974e-01 2.494e-01
 16 13  3 19  2 0.000e+00 2.665e+01 2.000e+00 2.065e-02 1.454e-02 1.157e-02 9.082e-03 8.374e-03
 16 13  3 20  4 8.973e-04 2.708e+01 1.700e+00 3.408e-02 1.898e-02 8.296e-03 1.341e-03 4.354e-05
 16 13  3 21  1 1.069e-01 2.867e+01 2.500e+00 3.728e-03 5.359e-03 7.218e-03 9.844e-03 1.491e-02
 16 13  3 22  4 4.937e-04 2.964e+01 2.000e+00 4.324e-04 2.370e-04 1.148e-04 4.997e-05 6.660e-05
 16 13  3 23  2 0.000e+00 2.849e+01 1.700e+00 1.231e-03 8.656e-04 6.018e-04 3.585e-04 1.017e-04
 16 13  3 24  3 0.000e+00 2.755e+01 3.700e+00 1.118e-03 1.233e-03 1.451e-03 1.710e-03 2.104e-03
 16 13  3 25  3 0.000e+00 2.949e+01 3.000e+00 3.755e-04 4.130e-04 4.784e-04 5.566e-04 6.780e-04
 16 13  3 26  3 0.000e+00 2.903e+01 3.000e+00 3.289e-03 3.567e-03 4.106e-03 4.752e-03 5.766e-03
 16 13  3 27  1 4.739e-02 2.821e+01 2.600e+00 3.061e-03 2.906e-03 3.319e-03 4.437e-03 6.736e-03
 16 13  3 28  1 1.293e-02 2.834e+01 2.500e+00 1.512e-03 1.037e-03 9.268e-04 1.150e-03 1.834e-03
 16 13  3 29  1 1.449e-01 2.862e+01 2.500e+00 6.355e-03 8.279e-03 1.051e-02 1.378e-02 2.025e-02
 16 13  3 30  1 2.576e-02 2.875e+01 2.500e+00 1.454e-03 1.464e-03 1.716e-03 2.311e-03 3.588e-03
 16 13  3 32  1 9.773e-02 2.880e+01 2.500e+00 4.437e-03 5.431e-03 6.818e-03 9.024e-03 1.357e-02
 16 13  3 33  1 2.652e-03 2.913e+01 2.000e+00 1.556e-03 9.793e-04 5.348e-04 2.517e-04 3.599e-04
 16 13  3 34  2 0.000e+00 2.760e+01 3.700e+00 5.530e-02 6.195e-02 6.562e-02 6.896e-02 7.290e-02
 16 13  3 35  2 0.000e+00 2.811e+01 2.000e+00 1.716e-03 1.377e-03 1.183e-03 1.011e-03 8.553e-04
 16 13  3 36  2 0.000e+00 2.926e+01 3.500e+00 1.609e-02 2.205e-02 2.750e-02 3.289e-02 4.278e-02
 16 13  3 37  2 0.000e+00 2.947e+01 3.700e+00 1.662e-03 1.355e-03 1.336e-03 1.338e-03 1.541e-03
 16 13  3 38  2 0.000e+00 2.995e+01 1.700e+00 2.122e-03 1.507e-03 1.094e-03 7.202e-04 3.679e-04
 16 13  3 39  2 0.000e+00 2.772e+01 2.000e+00 1.415e-03 1.033e-03 8.431e-04 6.828e-04 6.266e-04
 16 13  3 40  2 0.000e+00 2.885e+01 3.900e+00 1.716e-02 1.901e-02 2.193e-02 2.489e-02 3.102e-02
 16 13  3 41  2 0.000e+00 2.900e+01 2.000e+00 4.561e-03 3.147e-03 2.324e-03 1.603e-03 1.060e-03
 16 13  3 42  2 0.000e+00 2.929e+01 3.700e+00 1.348e-02 1.621e-02 1.927e-02 2.237e-02 2.844e-02
 16 13  3 43  2 0.000e+00 2.944e+01 3.700e+00 5.655e-03 6.732e-03 7.971e-03 9.222e-03 1.169e-02
 16 13  3 44  2 0.000e+00 2.893e+01 3.700e+00 3.203e-02 4.441e-02 5.534e-02 6.618e-02 8.514e-02
 16 13  3 45  2 0.000e+00 2.936e+01 3.900e+00 1.043e-02 1.280e-02 1.529e-02 1.780e-02 2.254e-02
 16 13  3 46  2 0.000e+00 2.995e+01 1.700e+00 5.091e-03 3.435e-03 2.304e-03 1.272e-03 1.720e-04
 16 13  4 11  1 1.338e-01 2.483e+01 2.500e+00 7.433e-03 7.694e-03 9.527e-03 1.345e-02 2.157e-02
 16 13  4 12  3 0.000e+00 2.525e+01 3.000e+00 1.832e-03 2.161e-03 2.574e-03 3.074e-03 3.851e-03
 16 13  4 13  2 0.000e+00 2.583e+01 3.000e+00 1.423e-02 9.453e-03 7.545e-03 5.988e-03 5.693e-03
 16 13  4 14  2 0.000e+00 2.586e+01 3.900e+00 4.809e-03 4.675e-03 5.210e-03 5.822e-03 7.498e-03
 16 13  4 15  2 0.000e+00 2.588e+01 3.000e+00 1.220e-02 9.484e-03 8.979e-03 8.758e-03 1.050e-02
 16 13  4 16  2 0.000e+00 2.591e+01 3.300e+00 1.317e-01 1.362e-01 1.402e-01 1.440e-01 1.505e-01
 16 13  4 17  1 3.661e-02 2.650e+01 2.000e+00 1.614e-02 1.207e-02 9.061e-03 6.720e-03 5.583e-03
 16 13  4 18  1 5.485e-01 2.650e+01 2.500e+00 7.147e-02 6.591e-02 6.446e-02 6.771e-02 8.293e-02
 16 13  4 19  1 3.070e+00 2.652e+01 2.500e+00 2.977e-01 3.174e-01 3.335e-01 3.691e-01 4.634e-01
 16 13  4 20  4 1.161e-04 2.696e+01 2.000e+00 4.237e-02 2.076e-02 7.817e-03 7.899e-04 1.630e-04
 16 13  4 21  3 0.000e+00 2.854e+01 3.000e+00 2.572e-04 2.856e-04 3.283e-04 3.784e-04 4.439e-04
 16 13  4 22  3 0.000e+00 2.952e+01 3.000e+00 6.731e-04 7.314e-04 8.318e-04 9.471e-04 1.097e-03
 16 13  4 23  1 4.188e-01 2.836e+01 2.500e+00 1.353e-02 1.891e-02 2.636e-02 3.765e-02 5.905e-02
 16 13  4 24  2 0.000e+00 2.742e+01 3.900e+00 1.069e-04 1.396e-04 1.708e-04 2.022e-04 2.605e-04
 16 13  4 25  2 0.000e+00 2.936e+01 3.700e+00 5.666e-03 7.331e-03 8.931e-03 1.053e-02 1.350e-02
 16 13  4 26  2 0.000e+00 2.893e+01 3.700e+00 5.713e-02 7.485e-02 9.158e-02 1.083e-01 1.393e-01
 16 13  4 27  4 5.070e-05 2.808e+01 2.000e+00 8.688e-04 4.593e-04 1.963e-04 4.359e-05 9.660e-06
 16 13  4 28  1 3.897e-03 2.821e+01 2.000e+00 1.632e-03 1.071e-03 6.505e-04 3.972e-04 5.486e-04
 16 13  4 29  1 3.301e-02 2.852e+01 2.300e+00 3.132e-03 2.896e-03 2.911e-03 3.324e-03 4.632e-03
 16 13  4 30  1 2.376e-01 2.862e+01 2.500e+00 9.876e-03 1.296e-02 1.669e-02 2.223e-02 3.320e-02
 16 13  4 31  1 4.150e-02 2.824e+01 2.500e+00 2.465e-03 2.372e-03 2.766e-03 3.780e-03 5.891e-03
 16 13  4 32  1 4.275e-01 2.867e+01 2.500e+00 1.620e-02 2.194e-02 2.897e-02 3.930e-02 5.962e-02
 16 13  4 33  1 7.555e-03 2.900e+01 2.100e+00 3.863e-03 2.384e-03 1.323e-03 7.273e-04 1.041e-03
 16 13  4 34  2 0.000e+00 2.747e+01 2.000e+00 1.272e-03 9.283e-04 7.525e-04 6.034e-04 5.387e-04
 16 13  4 35  3 0.000e+00 2.798e+01 3.000e+00 2.655e-03 2.848e-03 3.314e-03 3.912e-03 4.975e-03
 16 13  4 36  2 0.000e+00 2.913e+01 3.400e+00 2.273e-03 1.991e-03 2.044e-03 2.128e-03 2.550e-03
 16 13  4 37  2 0.000e+00 2.934e+01 3.900e+00 1.650e-02 2.154e-02 2.625e-02 3.092e-02 3.938e-02
 16 13  4 38  3 0.000e+00 2.982e+01 3.000e+00 5.038e-03 5.528e-03 6.415e-03 7.504e-03 9.299e-03
 16 13  4 39  2 0.000e+00 2.734e+01 3.700e+00 9.594e-02 1.063e-01 1.122e-01 1.176e-01 1.240e-01
 16 13  4 40  2 0.000e+00 2.872e+01 3.900e+00 8.035e-04 1.063e-03 1.300e-03 1.537e-03 1.963e-03
 16 13  4 41  2 0.000e+00 2.888e+01 2.000e+00 6.981e-03 4.528e-03 3.031e-03 1.693e-03 4.341e-04
 16 13  4 42  2 0.000e+00 2.916e+01 3.900e+00 8.825e-03 9.591e-03 1.098e-02 1.240e-02 1.542e-02
 16 13  4 43  2 0.000e+00 2.931e+01 3.700e+00 2.431e-02 3.074e-02 3.716e-02 4.360e-02 5.576e-02
 16 13  4 44  2 0.000e+00 2.883e+01 3.700e+00 1.228e-02 1.368e-02 1.581e-02 1.800e-02 2.265e-02
 16 13  4 45  2 0.000e+00 2.924e+01 3.900e+00 3.567e-02 4.666e-02 5.689e-02 6.709e-02 8.561e-02
 16 13  4 46  3 0.000e+00 2.982e+01 3.000e+00 1.104e-02 1.204e-02 1.406e-02 1.674e-02 2.190e-02
qq -1
%filename: s_13.splups
%oscillator strengths (n=2): Zhang, Sampson, 1992, ADNDT, 52, 143
%oscillator strengths (n=3): Sampson, D.H., Goett, S.J., Clark, R.E.H., 1984, ADNDT, 30, 125
%effective collision strengths (1 - 10): Keenan, F.P., 1988, Phys.Scripta, 37, 57
%collision strengths (n=3): Sampson, D.H., Goett, S.J., Clark, R.E.H., 1984, ADNDT, 30, 125
%produced as part of the Arcetri/Cambridge/NRL atomic data base collaboration CHIANTI
%comment: Have derived the upsilon data from Table III of Keenan 1988.
   The Delta-E's have been taken from the observed values in the .elvlc
   file. The gf values are from the .wgfa file.
%comment: the effective collision strengths have been calculated in the temperature range 5.6 < Log T < 7.2
% 
% Enrico Landi March 2001 (n=2); n=3 levels added by K. Dere 6/97
 -1
    1                 2s2    2    0  s    1               0.000               0.000
    2                2s2p    2    1  p   12          253688.500               0.000
    3                2s3s    3    0  s    4         3020950.000               0.000
    4                2s3p    3    1  p   12         3105500.000               0.000
    5                2s3d    3    2  d   20         3166790.000               0.000
    6                2s4s    4    0  s    4         4024900.000               0.000
    7                2s4p    4    1  p   12         4066700.000               0.000
    8                2s4d    4    2  d   20         4088294.118               0.000
 -1
%filename: s_13.fblvl
%energy levels: NIST Atomic Spectra Database Version 2.0
%additional energy levels: Khardi et al, 1994, Physica Scripta, 49, 571
%additional energy levels: Martin, W.C., Zalubas, R., Musgrove, A., 1990, J.Phys.Chem.Ref.Data, 19, 821
%comment:  free-bound data file developed from .elvlc file
%produced as part of the Arcetri/Cambridge/NRL 'CHIANTI' atomic data base
%
% E. Landi - Jul 2002
 -1
