SEQ='NA'     NUCCHG=16                                                  /IC/

   PARENT LEVEL INDEXING                BWNP=  85293139.9   NPRNTI= 1   NPRNTF= 1
   ---------------------
   INDP         CODE                 S L   WI        WNP
   ----         ----                 - -   --  ----------
     1                              (1)0( 0.0)        0.0 

   IC RESOLVED LEVEL INDEXING           BWNR=  86001908.8   NLVL=  60
   --------------------------
   INDX  INDP   CODE                 S L   WJ        WNR
   ----  ----   ----                 - -   --  ----------
     1     1    3S1                 (2)0( 0.5)        0.0 
     2     1    3P1                 (2)1( 0.5)   105557.9 
     3     1    3P1                 (2)1( 1.5)   106772.3 
     4     1    3D1                 (2)2( 1.5)   249897.5 
     5     1    3D1                 (2)2( 2.5)   249955.0 
     6     1    4S1                 (2)0( 0.5)   362156.8 
     7     1    4P1                 (2)1( 0.5)   400372.2 
     8     1    4P1                 (2)1( 1.5)   400815.6 
     9     1    4D1                 (2)2( 1.5)   451791.3 
    10     1    4D1                 (2)2( 2.5)   451818.0 
    11     1    4F1                 (2)3( 2.5)   461580.0 
    12     1    4F1                 (2)3( 3.5)   461589.8 
    13     1    5S1                 (2)0( 0.5)   502962.4 
    14     1    5P1                 (2)1( 0.5)   520935.4 
    15     1    5P1                 (2)1( 1.5)   521146.4 
    16     1    5D1                 (2)2( 1.5)   545288.2 
    17     1    5D1                 (2)2( 2.5)   545302.4 
    18     1    5G1                 (1)*( 3.5)   549924.3 
    19     1    5G1                 (1)*( 4.5)   549924.3 
    20     1    5F1                 (2)3( 2.5)   550531.8 
    21     1    5F1                 (2)3( 3.5)   550536.7 
    22     1    6S1                 (2)0( 0.5)   572469.5 
    23     1    6P1                 (2)1( 0.5)   582317.0 
    24     1    6P1                 (2)1( 1.5)   582433.8 
    25     1    6D1                 (2)2( 1.5)   595790.7 
    26     1    6D1                 (2)2( 2.5)   595799.1 
    27     1    6G1                 (1)*( 3.5)   598555.7 
    28     1    6G1                 (1)*( 4.5)   598555.7 
    29     1    6H1                 (1)*( 4.5)   598786.4 
    30     1    6H1                 (1)*( 5.5)   598786.4 
    31     1    6F1                 (2)3( 2.5)   598883.4 
    32     1    6F1                 (2)3( 3.5)   598886.3 
    33     1    7S1                 (2)0( 0.5)   611868.0 
    34     1    7P1                 (2)1( 0.5)   617836.3 
    35     1    7P1                 (2)1( 1.5)   617907.6 
    36     1    7D1                 (2)2( 1.5)   626076.8 
    37     1    7D1                 (2)2( 2.5)   626082.2 
    38     1    7G1                 (1)*( 3.5)   627846.0 
    39     1    7G1                 (1)*( 4.5)   627846.0 
    40     1    7H1                 (1)*( 4.5)   627991.2 
    41     1    7H1                 (1)*( 5.5)   627991.2 
    42     1    7F1                 (2)3( 2.5)   628043.1 
    43     1    7F1                 (2)3( 3.5)   628044.9 
    44     1    7I1                 (1)*( 5.5)   628056.0 
    45     1    7I1                 (1)*( 6.5)   628056.0 
    46     1    8S1                 (2)0( 0.5)   636349.8 
    47     1    8P1                 (2)1( 0.5)   640236.1 
    48     1    8P1                 (2)1( 1.5)   640282.8 
    49     1    8D1                 (2)2( 1.5)   645644.7 
    50     1    8D1                 (2)2( 2.5)   645648.3 
    51     1    8G1                 (1)*( 3.5)   646841.1 
    52     1    8G1                 (1)*( 4.5)   646841.1 
    53     1    8H1                 (1)*( 4.5)   646938.3 
    54     1    8H1                 (1)*( 5.5)   646938.3 
    55     1    8F1                 (2)3( 2.5)   646969.0 
    56     1    8F1                 (2)3( 3.5)   646970.2 
    57     1    8I1                 (1)*( 5.5)   646981.7 
    58     1    8I1                 (1)*( 6.5)   646981.7 
    59     1    8J1                 (1)*( 6.5)   647003.8 
    60     1    8J1                 (1)*( 7.5)   647003.8 

   NL-SHELL INDEXING                     NLREP= 55
   -----------------
   ILREP   N   L
   -----   -   -
     1     1   0
     2     2   0
     3     2   1
     4     3   0
     5     3   1
     6     3   2
     7     4   0
     8     4   1
     9     4   2
    10     4   3
    11     5   0
    12     5   1
    13     5   2
    14     5   3
    15     5   4
    16     6   0
    17     6   1
    18     6   2
    19     6   3
    20     6   4
    21     6   5
    22     7   0
    23     7   1
    24     7   2
    25     7   3
    26     7   4
    27     7   5
    28     7   6
    29     8   0
    30     8   1
    31     8   2
    32     8   3
    33     8   4
    34     8   5
    35     8   6
    36     8   7
    37     9   0
    38     9   1
    39     9   2
    40     9   3
    41     9   4
    42     9   5
    43     9   6
    44     9   7
    45     9   8
    46    10   0
    47    10   1
    48    10   2
    49    10   3
    50    10   4
    51    10   5
    52    10   6
    53    10   7
    54    10   8
    55    10   9

   N-SHELL INDEXING                                     NREP= 42
   ----------------
   INREP   N
   -----   -
     1     1
     2     2
     3     3
     4     4
     5     5
     6     6
     7     7
     8     8
     9     9
    10    10
    11    11
    12    12
    13    13
    14    14
    15    15
    16    16
    17    18
    18    20
    19    22
    20    25
    21    29
    22    35
    23    39
    24    45
    25    49
    26    55
    27    61
    28    70
    29    81
    30   100
    31   115
    32   140
    33   162
    34   200
    35   235
    36   300
    37   353
    38   450
    39   535
    40   700
    41   811
    42   999



 --------------------------
 PRTI= 1  LVLPRT= (1S  0.0)

   INDX TE=  3.60E+02  7.20E+02  1.80E+03  3.60E+03  7.20E+03  1.80E+04  3.60E+04  7.20E+04  1.80E+05  3.60E+05
   ---- ---  7.20E+05  1.80E+06  3.60E+06  7.20E+06  1.80E+07  3.60E+07  7.20E+07  1.80E+08  3.60E+08
     1       1.42E-12  1.00E-12  6.35E-13  4.49E-13  3.18E-13  2.02E-13  1.44E-13  1.04E-13  6.83E-14  5.08E-14
             3.84E-14  2.69E-14  2.04E-14  1.50E-14  9.16E-15  5.73E-15  3.28E-15  1.38E-15  6.50E-16
     2       1.76E-12  1.24E-12  7.86E-13  5.57E-13  3.95E-13  2.52E-13  1.81E-13  1.31E-13  8.77E-14  6.56E-14
             4.88E-14  3.09E-14  2.01E-14  1.19E-14  5.07E-15  2.38E-15  1.03E-15  3.11E-16  1.19E-16
     3       3.49E-12  2.47E-12  1.56E-12  1.11E-12  7.85E-13  5.01E-13  3.59E-13  2.61E-13  1.74E-13  1.31E-13
             9.71E-14  6.17E-14  4.02E-14  2.37E-14  1.01E-14  4.76E-15  2.06E-15  6.21E-16  2.38E-16
     4       3.04E-12  2.15E-12  1.35E-12  9.54E-13  6.70E-13  4.16E-13  2.85E-13  1.91E-13  1.05E-13  6.21E-14
             3.40E-14  1.36E-14  6.22E-15  2.66E-15  7.97E-16  3.04E-16  1.13E-16  2.95E-17  1.06E-17
     5       4.56E-12  3.22E-12  2.03E-12  1.43E-12  1.01E-12  6.24E-13  4.28E-13  2.86E-13  1.57E-13  9.31E-14
             5.10E-14  2.04E-14  9.33E-15  3.99E-15  1.19E-15  4.56E-16  1.69E-16  4.42E-17  1.58E-17
     6       4.78E-13  3.38E-13  2.14E-13  1.52E-13  1.08E-13  6.87E-14  4.92E-14  3.57E-14  2.39E-14  1.79E-14
             1.36E-14  9.53E-15  7.19E-15  5.26E-15  3.19E-15  1.99E-15  1.14E-15  4.77E-16  2.25E-16
     7       5.38E-13  3.81E-13  2.41E-13  1.71E-13  1.22E-13  7.81E-14  5.66E-14  4.17E-14  2.89E-14  2.23E-14
             1.70E-14  1.11E-14  7.28E-15  4.34E-15  1.86E-15  8.76E-16  3.80E-16  1.15E-16  4.39E-17
     8       1.07E-12  7.58E-13  4.80E-13  3.41E-13  2.42E-13  1.56E-13  1.13E-13  8.31E-14  5.76E-14  4.44E-14
             3.39E-14  2.21E-14  1.46E-14  8.66E-15  3.72E-15  1.75E-15  7.61E-16  2.29E-16  8.78E-17
     9       1.81E-12  1.28E-12  8.07E-13  5.69E-13  4.00E-13  2.48E-13  1.70E-13  1.14E-13  6.31E-14  3.75E-14
             2.06E-14  8.25E-15  3.78E-15  1.62E-15  4.84E-16  1.85E-16  6.85E-17  1.79E-17  6.41E-18
    10       2.71E-12  1.92E-12  1.21E-12  8.53E-13  5.99E-13  3.72E-13  2.56E-13  1.71E-13  9.46E-14  5.62E-14
             3.09E-14  1.24E-14  5.66E-15  2.42E-15  7.26E-16  2.77E-16  1.03E-16  2.68E-17  9.61E-18
    11       1.13E-12  7.98E-13  5.02E-13  3.52E-13  2.45E-13  1.48E-13  9.71E-14  6.07E-14  2.90E-14  1.49E-14
             6.94E-15  2.22E-15  8.75E-16  3.30E-16  8.72E-17  3.14E-17  1.12E-17  2.84E-18  1.01E-18
    12       1.51E-12  1.06E-12  6.69E-13  4.69E-13  3.26E-13  1.97E-13  1.29E-13  8.09E-14  3.86E-14  1.98E-14
             9.25E-15  2.97E-15  1.17E-15  4.40E-16  1.16E-16  4.18E-17  1.49E-17  3.79E-18  1.34E-18
    13       2.23E-13  1.57E-13  9.97E-14  7.06E-14  5.02E-14  3.21E-14  2.31E-14  1.69E-14  1.14E-14  8.55E-15
             6.49E-15  4.50E-15  3.37E-15  2.45E-15  1.48E-15  9.22E-16  5.27E-16  2.20E-16  1.04E-16
    14       2.40E-13  1.70E-13  1.08E-13  7.64E-14  5.44E-14  3.51E-14  2.56E-14  1.90E-14  1.34E-14  1.05E-14
             8.06E-15  5.28E-15  3.48E-15  2.07E-15  8.90E-16  4.20E-16  1.82E-16  5.50E-17  2.11E-17
    15       4.79E-13  3.39E-13  2.15E-13  1.52E-13  1.09E-13  7.00E-14  5.10E-14  3.80E-14  2.67E-14  2.09E-14
             1.61E-14  1.06E-14  6.96E-15  4.14E-15  1.78E-15  8.39E-16  3.65E-16  1.10E-16  4.21E-17
    16       1.06E-12  7.49E-13  4.73E-13  3.33E-13  2.34E-13  1.46E-13  1.00E-13  6.71E-14  3.71E-14  2.21E-14
             1.21E-14  4.86E-15  2.22E-15  9.51E-16  2.84E-16  1.09E-16  4.02E-17  1.05E-17  3.76E-18
    17       1.59E-12  1.12E-12  7.09E-13  5.00E-13  3.51E-13  2.18E-13  1.50E-13  1.01E-13  5.57E-14  3.31E-14
             1.82E-14  7.29E-15  3.33E-15  1.43E-15  4.26E-16  1.63E-16  6.03E-17  1.58E-17  5.64E-18
    18       5.54E-13  3.90E-13  2.45E-13  1.70E-13  1.17E-13  6.79E-14  4.25E-14  2.47E-14  1.04E-14  4.81E-15
             2.04E-15  5.91E-16  2.20E-16  8.02E-17  2.07E-17  7.35E-18  2.61E-18  6.61E-19  2.34E-19
    19       6.93E-13  4.88E-13  3.06E-13  2.13E-13  1.46E-13  8.49E-14  5.32E-14  3.09E-14  1.30E-14  6.02E-15
             2.55E-15  7.38E-16  2.75E-16  1.00E-16  2.58E-17  9.19E-18  3.26E-18  8.26E-19  2.92E-19
    20       9.98E-13  7.04E-13  4.43E-13  3.11E-13  2.16E-13  1.30E-13  8.58E-14  5.36E-14  2.56E-14  1.31E-14
             6.11E-15  1.96E-15  7.70E-16  2.90E-16  7.67E-17  2.76E-17  9.83E-18  2.50E-18  8.86E-19
    21       1.33E-12  9.39E-13  5.91E-13  4.14E-13  2.88E-13  1.74E-13  1.14E-13  7.15E-14  3.41E-14  1.75E-14
             8.15E-15  2.61E-15  1.03E-15  3.87E-16  1.02E-16  3.68E-17  1.31E-17  3.33E-18  1.18E-18
    22       1.23E-13  8.70E-14  5.51E-14  3.91E-14  2.78E-14  1.79E-14  1.29E-14  9.43E-15  6.36E-15  4.78E-15
             3.61E-15  2.48E-15  1.84E-15  1.34E-15  8.03E-16  5.00E-16  2.85E-16  1.19E-16  5.64E-17
    23       1.31E-13  9.28E-14  5.88E-14  4.18E-14  2.98E-14  1.92E-14  1.40E-14  1.05E-14  7.42E-15  5.81E-15
             4.48E-15  2.94E-15  1.94E-15  1.15E-15  4.95E-16  2.33E-16  1.01E-16  3.06E-17  1.17E-17
    24       2.62E-13  1.85E-13  1.17E-13  8.33E-14  5.94E-14  3.84E-14  2.80E-14  2.09E-14  1.48E-14  1.16E-14
             8.96E-15  5.87E-15  3.87E-15  2.31E-15  9.90E-16  4.67E-16  2.03E-16  6.11E-17  2.34E-17
    25       6.64E-13  4.69E-13  2.96E-13  2.09E-13  1.47E-13  9.11E-14  6.26E-14  4.20E-14  2.32E-14  1.38E-14
             7.56E-15  3.02E-15  1.38E-15  5.90E-16  1.76E-16  6.73E-17  2.49E-17  6.52E-18  2.33E-18
    26       9.95E-13  7.03E-13  4.44E-13  3.13E-13  2.20E-13  1.37E-13  9.39E-14  6.30E-14  3.48E-14  2.06E-14
             1.13E-14  4.53E-15  2.07E-15  8.85E-16  2.65E-16  1.01E-16  3.74E-17  9.78E-18  3.50E-18
    27       6.31E-13  4.45E-13  2.79E-13  1.94E-13  1.33E-13  7.74E-14  4.85E-14  2.81E-14  1.19E-14  5.48E-15
             2.32E-15  6.72E-16  2.51E-16  9.12E-17  2.35E-17  8.36E-18  2.96E-18  7.51E-19  2.66E-19
    28       7.89E-13  5.56E-13  3.48E-13  2.42E-13  1.66E-13  9.67E-14  6.06E-14  3.52E-14  1.48E-14  6.85E-15
             2.90E-15  8.40E-16  3.13E-16  1.14E-16  2.94E-17  1.04E-17  3.70E-18  9.39E-19  3.32E-19
    29       2.79E-13  1.96E-13  1.22E-13  8.42E-14  5.67E-14  3.15E-14  1.86E-14  1.01E-14  3.79E-15  1.63E-15
             6.47E-16  1.78E-16  6.49E-17  2.33E-17  5.96E-18  2.11E-18  7.48E-19  1.89E-19  6.70E-20
    30       3.35E-13  2.36E-13  1.47E-13  1.01E-13  6.80E-14  3.78E-14  2.24E-14  1.21E-14  4.55E-15  1.95E-15
             7.77E-16  2.14E-16  7.79E-17  2.80E-17  7.15E-18  2.54E-18  8.98E-19  2.27E-19  8.04E-20
    31       7.45E-13  5.26E-13  3.31E-13  2.32E-13  1.61E-13  9.74E-14  6.41E-14  4.00E-14  1.91E-14  9.76E-15
             4.54E-15  1.45E-15  5.70E-16  2.15E-16  5.67E-17  2.04E-17  7.27E-18  1.85E-18  6.55E-19
    32       9.94E-13  7.01E-13  4.41E-13  3.09E-13  2.15E-13  1.30E-13  8.54E-14  5.33E-14  2.54E-14  1.30E-14
             6.05E-15  1.94E-15  7.60E-16  2.86E-16  7.57E-17  2.72E-17  9.70E-18  2.47E-18  8.73E-19
    33       7.59E-14  5.37E-14  3.40E-14  2.42E-14  1.72E-14  1.11E-14  8.00E-15  5.86E-15  3.94E-15  2.95E-15
             2.21E-15  1.51E-15  1.12E-15  8.07E-16  4.84E-16  3.01E-16  1.72E-16  7.18E-17  3.39E-17
    34       8.11E-14  5.74E-14  3.64E-14  2.58E-14  1.84E-14  1.19E-14  8.68E-15  6.48E-15  4.58E-15  3.58E-15
             2.76E-15  1.80E-15  1.19E-15  7.06E-16  3.03E-16  1.43E-16  6.20E-17  1.87E-17  7.17E-18
    35       1.62E-13  1.14E-13  7.26E-14  5.15E-14  3.67E-14  2.37E-14  1.73E-14  1.29E-14  9.15E-15  7.15E-15
             5.51E-15  3.61E-15  2.37E-15  1.41E-15  6.06E-16  2.86E-16  1.24E-16  3.74E-17  1.43E-17
    36       4.42E-13  3.12E-13  1.97E-13  1.39E-13  9.77E-14  6.06E-14  4.16E-14  2.79E-14  1.53E-14  9.09E-15
             4.99E-15  1.99E-15  9.08E-16  3.88E-16  1.16E-16  4.42E-17  1.64E-17  4.28E-18  1.53E-18
    37       6.63E-13  4.68E-13  2.96E-13  2.08E-13  1.46E-13  9.09E-14  6.24E-14  4.18E-14  2.30E-14  1.36E-14
             7.48E-15  2.98E-15  1.36E-15  5.82E-16  1.74E-16  6.63E-17  2.46E-17  6.42E-18  2.30E-18
    38       5.55E-13  3.91E-13  2.45E-13  1.71E-13  1.17E-13  6.80E-14  4.26E-14  2.47E-14  1.04E-14  4.80E-15
             2.03E-15  5.89E-16  2.19E-16  7.98E-17  2.06E-17  7.32E-18  2.60E-18  6.58E-19  2.33E-19
    39       6.94E-13  4.89E-13  3.06E-13  2.13E-13  1.46E-13  8.51E-14  5.33E-14  3.09E-14  1.30E-14  6.01E-15
             2.54E-15  7.36E-16  2.74E-16  9.98E-17  2.57E-17  9.15E-18  3.24E-18  8.22E-19  2.91E-19
    40       3.91E-13  2.75E-13  1.71E-13  1.18E-13  7.95E-14  4.42E-14  2.61E-14  1.41E-14  5.32E-15  2.28E-15
             9.07E-16  2.49E-16  9.09E-17  3.26E-17  8.34E-18  2.96E-18  1.05E-18  2.65E-19  9.38E-20
    41       4.69E-13  3.30E-13  2.05E-13  1.42E-13  9.54E-14  5.30E-14  3.14E-14  1.69E-14  6.38E-15  2.73E-15
             1.09E-15  2.99E-16  1.09E-16  3.92E-17  1.00E-17  3.55E-18  1.26E-18  3.18E-19  1.13E-19
    42       5.47E-13  3.86E-13  2.43E-13  1.70E-13  1.18E-13  7.14E-14  4.69E-14  2.92E-14  1.39E-14  7.10E-15
             3.30E-15  1.05E-15  4.14E-16  1.56E-16  4.11E-17  1.48E-17  5.27E-18  1.34E-18  4.75E-19
    43       7.29E-13  5.15E-13  3.24E-13  2.27E-13  1.58E-13  9.52E-14  6.25E-14  3.90E-14  1.85E-14  9.47E-15
             4.40E-15  1.40E-15  5.51E-16  2.08E-16  5.48E-17  1.97E-17  7.03E-18  1.79E-18  6.33E-19
    44       1.42E-13  9.93E-14  6.13E-14  4.17E-14  2.74E-14  1.44E-14  8.04E-15  4.04E-15  1.39E-15  5.65E-16
             2.16E-16  5.77E-17  2.08E-17  7.42E-18  1.89E-18  6.69E-19  2.37E-19  5.99E-20  2.12E-20
    45       1.65E-13  1.16E-13  7.15E-14  4.86E-14  3.20E-14  1.68E-14  9.39E-15  4.72E-15  1.63E-15  6.59E-16
             2.52E-16  6.73E-17  2.42E-17  8.65E-18  2.20E-18  7.80E-19  2.76E-19  6.99E-20  2.47E-20
    46       5.05E-14  3.58E-14  2.27E-14  1.61E-14  1.15E-14  7.38E-15  5.34E-15  3.91E-15  2.62E-15  1.95E-15
             1.46E-15  9.87E-16  7.28E-16  5.25E-16  3.14E-16  1.95E-16  1.11E-16  4.65E-17  2.20E-17
    47       5.45E-14  3.86E-14  2.44E-14  1.73E-14  1.24E-14  7.97E-15  5.81E-15  4.32E-15  3.04E-15  2.37E-15
             1.82E-15  1.19E-15  7.81E-16  4.64E-16  1.99E-16  9.38E-17  4.07E-17  1.23E-17  4.70E-18
    48       1.09E-13  7.70E-14  4.88E-14  3.46E-14  2.47E-14  1.59E-14  1.16E-14  8.64E-15  6.07E-15  4.73E-15
             3.64E-15  2.37E-15  1.56E-15  9.28E-16  3.98E-16  1.88E-16  8.14E-17  2.46E-17  9.40E-18
    49       3.10E-13  2.19E-13  1.38E-13  9.74E-14  6.84E-14  4.24E-14  2.91E-14  1.94E-14  1.07E-14  6.30E-15
             3.45E-15  1.37E-15  6.26E-16  2.67E-16  7.97E-17  3.04E-17  1.13E-17  2.94E-18  1.05E-18
    50       4.65E-13  3.28E-13  2.07E-13  1.46E-13  1.03E-13  6.36E-14  4.36E-14  2.91E-14  1.60E-14  9.45E-15
             5.17E-15  2.06E-15  9.39E-16  4.01E-16  1.20E-16  4.56E-17  1.69E-17  4.41E-18  1.58E-18
    51       4.55E-13  3.21E-13  2.01E-13  1.40E-13  9.59E-14  5.57E-14  3.49E-14  2.02E-14  8.49E-15  3.92E-15
             1.66E-15  4.80E-16  1.79E-16  6.51E-17  1.68E-17  5.96E-18  2.11E-18  5.36E-19  1.90E-19
    52       5.69E-13  4.01E-13  2.51E-13  1.75E-13  1.20E-13  6.97E-14  4.36E-14  2.53E-14  1.06E-14  4.90E-15
             2.07E-15  6.00E-16  2.24E-16  8.13E-17  2.09E-17  7.45E-18  2.64E-18  6.70E-19  2.37E-19
    53       3.97E-13  2.79E-13  1.74E-13  1.20E-13  8.06E-14  4.48E-14  2.65E-14  1.43E-14  5.38E-15  2.31E-15
             9.18E-16  2.52E-16  9.20E-17  3.30E-17  8.44E-18  2.99E-18  1.06E-18  2.68E-19  9.49E-20
    54       4.76E-13  3.35E-13  2.08E-13  1.44E-13  9.67E-14  5.37E-14  3.18E-14  1.71E-14  6.46E-15  2.77E-15
             1.10E-15  3.03E-16  1.10E-16  3.96E-17  1.01E-17  3.59E-18  1.27E-18  3.22E-19  1.14E-19
    55       4.07E-13  2.87E-13  1.81E-13  1.27E-13  8.80E-14  5.30E-14  3.48E-14  2.16E-14  1.02E-14  5.23E-15
             2.42E-15  7.73E-16  3.03E-16  1.14E-16  3.01E-17  1.08E-17  3.86E-18  9.82E-19  3.48E-19
    56       5.43E-13  3.83E-13  2.41E-13  1.69E-13  1.17E-13  7.06E-14  4.64E-14  2.88E-14  1.37E-14  6.97E-15
             3.23E-15  1.03E-15  4.04E-16  1.52E-16  4.02E-17  1.44E-17  5.15E-18  1.31E-18  4.64E-19
    57       2.36E-13  1.65E-13  1.02E-13  6.94E-14  4.57E-14  2.40E-14  1.34E-14  6.73E-15  2.32E-15  9.40E-16
             3.60E-16  9.60E-17  3.46E-17  1.23E-17  3.14E-18  1.11E-18  3.94E-19  9.97E-20  3.53E-20
    58       2.75E-13  1.93E-13  1.19E-13  8.10E-14  5.33E-14  2.80E-14  1.56E-14  7.86E-15  2.71E-15  1.10E-15
             4.20E-16  1.12E-16  4.04E-17  1.44E-17  3.67E-18  1.30E-18  4.60E-19  1.16E-19  4.11E-20
    59       7.22E-14  5.04E-14  3.08E-14  2.06E-14  1.32E-14  6.54E-15  3.43E-15  1.62E-15  5.20E-16  2.03E-16
             7.57E-17  1.98E-17  7.10E-18  2.53E-18  6.42E-19  2.27E-19  8.03E-20  2.03E-20  7.19E-21
    60       8.25E-14  5.76E-14  3.52E-14  2.36E-14  1.51E-14  7.47E-15  3.93E-15  1.85E-15  5.94E-16  2.32E-16
             8.65E-17  2.27E-17  8.12E-18  2.89E-18  7.33E-19  2.60E-19  9.18E-20  2.32E-20  8.22E-21

                                                                                     --------------------------
                                                                                     PRTF= 1  LVLPRT= (1S  0.0)
   ILREP
   -----
     4       1.42E-12  1.00E-12  6.35E-13  4.49E-13  3.18E-13  2.02E-13  1.44E-13  1.04E-13  6.83E-14  5.08E-14
             3.84E-14  2.69E-14  2.04E-14  1.50E-14  9.16E-15  5.73E-15  3.28E-15  1.38E-15  6.50E-16
     5       5.25E-12  3.71E-12  2.35E-12  1.66E-12  1.18E-12  7.53E-13  5.40E-13  3.92E-13  2.62E-13  1.96E-13
             1.46E-13  9.27E-14  6.03E-14  3.56E-14  1.52E-14  7.14E-15  3.09E-15  9.32E-16  3.57E-16
     6       7.59E-12  5.37E-12  3.39E-12  2.39E-12  1.68E-12  1.04E-12  7.13E-13  4.77E-13  2.62E-13  1.55E-13
             8.51E-14  3.40E-14  1.55E-14  6.66E-15  1.99E-15  7.61E-16  2.82E-16  7.37E-17  2.64E-17
     7       4.78E-13  3.38E-13  2.14E-13  1.52E-13  1.08E-13  6.87E-14  4.92E-14  3.57E-14  2.39E-14  1.79E-14
             1.36E-14  9.53E-15  7.19E-15  5.26E-15  3.19E-15  1.99E-15  1.14E-15  4.77E-16  2.25E-16
     8       1.61E-12  1.14E-12  7.21E-13  5.11E-13  3.64E-13  2.34E-13  1.69E-13  1.25E-13  8.64E-14  6.67E-14
             5.10E-14  3.32E-14  2.18E-14  1.30E-14  5.58E-15  2.63E-15  1.14E-15  3.44E-16  1.32E-16
     9       4.52E-12  3.19E-12  2.02E-12  1.42E-12  9.99E-13  6.20E-13  4.26E-13  2.85E-13  1.58E-13  9.37E-14
             5.15E-14  2.06E-14  9.44E-15  4.04E-15  1.21E-15  4.62E-16  1.71E-16  4.47E-17  1.60E-17
    10       2.64E-12  1.86E-12  1.17E-12  8.21E-13  5.71E-13  3.44E-13  2.27E-13  1.42E-13  6.76E-14  3.47E-14
             1.62E-14  5.19E-15  2.04E-15  7.69E-16  2.04E-16  7.32E-17  2.61E-17  6.64E-18  2.35E-18
    11       2.23E-13  1.57E-13  9.97E-14  7.06E-14  5.02E-14  3.21E-14  2.31E-14  1.69E-14  1.14E-14  8.55E-15
             6.49E-15  4.50E-15  3.37E-15  2.45E-15  1.48E-15  9.22E-16  5.27E-16  2.20E-16  1.04E-16
    12       7.20E-13  5.09E-13  3.22E-13  2.29E-13  1.63E-13  1.05E-13  7.66E-14  5.70E-14  4.01E-14  3.13E-14
             2.42E-14  1.58E-14  1.04E-14  6.22E-15  2.67E-15  1.26E-15  5.47E-16  1.65E-16  6.32E-17
    13       2.65E-12  1.87E-12  1.18E-12  8.33E-13  5.86E-13  3.64E-13  2.50E-13  1.68E-13  9.28E-14  5.51E-14
             3.03E-14  1.21E-14  5.56E-15  2.38E-15  7.11E-16  2.71E-16  1.01E-16  2.63E-17  9.41E-18
    14       2.33E-12  1.64E-12  1.03E-12  7.25E-13  5.04E-13  3.04E-13  2.00E-13  1.25E-13  5.97E-14  3.06E-14
             1.43E-14  4.57E-15  1.80E-15  6.77E-16  1.79E-16  6.43E-17  2.29E-17  5.84E-18  2.07E-18
    15       1.25E-12  8.78E-13  5.50E-13  3.83E-13  2.63E-13  1.53E-13  9.57E-14  5.56E-14  2.34E-14  1.08E-14
             4.58E-15  1.33E-15  4.96E-16  1.80E-16  4.65E-17  1.65E-17  5.87E-18  1.49E-18  5.26E-19
    16       1.23E-13  8.70E-14  5.51E-14  3.91E-14  2.78E-14  1.79E-14  1.29E-14  9.43E-15  6.36E-15  4.78E-15
             3.61E-15  2.48E-15  1.84E-15  1.34E-15  8.03E-16  5.00E-16  2.85E-16  1.19E-16  5.64E-17
    17       3.93E-13  2.78E-13  1.76E-13  1.25E-13  8.91E-14  5.76E-14  4.21E-14  3.14E-14  2.22E-14  1.74E-14
             1.34E-14  8.81E-15  5.81E-15  3.46E-15  1.49E-15  7.00E-16  3.04E-16  9.17E-17  3.51E-17
    18       1.66E-12  1.17E-12  7.40E-13  5.22E-13  3.67E-13  2.28E-13  1.57E-13  1.05E-13  5.80E-14  3.44E-14
             1.89E-14  7.55E-15  3.45E-15  1.48E-15  4.41E-16  1.68E-16  6.23E-17  1.63E-17  5.83E-18
    19       1.74E-12  1.23E-12  7.72E-13  5.41E-13  3.77E-13  2.27E-13  1.49E-13  9.33E-14  4.45E-14  2.28E-14
             1.06E-14  3.39E-15  1.33E-15  5.01E-16  1.32E-16  4.76E-17  1.70E-17  4.32E-18  1.53E-18
    20       1.42E-12  1.00E-12  6.27E-13  4.36E-13  2.99E-13  1.74E-13  1.09E-13  6.33E-14  2.67E-14  1.23E-14
             5.22E-15  1.51E-15  5.64E-16  2.05E-16  5.28E-17  1.88E-17  6.67E-18  1.69E-18  5.98E-19
    21       6.14E-13  4.32E-13  2.69E-13  1.85E-13  1.25E-13  6.93E-14  4.10E-14  2.21E-14  8.35E-15  3.58E-15
             1.42E-15  3.92E-16  1.43E-16  5.13E-17  1.31E-17  4.65E-18  1.65E-18  4.17E-19  1.47E-19
    22       7.59E-14  5.37E-14  3.40E-14  2.42E-14  1.72E-14  1.11E-14  8.00E-15  5.86E-15  3.94E-15  2.95E-15
             2.21E-15  1.51E-15  1.12E-15  8.07E-16  4.84E-16  3.01E-16  1.72E-16  7.18E-17  3.39E-17
    23       2.43E-13  1.72E-13  1.09E-13  7.73E-14  5.51E-14  3.56E-14  2.60E-14  1.94E-14  1.37E-14  1.07E-14
             8.27E-15  5.41E-15  3.56E-15  2.12E-15  9.09E-16  4.28E-16  1.86E-16  5.61E-17  2.15E-17
    24       1.11E-12  7.81E-13  4.93E-13  3.47E-13  2.44E-13  1.52E-13  1.04E-13  6.96E-14  3.84E-14  2.27E-14
             1.25E-14  4.97E-15  2.27E-15  9.70E-16  2.90E-16  1.10E-16  4.09E-17  1.07E-17  3.83E-18
    25       1.28E-12  9.01E-13  5.67E-13  3.97E-13  2.76E-13  1.67E-13  1.09E-13  6.82E-14  3.24E-14  1.66E-14
             7.69E-15  2.46E-15  9.65E-16  3.63E-16  9.60E-17  3.45E-17  1.23E-17  3.13E-18  1.11E-18
    26       1.25E-12  8.80E-13  5.51E-13  3.84E-13  2.63E-13  1.53E-13  9.59E-14  5.56E-14  2.34E-14  1.08E-14
             4.57E-15  1.32E-15  4.94E-16  1.80E-16  4.63E-17  1.65E-17  5.84E-18  1.48E-18  5.24E-19
    27       8.61E-13  6.05E-13  3.77E-13  2.60E-13  1.75E-13  9.71E-14  5.75E-14  3.10E-14  1.17E-14  5.01E-15
             1.99E-15  5.48E-16  2.00E-16  7.18E-17  1.83E-17  6.51E-18  2.30E-18  5.84E-19  2.06E-19
    28       3.07E-13  2.15E-13  1.33E-13  9.03E-14  5.94E-14  3.13E-14  1.74E-14  8.76E-15  3.02E-15  1.22E-15
             4.68E-16  1.25E-16  4.50E-17  1.61E-17  4.09E-18  1.45E-18  5.13E-19  1.30E-19  4.59E-20
    29       5.05E-14  3.58E-14  2.27E-14  1.61E-14  1.15E-14  7.38E-15  5.34E-15  3.91E-15  2.62E-15  1.95E-15
             1.46E-15  9.87E-16  7.28E-16  5.25E-16  3.14E-16  1.95E-16  1.11E-16  4.65E-17  2.20E-17
    30       1.63E-13  1.16E-13  7.32E-14  5.20E-14  3.70E-14  2.39E-14  1.74E-14  1.30E-14  9.11E-15  7.10E-15
             5.46E-15  3.56E-15  2.34E-15  1.39E-15  5.97E-16  2.81E-16  1.22E-16  3.68E-17  1.41E-17
    31       7.75E-13  5.47E-13  3.46E-13  2.43E-13  1.71E-13  1.06E-13  7.27E-14  4.85E-14  2.66E-14  1.58E-14
             8.62E-15  3.43E-15  1.56E-15  6.68E-16  1.99E-16  7.60E-17  2.81E-17  7.36E-18  2.63E-18
    32       9.50E-13  6.70E-13  4.22E-13  2.96E-13  2.05E-13  1.24E-13  8.11E-14  5.04E-14  2.39E-14  1.22E-14
             5.66E-15  1.80E-15  7.07E-16  2.66E-16  7.03E-17  2.53E-17  9.01E-18  2.29E-18  8.11E-19
    33       1.02E-12  7.22E-13  4.52E-13  3.15E-13  2.16E-13  1.25E-13  7.85E-14  4.55E-14  1.91E-14  8.82E-15
             3.73E-15  1.08E-15  4.02E-16  1.46E-16  3.77E-17  1.34E-17  4.76E-18  1.21E-18  4.27E-19
    34       8.73E-13  6.14E-13  3.82E-13  2.63E-13  1.77E-13  9.85E-14  5.83E-14  3.14E-14  1.18E-14  5.07E-15
             2.02E-15  5.55E-16  2.02E-16  7.27E-17  1.86E-17  6.59E-18  2.33E-18  5.91E-19  2.09E-19
    35       5.11E-13  3.58E-13  2.21E-13  1.50E-13  9.90E-14  5.21E-14  2.90E-14  1.46E-14  5.03E-15  2.04E-15
             7.80E-16  2.08E-16  7.50E-17  2.68E-17  6.81E-18  2.41E-18  8.54E-19  2.16E-19  7.64E-20
    36       1.55E-13  1.08E-13  6.60E-14  4.42E-14  2.83E-14  1.40E-14  7.36E-15  3.47E-15  1.11E-15  4.34E-16
             1.62E-16  4.25E-17  1.52E-17  5.41E-18  1.37E-18  4.87E-19  1.72E-19  4.36E-20  1.54E-20
    37       3.56E-14  2.52E-14  1.60E-14  1.13E-14  8.07E-15  5.20E-15  3.76E-15  2.75E-15  1.83E-15  1.36E-15
             1.01E-15  6.80E-16  5.01E-16  3.60E-16  2.15E-16  1.34E-16  7.63E-17  3.19E-17  1.51E-17
    38       1.17E-13  8.25E-14  5.22E-14  3.70E-14  2.63E-14  1.70E-14  1.23E-14  9.13E-15  6.38E-15  4.95E-15
             3.79E-15  2.47E-15  1.62E-15  9.63E-16  4.13E-16  1.94E-16  8.45E-17  2.55E-17  9.76E-18
    39       5.66E-13  4.00E-13  2.52E-13  1.78E-13  1.25E-13  7.72E-14  5.28E-14  3.52E-14  1.92E-14  1.13E-14
             6.19E-15  2.46E-15  1.12E-15  4.78E-16  1.43E-16  5.44E-17  2.01E-17  5.26E-18  1.88E-18
    40       7.22E-13  5.09E-13  3.20E-13  2.24E-13  1.56E-13  9.37E-14  6.14E-14  3.81E-14  1.80E-14  9.15E-15
             4.24E-15  1.35E-15  5.29E-16  1.99E-16  5.25E-17  1.89E-17  6.73E-18  1.71E-18  6.06E-19
    41       8.25E-13  5.81E-13  3.64E-13  2.53E-13  1.74E-13  1.01E-13  6.30E-14  3.65E-14  1.53E-14  7.06E-15
             2.98E-15  8.62E-16  3.21E-16  1.17E-16  3.01E-17  1.07E-17  3.80E-18  9.63E-19  3.41E-19
    42       7.93E-13  5.58E-13  3.47E-13  2.39E-13  1.61E-13  8.94E-14  5.29E-14  2.85E-14  1.07E-14  4.60E-15
             1.83E-15  5.02E-16  1.83E-16  6.58E-17  1.68E-17  5.96E-18  2.11E-18  5.35E-19  1.89E-19
    43       5.87E-13  4.12E-13  2.54E-13  1.73E-13  1.14E-13  5.98E-14  3.34E-14  1.68E-14  5.77E-15  2.34E-15
             8.96E-16  2.39E-16  8.61E-17  3.07E-17  7.82E-18  2.77E-18  9.80E-19  2.48E-19  8.77E-20
    44       2.99E-13  2.09E-13  1.27E-13  8.53E-14  5.46E-14  2.71E-14  1.42E-14  6.72E-15  2.15E-15  8.40E-16
             3.14E-16  8.22E-17  2.94E-17  1.05E-17  2.66E-18  9.40E-19  3.33E-19  8.42E-20  2.98E-20
    45       7.86E-14  5.46E-14  3.29E-14  2.16E-14  1.34E-14  6.24E-15  3.10E-15  1.39E-15  4.21E-16  1.60E-16
             5.88E-17  1.53E-17  5.44E-18  1.93E-18  4.90E-19  1.73E-19  6.13E-20  1.55E-20  5.48E-21
    46       2.61E-14  1.85E-14  1.17E-14  8.32E-15  5.93E-15  3.82E-15  2.76E-15  2.01E-15  1.34E-15  9.85E-16
             7.28E-16  4.89E-16  3.59E-16  2.57E-16  1.54E-16  9.55E-17  5.44E-17  2.27E-17  1.07E-17
    47       8.70E-14  6.15E-14  3.89E-14  2.76E-14  1.96E-14  1.26E-14  9.09E-15  6.70E-15  4.65E-15  3.59E-15
             2.74E-15  1.78E-15  1.17E-15  6.93E-16  2.97E-16  1.40E-16  6.08E-17  1.83E-17  7.02E-18
    48       4.28E-13  3.02E-13  1.91E-13  1.34E-13  9.41E-14  5.81E-14  3.96E-14  2.63E-14  1.43E-14  8.43E-15
             4.59E-15  1.82E-15  8.29E-16  3.53E-16  1.05E-16  4.02E-17  1.49E-17  3.89E-18  1.39E-18
    49       5.61E-13  3.96E-13  2.49E-13  1.74E-13  1.21E-13  7.25E-14  4.74E-14  2.93E-14  1.38E-14  7.00E-15
             3.24E-15  1.03E-15  4.03E-16  1.52E-16  4.00E-17  1.44E-17  5.13E-18  1.30E-18  4.62E-19
    50       6.64E-13  4.68E-13  2.93E-13  2.04E-13  1.40E-13  8.11E-14  5.06E-14  2.93E-14  1.22E-14  5.64E-15
             2.38E-15  6.88E-16  2.56E-16  9.32E-17  2.40E-17  8.54E-18  3.03E-18  7.68E-19  2.72E-19
    51       6.89E-13  4.85E-13  3.02E-13  2.08E-13  1.40E-13  7.76E-14  4.59E-14  2.47E-14  9.30E-15  3.98E-15
             1.58E-15  4.34E-16  1.58E-16  5.69E-17  1.45E-17  5.15E-18  1.83E-18  4.62E-19  1.63E-19
    52       5.86E-13  4.11E-13  2.53E-13  1.72E-13  1.13E-13  5.97E-14  3.32E-14  1.67E-14  5.75E-15  2.33E-15
             8.91E-16  2.38E-16  8.56E-17  3.06E-17  7.78E-18  2.76E-18  9.75E-19  2.47E-19  8.73E-20
    53       3.84E-13  2.68E-13  1.64E-13  1.10E-13  7.01E-14  3.48E-14  1.83E-14  8.62E-15  2.76E-15  1.08E-15
             4.03E-16  1.05E-16  3.77E-17  1.34E-17  3.41E-18  1.21E-18  4.27E-19  1.08E-19  3.82E-20
    54       1.73E-13  1.20E-13  7.24E-14  4.75E-14  2.95E-14  1.37E-14  6.83E-15  3.06E-15  9.27E-16  3.52E-16
             1.29E-16  3.35E-17  1.20E-17  4.25E-18  1.08E-18  3.81E-19  1.35E-19  3.41E-20  1.21E-20
    55       4.01E-14  2.77E-14  1.65E-14  1.06E-14  6.33E-15  2.78E-15  1.31E-15  5.61E-16  1.63E-16  6.09E-17
             2.22E-17  5.71E-18  2.03E-18  7.20E-19  1.82E-19  6.45E-20  2.28E-20  5.77E-21  2.04E-21

   INREP
   -----
     3       1.43E-11  1.01E-11  6.37E-12  4.50E-12  3.17E-12  2.00E-12  1.40E-12  9.72E-13  5.93E-13  4.02E-13
             2.69E-13  1.53E-13  9.60E-14  5.72E-14  2.63E-14  1.36E-14  6.63E-15  2.37E-15  1.03E-15
     4       9.25E-12  6.53E-12  4.12E-12  2.91E-12  2.04E-12  1.27E-12  8.71E-13  5.88E-13  3.36E-13  2.13E-13
             1.32E-13  6.82E-14  4.03E-14  2.29E-14  1.01E-14  5.13E-15  2.46E-15  8.68E-16  3.74E-16
     5       7.17E-12  5.06E-12  3.19E-12  2.24E-12  1.57E-12  9.58E-13  6.46E-13  4.22E-13  2.27E-13  1.36E-13
             7.96E-14  3.81E-14  2.15E-14  1.18E-14  5.05E-15  2.52E-15  1.19E-15  4.16E-16  1.79E-16
     6       5.95E-12  4.20E-12  2.64E-12  1.85E-12  1.28E-12  7.74E-13  5.11E-13  3.25E-13  1.66E-13  9.52E-14
             5.30E-14  2.40E-14  1.30E-14  6.97E-15  2.90E-15  1.43E-15  6.72E-16  2.32E-16  9.92E-17
     7       5.12E-12  3.61E-12  2.26E-12  1.58E-12  1.09E-12  6.46E-13  4.19E-13  2.59E-13  1.27E-13  6.99E-14
             3.75E-14  1.62E-14  8.57E-15  4.48E-15  1.83E-15  8.91E-16  4.16E-16  1.43E-16  6.08E-17
     8       4.50E-12  3.17E-12  1.98E-12  1.38E-12  9.45E-13  5.51E-13  3.50E-13  2.11E-13  9.94E-14  5.33E-14
             2.78E-14  1.16E-14  5.98E-15  3.07E-15  1.23E-15  5.96E-16  2.76E-16  9.44E-17  4.00E-17
     9       4.02E-12  2.83E-12  1.77E-12  1.22E-12  8.31E-13  4.77E-13  2.97E-13  1.75E-13  7.98E-14  4.17E-14
             2.12E-14  8.58E-15  4.35E-15  2.20E-15  8.73E-16  4.18E-16  1.93E-16  6.57E-17  2.78E-17
    10       3.64E-12  2.56E-12  1.59E-12  1.10E-12  7.40E-13  4.17E-13  2.55E-13  1.47E-13  6.53E-14  3.34E-14
             1.66E-14  6.57E-15  3.28E-15  1.64E-15  6.41E-16  3.05E-16  1.40E-16  4.75E-17  2.01E-17
    11       3.32E-12  2.33E-12  1.45E-12  9.91E-13  6.63E-13  3.68E-13  2.21E-13  1.25E-13  5.41E-14  2.72E-14
             1.33E-14  5.15E-15  2.54E-15  1.25E-15  4.86E-16  2.30E-16  1.05E-16  3.56E-17  1.50E-17
    12       3.05E-12  2.14E-12  1.32E-12  9.02E-13  5.99E-13  3.26E-13  1.93E-13  1.08E-13  4.55E-14  2.25E-14
             1.09E-14  4.12E-15  2.01E-15  9.83E-16  3.77E-16  1.78E-16  8.12E-17  2.73E-17  1.15E-17
    13       2.82E-12  1.98E-12  1.22E-12  8.26E-13  5.44E-13  2.92E-13  1.70E-13  9.34E-14  3.86E-14  1.88E-14
             8.97E-15  3.36E-15  1.62E-15  7.85E-16  2.99E-16  1.40E-16  6.39E-17  2.14E-17  9.01E-18
    14       2.63E-12  1.84E-12  1.13E-12  7.60E-13  4.96E-13  2.62E-13  1.51E-13  8.16E-14  3.31E-14  1.60E-14
             7.51E-15  2.77E-15  1.32E-15  6.38E-16  2.41E-16  1.13E-16  5.13E-17  1.72E-17  7.20E-18
    15       2.46E-12  1.72E-12  1.05E-12  7.05E-13  4.56E-13  2.37E-13  1.35E-13  7.19E-14  2.88E-14  1.37E-14
             6.39E-15  2.33E-15  1.10E-15  5.27E-16  1.98E-16  9.22E-17  4.17E-17  1.39E-17  5.83E-18
    16       2.32E-12  1.61E-12  9.82E-13  6.55E-13  4.20E-13  2.15E-13  1.21E-13  6.36E-14  2.50E-14  1.18E-14
             5.45E-15  1.97E-15  9.25E-16  4.40E-16  1.64E-16  7.63E-17  3.45E-17  1.15E-17  4.80E-18
    17       2.06E-12  1.43E-12  8.61E-13  5.67E-13  3.58E-13  1.78E-13  9.78E-14  5.04E-14  1.93E-14  8.95E-15
             4.08E-15  1.45E-15  6.71E-16  3.16E-16  1.17E-16  5.40E-17  2.43E-17  8.04E-18  3.33E-18
    18       1.85E-12  1.28E-12  7.64E-13  4.98E-13  3.09E-13  1.50E-13  8.07E-14  4.08E-14  1.53E-14  6.99E-15
             3.14E-15  1.10E-15  5.05E-16  2.36E-16  8.63E-17  3.97E-17  1.78E-17  5.87E-18  2.41E-18
    19       1.68E-12  1.16E-12  6.85E-13  4.40E-13  2.69E-13  1.28E-13  6.74E-14  3.35E-14  1.23E-14  5.57E-15
             2.48E-15  8.54E-16  3.90E-16  1.81E-16  6.56E-17  3.01E-17  1.34E-17  4.43E-18  1.84E-18
    20       1.47E-12  1.01E-12  5.86E-13  3.71E-13  2.22E-13  1.02E-13  5.25E-14  2.56E-14  9.20E-15  4.10E-15
             1.80E-15  6.10E-16  2.75E-16  1.26E-16  4.54E-17  2.07E-17  9.21E-18  3.02E-18  1.25E-18
    21       1.26E-12  8.53E-13  4.86E-13  3.00E-13  1.75E-13  7.75E-14  3.89E-14  1.85E-14  6.50E-15  2.85E-15
             1.23E-15  4.11E-16  1.83E-16  8.33E-17  2.97E-17  1.34E-17  5.95E-18  1.95E-18  8.05E-19
    22       1.03E-12  6.85E-13  3.78E-13  2.27E-13  1.27E-13  5.39E-14  2.62E-14  1.22E-14  4.15E-15  1.79E-15
             7.61E-16  2.49E-16  1.10E-16  4.92E-17  1.73E-17  7.78E-18  3.43E-18  1.11E-18  4.59E-19
    23       9.09E-13  6.01E-13  3.25E-13  1.91E-13  1.05E-13  4.33E-14  2.08E-14  9.49E-15  3.19E-15  1.36E-15
             5.75E-16  1.86E-16  8.14E-17  3.63E-17  1.27E-17  5.68E-18  2.50E-18  8.09E-19  3.33E-19
    24       7.71E-13  5.01E-13  2.63E-13  1.51E-13  8.08E-14  3.23E-14  1.51E-14  6.80E-15  2.24E-15  9.46E-16
             3.96E-16  1.27E-16  5.49E-17  2.43E-17  8.41E-18  3.75E-18  1.64E-18  5.30E-19  2.17E-19
    25       6.97E-13  4.48E-13  2.31E-13  1.30E-13  6.87E-14  2.69E-14  1.25E-14  5.55E-15  1.81E-15  7.61E-16
             3.17E-16  1.01E-16  4.34E-17  1.91E-17  6.59E-18  2.93E-18  1.28E-18  4.12E-19  1.68E-19
    26       6.05E-13  3.83E-13  1.92E-13  1.06E-13  5.48E-14  2.10E-14  9.58E-15  4.21E-15  1.36E-15  5.65E-16
             2.33E-16  7.37E-17  3.15E-17  1.38E-17  4.73E-18  2.09E-18  9.12E-19  2.93E-19  1.19E-19
    27       5.31E-13  3.31E-13  1.62E-13  8.77E-14  4.45E-14  1.67E-14  7.52E-15  3.27E-15  1.04E-15  4.32E-16
             1.77E-16  5.56E-17  2.37E-17  1.03E-17  3.51E-18  1.55E-18  6.74E-19  2.15E-19  8.75E-20
    28       4.44E-13  2.71E-13  1.28E-13  6.75E-14  3.35E-14  1.22E-14  5.43E-15  2.33E-15  7.35E-16  3.01E-16
             1.23E-16  3.82E-17  1.62E-17  7.00E-18  2.37E-18  1.04E-18  4.50E-19  1.43E-19  5.79E-20
    29       3.63E-13  2.16E-13  9.87E-14  5.06E-14  2.45E-14  8.73E-15  3.82E-15  1.62E-15  5.04E-16  2.05E-16
             8.32E-17  2.56E-17  1.08E-17  4.64E-18  1.56E-18  6.81E-19  2.94E-19  9.39E-20  3.83E-20
    30       2.67E-13  1.53E-13  6.63E-14  3.28E-14  1.54E-14  5.31E-15  2.28E-15  9.52E-16  2.91E-16  1.17E-16
             4.72E-17  1.44E-17  5.98E-18  2.56E-18  8.50E-19  3.70E-19  1.59E-19  5.04E-20  2.05E-20
    31       2.15E-13  1.20E-13  5.03E-14  2.44E-14  1.12E-14  3.79E-15  1.61E-15  6.65E-16  2.02E-16  8.07E-17
             3.23E-17  9.76E-18  4.05E-18  1.72E-18  5.69E-19  2.47E-19  1.06E-19  3.34E-20  1.35E-20
    32       1.56E-13  8.38E-14  3.36E-14  1.58E-14  7.10E-15  2.34E-15  9.77E-16  4.00E-16  1.20E-16  4.76E-17
             1.89E-17  5.66E-18  2.33E-18  9.84E-19  3.23E-19  1.39E-19  5.95E-20  1.87E-20  7.49E-21
    33       1.21E-13  6.33E-14  2.46E-14  1.13E-14  5.01E-15  1.62E-15  6.72E-16  2.73E-16  8.11E-17  3.20E-17
             1.27E-17  3.77E-18  1.55E-18  6.50E-19  2.12E-19  9.12E-20  3.88E-20  1.21E-20  4.84E-21
    34       8.22E-14  4.15E-14  1.54E-14  6.93E-15  3.00E-15  9.52E-16  3.89E-16  1.56E-16  4.60E-17  1.81E-17
             7.10E-18  2.10E-18  8.55E-19  3.57E-19  1.16E-19  4.95E-20  2.10E-20  6.58E-21  2.65E-21
    35       6.03E-14  2.96E-14  1.07E-14  4.71E-15  2.01E-15  6.30E-16  2.55E-16  1.02E-16  2.97E-17  1.16E-17
             4.55E-18  1.34E-18  5.42E-19  2.25E-19  7.26E-20  3.10E-20  1.31E-20  4.09E-21  1.64E-21
    36       3.67E-14  1.73E-14  6.02E-15  2.60E-15  1.09E-15  3.34E-16  1.34E-16  5.29E-17  1.53E-17  5.94E-18
             2.31E-18  6.74E-19  2.72E-19  1.12E-19  3.59E-20  1.52E-20  6.42E-21  1.98E-21  7.91E-22
    37       2.60E-14  1.20E-14  4.07E-15  1.73E-15  7.18E-16  2.18E-16  8.67E-17  3.41E-17  9.80E-18  3.79E-18
             1.47E-18  4.27E-19  1.71E-19  7.06E-20  2.24E-20  9.49E-21  3.98E-21  1.22E-21  4.86E-22
    38       1.52E-14  6.82E-15  2.24E-15  9.36E-16  3.83E-16  1.14E-16  4.51E-17  1.76E-17  5.03E-18  1.94E-18
             7.47E-19  2.15E-19  8.61E-20  3.52E-20  1.11E-20  4.68E-21  1.96E-21  6.07E-22  2.42E-22
    39       1.02E-14  4.50E-15  1.45E-15  6.00E-16  2.43E-16  7.19E-17  2.82E-17  1.10E-17  3.11E-18  1.20E-18
             4.60E-19  1.32E-19  5.26E-20  2.14E-20  6.74E-21  2.83E-21  1.18E-21  3.64E-22  1.45E-22
    40       5.38E-15  2.31E-15  7.28E-16  2.96E-16  1.19E-16  3.47E-17  1.35E-17  5.23E-18  1.47E-18  5.63E-19
             2.16E-19  6.16E-20  2.44E-20  9.90E-21  3.09E-21  1.29E-21  5.38E-22  1.64E-22  6.46E-23
    41       3.74E-15  1.59E-15  4.95E-16  2.00E-16  7.97E-17  2.32E-17  9.01E-18  3.47E-18  9.75E-19  3.72E-19
             1.42E-19  4.05E-20  1.60E-20  6.48E-21  2.02E-21  8.41E-22  3.49E-22  1.06E-22  4.15E-23
    42       2.19E-15  9.20E-16  2.83E-16  1.13E-16  4.49E-17  1.30E-17  5.02E-18  1.93E-18  5.40E-19  2.05E-19
             7.83E-20  2.22E-20  8.77E-21  3.54E-21  1.10E-21  4.56E-22  1.89E-22  5.78E-23  2.30E-23



    T(K)     ALFT( 1)  ALFT( 2)  ALFT( 3)  ALFT( 4)  ALFT( 5)  ALFT( 6)  ALFT( 7)  ALFT( 8)  ALFT( 9)  ALFT(10)
    ----     --------  --------  --------  --------  --------  --------  --------  --------  --------  --------
  3.60E+02   1.62E-10
  7.20E+02   1.07E-10
  1.80E+03   6.01E-11
  3.60E+03   3.89E-11
  7.20E+03   2.38E-11
  1.80E+04   1.24E-11
  3.60E+04   7.49E-12
  7.20E+04   4.46E-12
  1.80E+05   2.20E-12
  3.60E+05   1.28E-12
  7.20E+05   7.41E-13
  1.80E+06   3.63E-13
  3.60E+06   2.10E-13
  7.20E+06   1.18E-13
  1.80E+07   5.20E-14
  3.60E+07   2.63E-14
  7.20E+07   1.26E-14
  1.80E+08   4.45E-15
  3.60E+08   1.92E-15
C--------------------------------------------------------------------------------------------------------------
C
C                                                                            
C
C NAME:
C DATE:   /  /  
C
C--------------------------------------------------------------------------------------------------------------
