SEQ='NA'     NUCCHG=16                                                  /IC/

   PARENT LEVEL INDEXING                BWNP=  85295245.8   NPRNTI= 1   NPRNTF= 1
   ---------------------
   INDP         CODE                 S L   WI        WNP
   ----         ----                 - -   --  ----------
     1          2S2 2P6             (1)0( 0.0)        0.0 

   IC RESOLVED LEVEL INDEXING           BWNR=  86005731.6   NLVL=  58
   --------------------------
   INDX  INDP   CODE                 S L   WJ        WNR       AUGER RATES:  INDP-INDP', INDP'=1,...INDP-1
   ----  ----   ----                 - -   --  ----------      -----------
     1     1    2S2 2P6 3S1         (2)0( 0.5)        0.0 
     2     1    2S2 2P6 3P1         (2)1( 0.5)   105938.6 
     3     1    2S2 2P6 3P1         (2)1( 1.5)   107367.6 
     4     1    2S2 2P6 3D1         (2)2( 1.5)   247936.3 
     5     1    2S2 2P6 3D1         (2)2( 2.5)   248135.1 
     6     1    2S2 2P6 4S1         (2)0( 0.5)   314146.8 
     7     1    2S2 2P6 4P1         (2)1( 0.5)   402720.1 
     8     1    2S2 2P6 4P1         (2)1( 1.5)   403201.4 
     9     1    2S2 2P6 4D1         (2)2( 1.5)   453170.4 
    10     1    2S2 2P6 4D1         (2)2( 2.5)   453248.1 
    11     1    2S2 2P6 4F1         (2)3( 2.5)   463542.5 
    12     1    2S2 2P6 4F1         (2)3( 3.5)   463567.9 
    13     1    2S2 2P6 5S1         (2)0( 0.5)   481891.3 
    14     1    2S2 2P6 5P1         (2)1( 0.5)   522829.3 
    15     1    2S2 2P6 5P1         (2)1( 1.5)   523054.0 
    16     1    2S2 2P6 5D1         (2)2( 1.5)   546860.0 
    17     1    2S2 2P6 5D1         (2)2( 2.5)   546899.2 
    18     1    2S2 2P6 5F1         (2)3( 2.5)   552395.1 
    19     1    2S2 2P6 5F1         (2)3( 3.5)   552408.4 
    20     1    2S2 2P6 5G1         (2)4( 3.5)   552506.7 
    21     1    2S2 2P6 5G1         (2)4( 4.5)   552513.9 
    22     1    2S2 2P6 6S1         (2)0( 0.5)   561947.8 
    23     1    2S2 2P6 6P1         (2)1( 0.5)   584143.0 
    24     1    2S2 2P6 6P1         (2)1( 1.5)   584266.2 
    25     1    2S2 2P6 6D1         (2)2( 1.5)   597447.3 
    26     1    2S2 2P6 6D1         (2)2( 2.5)   597469.8 
    27     1    2S2 2P6 6F1         (2)3( 2.5)   600690.7 
    28     1    2S2 2P6 6F1         (2)3( 3.5)   600698.4 
    29     1    2S2 2P6 6G1         (2)4( 3.5)   600778.6 
    30     1    2S2 2P6 6H1         (2)5( 4.5)   600779.8 
    31     1    2S2 2P6 6H1         (2)5( 5.5)   600782.5 
    32     1    2S2 2P6 6G1         (2)4( 4.5)   600782.8 
    33     1    2S2 2P6 7S1         (2)0( 0.5)   606278.6 
    34     1    2S2 2P6 7P1         (2)1( 0.5)   619624.8 
    35     1    2S2 2P6 7P1         (2)1( 1.5)   619699.6 
    36     1    2S2 2P6 7D1         (2)2( 1.5)   627762.6 
    37     1    2S2 2P6 7D1         (2)2( 2.5)   627776.7 
    38     1    2S2 2P6 7F1         (2)3( 2.5)   629820.0 
    39     1    2S2 2P6 7F1         (2)3( 3.5)   629824.8 
    40     1    2S2 2P6 7G1         (2)4( 3.5)   629884.9 
    41     1    2S2 2P6 7H1         (2)5( 4.5)   629885.5 
    42     1    2S2 2P6 7I1         (2)6( 5.5)   629886.4 
    43     1    2S2 2P6 7H1         (2)5( 5.5)   629887.2 
    44     1    2S2 2P6 7G1         (2)4( 4.5)   629887.5 
    45     1    2S2 2P6 7I1         (2)6( 6.5)   629887.6 
    46     1    2S2 2P6 8S1         (2)0( 0.5)   633364.0 
    47     1    2S2 2P6 8P1         (2)1( 0.5)   642002.8 
    48     1    2S2 2P6 8P1         (2)1( 1.5)   642051.6 
    49     1    2S2 2P6 8D1         (2)2( 1.5)   647344.1 
    50     1    2S2 2P6 8D1         (2)2( 2.5)   647353.4 
    51     1    2S2 2P6 8F1         (2)3( 2.5)   648728.1 
    52     1    2S2 2P6 8F1         (2)3( 3.5)   648731.4 
    53     1    2S2 2P6 8G1         (2)4( 3.5)   648775.9 
    54     1    2S2 2P6 8H1         (2)5( 4.5)   648776.3 
    55     1    2S2 2P6 8I1         (2)6( 5.5)   648776.8 
    56     1    2S2 2P6 8H1         (2)5( 5.5)   648777.4 
    57     1    2S2 2P6 8G1         (2)4( 4.5)   648777.6 
    58     1    2S2 2P6 8I1         (2)6( 6.5)   648777.7 

   NL-SHELL INDEXING & AUGER RATES                     NLREP= 55
   -------------------------------
   ILREP   N   L
   -----   -   -
     1     1   0
     2     2   0
     3     2   1
     4     3   0
     5     3   1
     6     3   2
     7     4   0
     8     4   1
     9     4   2
    10     4   3
    11     5   0
    12     5   1
    13     5   2
    14     5   3
    15     5   4
    16     6   0
    17     6   1
    18     6   2
    19     6   3
    20     6   4
    21     6   5
    22     7   0
    23     7   1
    24     7   2
    25     7   3
    26     7   4
    27     7   5
    28     7   6
    29     8   0
    30     8   1
    31     8   2
    32     8   3
    33     8   4
    34     8   5
    35     8   6
    36     8   7
    37     9   0
    38     9   1
    39     9   2
    40     9   3
    41     9   4
    42     9   5
    43     9   6
    44     9   7
    45     9   8
    46    10   0
    47    10   1
    48    10   2
    49    10   3
    50    10   4
    51    10   5
    52    10   6
    53    10   7
    54    10   8
    55    10   9

   N-SHELL INDEXING & AUGER RATES                       NREP= 42
   ------------------------------
   INREP   N
   -----   -
     1     1
     2     2
     3     3
     4     4
     5     5
     6     6
     7     7
     8     8
     9     9
    10    10
    11    11
    12    12
    13    13
    14    14
    15    15
    16    16
    17    18
    18    20
    19    22
    20    25
    21    29
    22    35
    23    39
    24    45
    25    49
    26    55
    27    61
    28    70
    29    81
    30   100
    31   118
    32   150
    33   170
    34   200
    35   235
    36   300
    37   353
    38   450
    39   535
    40   700
    41   811
    42   999



 --------------------------
 PRTI= 1  LVLPRT= (1S  0.0)

   INDX TE=  3.60E+02  7.20E+02  1.80E+03  3.60E+03  7.20E+03  1.80E+04  3.60E+04  7.20E+04  1.80E+05  3.60E+05
   ---- ---  7.20E+05  1.80E+06  3.60E+06  7.20E+06  1.80E+07  3.60E+07  7.20E+07  1.80E+08  3.60E+08
     1       0.00E+00  0.00E+00  0.00E+00  0.00E+00  0.00E+00  2.51E-34  2.22E-23  4.34E-18  1.12E-14  1.70E-13
             4.55E-13  4.08E-13  2.22E-13  9.75E-14  2.81E-14  1.04E-14  3.75E-15  9.62E-16  3.42E-16
     2       0.00E+00  0.00E+00  0.00E+00  0.00E+00  0.00E+00  2.16E-38  1.56E-25  3.38E-19  3.39E-15  7.87E-14
             2.58E-13  2.59E-13  1.46E-13  6.52E-14  1.90E-14  7.04E-15  2.55E-15  6.54E-16  2.32E-16
     3       0.00E+00  0.00E+00  0.00E+00  0.00E+00  0.00E+00  2.17E-38  2.15E-25  5.53E-19  6.17E-15  1.48E-13
             4.92E-13  4.99E-13  2.82E-13  1.27E-13  3.69E-14  1.37E-14  4.95E-15  1.27E-15  4.52E-16
     4       0.00E+00  0.00E+00  0.00E+00  0.00E+00  0.00E+00  1.32E-37  1.64E-26  6.15E-20  2.16E-15  7.16E-14
             2.75E-13  3.01E-13  1.74E-13  7.90E-14  2.32E-14  8.62E-15  3.12E-15  8.02E-16  2.85E-16
     5       0.00E+00  0.00E+00  0.00E+00  0.00E+00  0.00E+00  3.61E-37  3.21E-26  7.12E-20  2.92E-15  1.04E-13
             4.08E-13  4.48E-13  2.60E-13  1.18E-13  3.46E-14  1.28E-14  4.66E-15  1.20E-15  4.25E-16
     6       0.00E+00  0.00E+00  0.00E+00  0.00E+00  0.00E+00  0.00E+00  5.80E-30  3.48E-21  5.74E-16  2.90E-14
             1.35E-13  1.64E-13  9.83E-14  4.52E-14  1.34E-14  5.00E-15  1.81E-15  4.66E-16  1.66E-16
     7       0.00E+00  0.00E+00  0.00E+00  0.00E+00  0.00E+00  0.00E+00  3.98E-31  5.63E-22  2.72E-16  2.00E-14
             1.08E-13  1.41E-13  8.65E-14  4.03E-14  1.20E-14  4.49E-15  1.63E-15  4.19E-16  1.49E-16
     8       0.00E+00  0.00E+00  0.00E+00  0.00E+00  0.00E+00  0.00E+00  4.37E-31  6.33E-22  4.61E-16  3.70E-14
             2.04E-13  2.69E-13  1.65E-13  7.69E-14  2.30E-14  8.58E-15  3.12E-15  8.02E-16  2.85E-16
     9       0.00E+00  0.00E+00  0.00E+00  0.00E+00  0.00E+00  0.00E+00  2.80E-31  1.07E-21  4.25E-16  2.63E-14
             1.38E-13  1.81E-13  1.11E-13  5.19E-14  1.55E-14  5.79E-15  2.11E-15  5.42E-16  1.93E-16
    10       0.00E+00  0.00E+00  0.00E+00  0.00E+00  0.00E+00  0.00E+00  3.85E-31  1.47E-21  5.94E-16  3.73E-14
             1.97E-13  2.59E-13  1.60E-13  7.46E-14  2.23E-14  8.33E-15  3.03E-15  7.79E-16  2.77E-16
    11       0.00E+00  0.00E+00  0.00E+00  0.00E+00  0.00E+00  0.00E+00  1.55E-31  8.65E-22  3.01E-16  1.28E-14
             5.17E-14  5.79E-14  3.38E-14  1.54E-14  4.52E-15  1.68E-15  6.10E-16  1.57E-16  5.56E-17
    12       0.00E+00  0.00E+00  0.00E+00  0.00E+00  0.00E+00  0.00E+00  2.33E-31  1.30E-21  4.52E-16  1.90E-14
             7.69E-14  8.58E-14  5.00E-14  2.27E-14  6.68E-15  2.48E-15  9.00E-16  2.31E-16  8.22E-17
    13       0.00E+00  0.00E+00  0.00E+00  0.00E+00  0.00E+00  0.00E+00  8.80E-33  1.01E-22  5.54E-17  2.79E-15
             1.25E-14  1.49E-14  8.91E-15  4.10E-15  1.21E-15  4.53E-16  1.64E-16  4.22E-17  1.50E-17
    14       0.00E+00  0.00E+00  0.00E+00  0.00E+00  0.00E+00  0.00E+00  2.28E-33  3.90E-23  2.92E-17  1.80E-15
             9.22E-15  1.20E-14  7.39E-15  3.45E-15  1.03E-15  3.86E-16  1.40E-16  3.61E-17  1.28E-17
    15       0.00E+00  0.00E+00  0.00E+00  0.00E+00  0.00E+00  0.00E+00  1.59E-33  2.69E-23  2.45E-17  1.93E-15
             1.15E-14  1.63E-14  1.03E-14  4.88E-15  1.47E-15  5.52E-16  2.01E-16  5.17E-17  1.84E-17
    16       0.00E+00  0.00E+00  0.00E+00  0.00E+00  0.00E+00  0.00E+00  4.60E-33  1.28E-22  1.34E-16  9.79E-15
             5.53E-14  7.66E-14  4.80E-14  2.26E-14  6.81E-15  2.55E-15  9.28E-16  2.39E-16  8.49E-17
    17       0.00E+00  0.00E+00  0.00E+00  0.00E+00  0.00E+00  0.00E+00  5.51E-33  1.52E-22  1.70E-16  1.35E-14
             8.03E-14  1.15E-13  7.26E-14  3.44E-14  1.04E-14  3.89E-15  1.41E-15  3.64E-16  1.30E-16
    18       0.00E+00  0.00E+00  0.00E+00  0.00E+00  0.00E+00  0.00E+00  3.87E-33  1.30E-22  1.30E-16  7.60E-15
             3.55E-14  4.29E-14  2.56E-14  1.18E-14  3.49E-15  1.30E-15  4.72E-16  1.21E-16  4.31E-17
    19       0.00E+00  0.00E+00  0.00E+00  0.00E+00  0.00E+00  0.00E+00  5.83E-33  1.97E-22  1.97E-16  1.13E-14
             5.19E-14  6.18E-14  3.67E-14  1.68E-14  4.98E-15  1.85E-15  6.73E-16  1.73E-16  6.14E-17
    20       0.00E+00  0.00E+00  0.00E+00  0.00E+00  0.00E+00  0.00E+00  1.20E-33  4.22E-23  4.28E-17  2.44E-15
             1.11E-14  1.30E-14  7.70E-15  3.52E-15  1.04E-15  3.87E-16  1.40E-16  3.61E-17  1.28E-17
    21       0.00E+00  0.00E+00  0.00E+00  0.00E+00  0.00E+00  0.00E+00  1.82E-33  6.35E-23  6.40E-17  3.63E-15
             1.64E-14  1.92E-14  1.13E-14  5.18E-15  1.53E-15  5.69E-16  2.06E-16  5.30E-17  1.88E-17
    22       0.00E+00  0.00E+00  0.00E+00  0.00E+00  0.00E+00  0.00E+00  3.71E-34  1.78E-23  2.24E-17  1.44E-15
             7.15E-15  9.04E-15  5.49E-15  2.54E-15  7.58E-16  2.83E-16  1.03E-16  2.64E-17  9.40E-18
    23       0.00E+00  0.00E+00  0.00E+00  0.00E+00  0.00E+00  0.00E+00  1.80E-34  1.11E-23  1.62E-17  1.10E-15
             5.60E-15  7.19E-15  4.39E-15  2.04E-15  6.08E-16  2.27E-16  8.25E-17  2.12E-17  7.55E-18
    24       0.00E+00  0.00E+00  0.00E+00  0.00E+00  0.00E+00  0.00E+00  1.05E-34  6.33E-24  1.01E-17  8.06E-16
             4.73E-15  6.71E-15  4.25E-15  2.01E-15  6.06E-16  2.27E-16  8.28E-17  2.13E-17  7.58E-18
    25       0.00E+00  0.00E+00  0.00E+00  0.00E+00  0.00E+00  0.00E+00  4.70E-34  3.77E-23  7.44E-17  6.68E-15
             4.19E-14  6.19E-14  3.96E-14  1.89E-14  5.71E-15  2.14E-15  7.81E-16  2.01E-16  7.16E-17
    26       0.00E+00  0.00E+00  0.00E+00  0.00E+00  0.00E+00  0.00E+00  5.21E-34  4.13E-23  1.01E-16  1.15E-14
             8.24E-14  1.30E-13  8.52E-14  4.10E-14  1.25E-14  4.70E-15  1.71E-15  4.41E-16  1.57E-16
    27       0.00E+00  0.00E+00  0.00E+00  0.00E+00  0.00E+00  0.00E+00  4.90E-34  4.35E-23  7.93E-17  5.79E-15
             3.07E-14  4.03E-14  2.48E-14  1.16E-14  3.46E-15  1.29E-15  4.70E-16  1.21E-16  4.30E-17
    28       0.00E+00  0.00E+00  0.00E+00  0.00E+00  0.00E+00  0.00E+00  7.37E-34  6.66E-23  1.21E-16  8.63E-15
             4.46E-14  5.74E-14  3.50E-14  1.63E-14  4.85E-15  1.81E-15  6.58E-16  1.69E-16  6.01E-17
    29       0.00E+00  0.00E+00  0.00E+00  0.00E+00  0.00E+00  0.00E+00  1.66E-34  1.52E-23  2.76E-17  1.93E-15
             9.76E-15  1.23E-14  7.46E-15  3.45E-15  1.03E-15  3.83E-16  1.39E-16  3.58E-17  1.27E-17
    30       0.00E+00  0.00E+00  0.00E+00  0.00E+00  0.00E+00  0.00E+00  1.30E-35  1.20E-24  2.19E-18  1.56E-16
             8.04E-16  1.03E-15  6.27E-16  2.91E-16  8.69E-17  3.24E-17  1.18E-17  3.03E-18  1.08E-18
    31       0.00E+00  0.00E+00  0.00E+00  0.00E+00  0.00E+00  0.00E+00  1.56E-35  1.42E-24  2.60E-18  1.85E-16
             9.52E-16  1.22E-15  7.43E-16  3.45E-16  1.03E-16  3.84E-17  1.40E-17  3.59E-18  1.28E-18
    32       0.00E+00  0.00E+00  0.00E+00  0.00E+00  0.00E+00  0.00E+00  2.95E-34  2.71E-23  4.89E-17  3.39E-15
             1.70E-14  2.12E-14  1.28E-14  5.91E-15  1.76E-15  6.55E-16  2.38E-16  6.11E-17  2.17E-17
    33       0.00E+00  0.00E+00  0.00E+00  0.00E+00  0.00E+00  0.00E+00  5.91E-35  6.29E-24  1.29E-17  9.97E-16
             5.48E-15  7.38E-15  4.58E-15  2.15E-15  6.45E-16  2.41E-16  8.77E-17  2.26E-17  8.03E-18
    34       0.00E+00  0.00E+00  0.00E+00  0.00E+00  0.00E+00  0.00E+00  4.12E-35  5.28E-24  1.21E-17  9.70E-16
             5.42E-15  7.36E-15  4.58E-15  2.15E-15  6.46E-16  2.42E-16  8.79E-17  2.26E-17  8.04E-18
    35       0.00E+00  0.00E+00  0.00E+00  0.00E+00  0.00E+00  0.00E+00  2.07E-35  2.57E-24  6.67E-18  6.64E-16
             4.41E-15  6.73E-15  4.36E-15  2.09E-15  6.35E-16  2.39E-16  8.70E-17  2.24E-17  7.97E-18
    36       0.00E+00  0.00E+00  0.00E+00  0.00E+00  0.00E+00  0.00E+00  1.11E-34  1.68E-23  5.24E-17  5.91E-15
             4.20E-14  6.66E-14  4.36E-14  2.10E-14  6.41E-15  2.41E-15  8.79E-16  2.27E-16  8.06E-17
    37       0.00E+00  0.00E+00  0.00E+00  0.00E+00  0.00E+00  0.00E+00  1.21E-34  1.78E-23  6.60E-17  8.84E-15
             6.81E-14  1.13E-13  7.48E-14  3.63E-14  1.11E-14  4.18E-15  1.52E-15  3.93E-16  1.40E-16
    38       0.00E+00  0.00E+00  0.00E+00  0.00E+00  0.00E+00  0.00E+00  1.29E-34  2.06E-23  5.27E-17  4.22E-15
             2.31E-14  3.08E-14  1.90E-14  8.89E-15  2.66E-15  9.95E-16  3.62E-16  9.31E-17  3.31E-17
    39       0.00E+00  0.00E+00  0.00E+00  0.00E+00  0.00E+00  0.00E+00  2.02E-34  3.28E-23  8.45E-17  6.71E-15
             3.65E-14  4.82E-14  2.96E-14  1.38E-14  4.14E-15  1.55E-15  5.62E-16  1.45E-16  5.14E-17
    40       0.00E+00  0.00E+00  0.00E+00  0.00E+00  0.00E+00  0.00E+00  4.34E-35  7.11E-24  1.82E-17  1.41E-15
             7.44E-15  9.59E-15  5.84E-15  2.71E-15  8.08E-16  3.02E-16  1.10E-16  2.82E-17  1.00E-17
    41       0.00E+00  0.00E+00  0.00E+00  0.00E+00  0.00E+00  0.00E+00  5.17E-36  8.52E-25  2.18E-18  1.69E-16
             8.89E-16  1.14E-15  6.96E-16  3.23E-16  9.61E-17  3.59E-17  1.30E-17  3.35E-18  1.19E-18
    42       0.00E+00  0.00E+00  0.00E+00  0.00E+00  0.00E+00  0.00E+00  1.19E-37  1.95E-26  5.03E-20  4.00E-18
             2.17E-17  2.85E-17  1.75E-17  8.18E-18  2.44E-18  9.14E-19  3.32E-19  8.54E-20  3.04E-20
    43       0.00E+00  0.00E+00  0.00E+00  0.00E+00  0.00E+00  0.00E+00  6.22E-36  1.01E-24  2.59E-18  2.00E-16
             1.05E-15  1.35E-15  8.24E-16  3.82E-16  1.14E-16  4.25E-17  1.54E-17  3.97E-18  1.41E-18
    44       0.00E+00  0.00E+00  0.00E+00  0.00E+00  0.00E+00  0.00E+00  8.36E-35  1.37E-23  3.50E-17  2.70E-15
             1.42E-14  1.82E-14  1.11E-14  5.12E-15  1.53E-15  5.69E-16  2.07E-16  5.32E-17  1.89E-17
    45       0.00E+00  0.00E+00  0.00E+00  0.00E+00  0.00E+00  0.00E+00  1.39E-37  2.27E-26  5.86E-20  4.65E-18
             2.52E-17  3.32E-17  2.04E-17  9.53E-18  2.85E-18  1.06E-18  3.87E-19  9.95E-20  3.54E-20
    46       0.00E+00  0.00E+00  0.00E+00  0.00E+00  0.00E+00  0.00E+00  1.78E-35  3.08E-24  8.34E-18  6.84E-16
             3.81E-15  5.13E-15  3.18E-15  1.49E-15  4.47E-16  1.67E-16  6.08E-17  1.56E-17  5.56E-18
    47       0.00E+00  0.00E+00  0.00E+00  0.00E+00  0.00E+00  0.00E+00  1.59E-35  3.24E-24  9.54E-18  7.93E-16
             4.40E-15  5.89E-15  3.64E-15  1.70E-15  5.09E-16  1.90E-16  6.92E-17  1.78E-17  6.33E-18
    48       0.00E+00  0.00E+00  0.00E+00  0.00E+00  0.00E+00  0.00E+00  7.06E-36  1.36E-24  4.23E-18  4.08E-16
             2.60E-15  3.87E-15  2.49E-15  1.19E-15  3.59E-16  1.35E-16  4.92E-17  1.27E-17  4.50E-18
    49       0.00E+00  0.00E+00  0.00E+00  0.00E+00  0.00E+00  0.00E+00  4.12E-35  9.29E-24  3.92E-17  5.10E-15
             3.90E-14  6.44E-14  4.28E-14  2.08E-14  6.35E-15  2.39E-15  8.73E-16  2.25E-16  8.01E-17
    50       0.00E+00  0.00E+00  0.00E+00  0.00E+00  0.00E+00  0.00E+00  4.50E-35  9.86E-24  4.94E-17  7.52E-15
             6.16E-14  1.05E-13  7.07E-14  3.45E-14  1.06E-14  3.98E-15  1.45E-15  3.75E-16  1.34E-16
    51       0.00E+00  0.00E+00  0.00E+00  0.00E+00  0.00E+00  0.00E+00  5.02E-35  1.17E-23  3.81E-17  3.34E-15
             1.93E-14  2.67E-14  1.67E-14  7.85E-15  2.36E-15  8.83E-16  3.21E-16  8.27E-17  2.94E-17
    52       0.00E+00  0.00E+00  0.00E+00  0.00E+00  0.00E+00  0.00E+00  8.25E-35  1.96E-23  6.40E-17  5.55E-15
             3.17E-14  4.32E-14  2.69E-14  1.26E-14  3.79E-15  1.42E-15  5.15E-16  1.33E-16  4.71E-17
    53       0.00E+00  0.00E+00  0.00E+00  0.00E+00  0.00E+00  0.00E+00  1.65E-35  3.94E-24  1.27E-17  1.07E-15
             5.90E-15  7.84E-15  4.82E-15  2.25E-15  6.73E-16  2.51E-16  9.14E-17  2.35E-17  8.36E-18
    54       0.00E+00  0.00E+00  0.00E+00  0.00E+00  0.00E+00  0.00E+00  2.32E-36  5.56E-25  1.79E-18  1.50E-16
             8.26E-16  1.09E-15  6.71E-16  3.13E-16  9.34E-17  3.49E-17  1.27E-17  3.26E-18  1.16E-18
    55       0.00E+00  0.00E+00  0.00E+00  0.00E+00  0.00E+00  0.00E+00  8.63E-38  2.06E-26  6.70E-20  5.74E-18
             3.23E-17  4.36E-17  2.70E-17  1.27E-17  3.79E-18  1.42E-18  5.16E-19  1.33E-19  4.72E-20
    56       0.00E+00  0.00E+00  0.00E+00  0.00E+00  0.00E+00  0.00E+00  2.80E-36  6.66E-25  2.13E-18  1.78E-16
             9.82E-16  1.30E-15  7.98E-16  3.72E-16  1.11E-16  4.15E-17  1.51E-17  3.88E-18  1.38E-18
    57       0.00E+00  0.00E+00  0.00E+00  0.00E+00  0.00E+00  0.00E+00  3.34E-35  7.98E-24  2.56E-17  2.14E-15
             1.17E-14  1.54E-14  9.46E-15  4.41E-15  1.32E-15  4.92E-16  1.79E-16  4.60E-17  1.63E-17
    58       0.00E+00  0.00E+00  0.00E+00  0.00E+00  0.00E+00  0.00E+00  1.01E-37  2.41E-26  7.80E-20  6.68E-18
             3.76E-17  5.08E-17  3.15E-17  1.47E-17  4.41E-18  1.65E-18  6.00E-19  1.55E-19  5.49E-20

                                                                                     --------------------------
                                                                                     PRTF= 1  LVLPRT= (1S  0.0)
   ILREP
   -----
     4       0.00E+00  0.00E+00  0.00E+00  0.00E+00  0.00E+00  2.51E-34  2.22E-23  4.34E-18  1.12E-14  1.70E-13
             4.55E-13  4.08E-13  2.22E-13  9.75E-14  2.81E-14  1.04E-14  3.75E-15  9.62E-16  3.42E-16
     5       0.00E+00  0.00E+00  0.00E+00  0.00E+00  0.00E+00  4.33E-38  3.70E-25  8.91E-19  9.56E-15  2.26E-13
             7.49E-13  7.58E-13  4.28E-13  1.92E-13  5.59E-14  2.07E-14  7.50E-15  1.93E-15  6.84E-16
     6       0.00E+00  0.00E+00  0.00E+00  0.00E+00  0.00E+00  4.93E-37  4.86E-26  1.33E-19  5.09E-15  1.76E-13
             6.83E-13  7.49E-13  4.34E-13  1.97E-13  5.78E-14  2.15E-14  7.78E-15  2.00E-15  7.10E-16
     7       0.00E+00  0.00E+00  0.00E+00  0.00E+00  0.00E+00  0.00E+00  5.80E-30  3.48E-21  5.74E-16  2.90E-14
             1.35E-13  1.64E-13  9.83E-14  4.52E-14  1.34E-14  5.00E-15  1.81E-15  4.66E-16  1.66E-16
     8       0.00E+00  0.00E+00  0.00E+00  0.00E+00  0.00E+00  0.00E+00  8.35E-31  1.20E-21  7.33E-16  5.71E-14
             3.12E-13  4.10E-13  2.52E-13  1.17E-13  3.50E-14  1.31E-14  4.75E-15  1.22E-15  4.34E-16
     9       0.00E+00  0.00E+00  0.00E+00  0.00E+00  0.00E+00  0.00E+00  6.64E-31  2.54E-21  1.02E-15  6.36E-14
             3.34E-13  4.40E-13  2.71E-13  1.26E-13  3.78E-14  1.41E-14  5.13E-15  1.32E-15  4.70E-16
    10       0.00E+00  0.00E+00  0.00E+00  0.00E+00  0.00E+00  0.00E+00  3.88E-31  2.16E-21  7.53E-16  3.18E-14
             1.29E-13  1.44E-13  8.38E-14  3.81E-14  1.12E-14  4.16E-15  1.51E-15  3.88E-16  1.38E-16
    11       0.00E+00  0.00E+00  0.00E+00  0.00E+00  0.00E+00  0.00E+00  8.80E-33  1.01E-22  5.54E-17  2.79E-15
             1.25E-14  1.49E-14  8.91E-15  4.10E-15  1.21E-15  4.53E-16  1.64E-16  4.22E-17  1.50E-17
    12       0.00E+00  0.00E+00  0.00E+00  0.00E+00  0.00E+00  0.00E+00  3.87E-33  6.58E-23  5.37E-17  3.73E-15
             2.07E-14  2.84E-14  1.77E-14  8.33E-15  2.50E-15  9.37E-16  3.41E-16  8.78E-17  3.12E-17
    13       0.00E+00  0.00E+00  0.00E+00  0.00E+00  0.00E+00  0.00E+00  1.01E-32  2.80E-22  3.04E-16  2.33E-14
             1.36E-13  1.91E-13  1.21E-13  5.70E-14  1.72E-14  6.44E-15  2.34E-15  6.03E-16  2.14E-16
    14       0.00E+00  0.00E+00  0.00E+00  0.00E+00  0.00E+00  0.00E+00  9.70E-33  3.27E-22  3.28E-16  1.89E-14
             8.74E-14  1.05E-13  6.23E-14  2.86E-14  8.46E-15  3.15E-15  1.14E-15  2.94E-16  1.05E-16
    15       0.00E+00  0.00E+00  0.00E+00  0.00E+00  0.00E+00  0.00E+00  3.02E-33  1.06E-22  1.07E-16  6.07E-15
             2.75E-14  3.23E-14  1.90E-14  8.70E-15  2.57E-15  9.56E-16  3.47E-16  8.91E-17  3.17E-17
    16       0.00E+00  0.00E+00  0.00E+00  0.00E+00  0.00E+00  0.00E+00  3.71E-34  1.78E-23  2.24E-17  1.44E-15
             7.15E-15  9.04E-15  5.49E-15  2.54E-15  7.58E-16  2.83E-16  1.03E-16  2.64E-17  9.40E-18
    17       0.00E+00  0.00E+00  0.00E+00  0.00E+00  0.00E+00  0.00E+00  2.85E-34  1.74E-23  2.63E-17  1.90E-15
             1.03E-14  1.39E-14  8.63E-15  4.05E-15  1.21E-15  4.55E-16  1.65E-16  4.25E-17  1.51E-17
    18       0.00E+00  0.00E+00  0.00E+00  0.00E+00  0.00E+00  0.00E+00  9.92E-34  7.90E-23  1.75E-16  1.82E-14
             1.24E-13  1.92E-13  1.25E-13  5.99E-14  1.82E-14  6.84E-15  2.49E-15  6.43E-16  2.29E-16
    19       0.00E+00  0.00E+00  0.00E+00  0.00E+00  0.00E+00  0.00E+00  1.23E-33  1.10E-22  2.00E-16  1.44E-14
             7.53E-14  9.77E-14  5.98E-14  2.78E-14  8.31E-15  3.10E-15  1.13E-15  2.90E-16  1.03E-16
    20       0.00E+00  0.00E+00  0.00E+00  0.00E+00  0.00E+00  0.00E+00  4.61E-34  4.23E-23  7.65E-17  5.32E-15
             2.67E-14  3.35E-14  2.02E-14  9.36E-15  2.78E-15  1.04E-15  3.77E-16  9.69E-17  3.44E-17
    21       0.00E+00  0.00E+00  0.00E+00  0.00E+00  0.00E+00  0.00E+00  2.85E-35  2.62E-24  4.80E-18  3.41E-16
             1.76E-15  2.25E-15  1.37E-15  6.37E-16  1.90E-16  7.09E-17  2.57E-17  6.62E-18  2.35E-18
    22       0.00E+00  0.00E+00  0.00E+00  0.00E+00  0.00E+00  0.00E+00  5.91E-35  6.29E-24  1.29E-17  9.97E-16
             5.48E-15  7.38E-15  4.58E-15  2.15E-15  6.45E-16  2.41E-16  8.77E-17  2.26E-17  8.03E-18
    23       0.00E+00  0.00E+00  0.00E+00  0.00E+00  0.00E+00  0.00E+00  6.19E-35  7.86E-24  1.88E-17  1.63E-15
             9.83E-15  1.41E-14  8.95E-15  4.24E-15  1.28E-15  4.80E-16  1.75E-16  4.50E-17  1.60E-17
    24       0.00E+00  0.00E+00  0.00E+00  0.00E+00  0.00E+00  0.00E+00  2.32E-34  3.46E-23  1.18E-16  1.47E-14
             1.10E-13  1.79E-13  1.18E-13  5.73E-14  1.75E-14  6.59E-15  2.40E-15  6.20E-16  2.20E-16
    25       0.00E+00  0.00E+00  0.00E+00  0.00E+00  0.00E+00  0.00E+00  3.31E-34  5.34E-23  1.37E-16  1.09E-14
             5.96E-14  7.90E-14  4.87E-14  2.27E-14  6.80E-15  2.54E-15  9.24E-16  2.38E-16  8.45E-17
    26       0.00E+00  0.00E+00  0.00E+00  0.00E+00  0.00E+00  0.00E+00  1.27E-34  2.08E-23  5.32E-17  4.11E-15
             2.16E-14  2.78E-14  1.69E-14  7.84E-15  2.33E-15  8.71E-16  3.16E-16  8.14E-17  2.89E-17
    27       0.00E+00  0.00E+00  0.00E+00  0.00E+00  0.00E+00  0.00E+00  1.14E-35  1.87E-24  4.77E-18  3.69E-16
             1.94E-15  2.50E-15  1.52E-15  7.05E-16  2.10E-16  7.84E-17  2.85E-17  7.32E-18  2.60E-18
    28       0.00E+00  0.00E+00  0.00E+00  0.00E+00  0.00E+00  0.00E+00  2.57E-37  4.21E-26  1.09E-19  8.65E-18
             4.69E-17  6.18E-17  3.80E-17  1.77E-17  5.29E-18  1.98E-18  7.19E-19  1.85E-19  6.57E-20
    29       0.00E+00  0.00E+00  0.00E+00  0.00E+00  0.00E+00  0.00E+00  1.78E-35  3.08E-24  8.34E-18  6.84E-16
             3.81E-15  5.13E-15  3.18E-15  1.49E-15  4.47E-16  1.67E-16  6.08E-17  1.56E-17  5.56E-18
    30       0.00E+00  0.00E+00  0.00E+00  0.00E+00  0.00E+00  0.00E+00  2.30E-35  4.60E-24  1.38E-17  1.20E-15
             7.00E-15  9.76E-15  6.12E-15  2.89E-15  8.68E-16  3.25E-16  1.18E-16  3.05E-17  1.08E-17
    31       0.00E+00  0.00E+00  0.00E+00  0.00E+00  0.00E+00  0.00E+00  8.62E-35  1.91E-23  8.86E-17  1.26E-14
             1.01E-13  1.70E-13  1.13E-13  5.52E-14  1.69E-14  6.38E-15  2.33E-15  6.00E-16  2.14E-16
    32       0.00E+00  0.00E+00  0.00E+00  0.00E+00  0.00E+00  0.00E+00  1.33E-34  3.14E-23  1.02E-16  8.89E-15
             5.10E-14  6.99E-14  4.36E-14  2.05E-14  6.15E-15  2.30E-15  8.37E-16  2.15E-16  7.66E-17
    33       0.00E+00  0.00E+00  0.00E+00  0.00E+00  0.00E+00  0.00E+00  4.99E-35  1.19E-23  3.83E-17  3.20E-15
             1.76E-14  2.33E-14  1.43E-14  6.66E-15  1.99E-15  7.43E-16  2.70E-16  6.95E-17  2.47E-17
    34       0.00E+00  0.00E+00  0.00E+00  0.00E+00  0.00E+00  0.00E+00  5.12E-36  1.22E-24  3.92E-18  3.29E-16
             1.81E-15  2.39E-15  1.47E-15  6.85E-16  2.04E-16  7.64E-17  2.78E-17  7.14E-18  2.54E-18
    35       0.00E+00  0.00E+00  0.00E+00  0.00E+00  0.00E+00  0.00E+00  1.87E-37  4.47E-26  1.45E-19  1.24E-17
             7.00E-17  9.45E-17  5.85E-17  2.74E-17  8.21E-18  3.07E-18  1.12E-18  2.87E-19  1.02E-19
    37       0.00E+00  0.00E+00  0.00E+00  0.00E+00  0.00E+00  0.00E+00  7.57E-36  1.81E-24  5.97E-18  5.29E-16
             3.08E-15  4.29E-15  2.69E-15  1.27E-15  3.81E-16  1.43E-16  5.19E-17  1.33E-17  4.75E-18
    38       0.00E+00  0.00E+00  0.00E+00  0.00E+00  0.00E+00  0.00E+00  1.15E-35  3.13E-24  1.13E-17  1.06E-15
             6.42E-15  9.18E-15  5.81E-15  2.75E-15  8.31E-16  3.11E-16  1.13E-16  2.92E-17  1.04E-17
    39       0.00E+00  0.00E+00  0.00E+00  0.00E+00  0.00E+00  0.00E+00  4.16E-35  1.21E-23  6.99E-17  1.10E-14
             9.19E-14  1.59E-13  1.07E-13  5.24E-14  1.61E-14  6.08E-15  2.22E-15  5.72E-16  2.04E-16
    40       0.00E+00  0.00E+00  0.00E+00  0.00E+00  0.00E+00  0.00E+00  6.73E-35  2.06E-23  7.90E-17  7.35E-15
             4.39E-14  6.18E-14  3.89E-14  1.84E-14  5.52E-15  2.07E-15  7.53E-16  1.94E-16  6.90E-17
    41       0.00E+00  0.00E+00  0.00E+00  0.00E+00  0.00E+00  0.00E+00  2.44E-35  7.54E-24  2.83E-17  2.51E-15
             1.43E-14  1.93E-14  1.19E-14  5.57E-15  1.67E-15  6.24E-16  2.27E-16  5.84E-17  2.08E-17
    42       0.00E+00  0.00E+00  0.00E+00  0.00E+00  0.00E+00  0.00E+00  2.65E-36  8.21E-25  3.08E-18  2.74E-16
             1.56E-15  2.10E-15  1.30E-15  6.10E-16  1.83E-16  6.83E-17  2.48E-17  6.39E-18  2.27E-18
    43       0.00E+00  0.00E+00  0.00E+00  0.00E+00  0.00E+00  0.00E+00  1.21E-37  3.76E-26  1.43E-19  1.30E-17
             7.57E-17  1.04E-16  6.52E-17  3.06E-17  9.20E-18  3.44E-18  1.25E-18  3.23E-19  1.15E-19
    46       0.00E+00  0.00E+00  0.00E+00  0.00E+00  0.00E+00  0.00E+00  3.97E-36  1.18E-24  4.49E-18  4.22E-16
             2.55E-15  3.64E-15  2.30E-15  1.09E-15  3.28E-16  1.23E-16  4.48E-17  1.15E-17  4.10E-18
    47       0.00E+00  0.00E+00  0.00E+00  0.00E+00  0.00E+00  0.00E+00  6.94E-36  2.32E-24  9.59E-18  9.46E-16
             5.92E-15  8.64E-15  5.51E-15  2.62E-15  7.91E-16  2.97E-16  1.08E-16  2.78E-17  9.90E-18
    48       0.00E+00  0.00E+00  0.00E+00  0.00E+00  0.00E+00  0.00E+00  2.36E-35  8.34E-24  5.71E-17  9.74E-15
             8.41E-14  1.49E-13  1.01E-13  4.94E-14  1.52E-14  5.73E-15  2.09E-15  5.40E-16  1.92E-16
    49       0.00E+00  0.00E+00  0.00E+00  0.00E+00  0.00E+00  0.00E+00  3.94E-35  1.46E-23  6.28E-17  6.16E-15
             3.80E-14  5.47E-14  3.47E-14  1.64E-14  4.96E-15  1.86E-15  6.77E-16  1.74E-16  6.20E-17
    50       0.00E+00  0.00E+00  0.00E+00  0.00E+00  0.00E+00  0.00E+00  1.37E-35  5.10E-24  2.15E-17  1.99E-15
             1.16E-14  1.59E-14  9.93E-15  4.66E-15  1.40E-15  5.23E-16  1.90E-16  4.90E-17  1.74E-17
    51       0.00E+00  0.00E+00  0.00E+00  0.00E+00  0.00E+00  0.00E+00  1.54E-36  5.73E-25  2.42E-18  2.24E-16
             1.31E-15  1.80E-15  1.12E-15  5.28E-16  1.58E-16  5.93E-17  2.16E-17  5.55E-18  1.97E-18
    52       0.00E+00  0.00E+00  0.00E+00  0.00E+00  0.00E+00  0.00E+00  8.03E-38  2.99E-26  1.28E-19  1.22E-17
             7.29E-17  1.03E-16  6.46E-17  3.05E-17  9.17E-18  3.43E-18  1.25E-18  3.22E-19  1.14E-19

   INREP
   -----
     3       0.00E+00  0.00E+00  0.00E+00  0.00E+00  0.00E+00  2.51E-34  2.26E-23  5.36E-18  2.58E-14  5.73E-13
             1.89E-12  1.92E-12  1.08E-12  4.86E-13  1.42E-13  5.26E-14  1.90E-14  4.89E-15  1.74E-15
     4       0.00E+00  0.00E+00  0.00E+00  0.00E+00  0.00E+00  0.00E+00  7.69E-30  9.38E-21  3.08E-15  1.81E-13
             9.10E-13  1.16E-12  7.05E-13  3.27E-13  9.74E-14  3.64E-14  1.32E-14  3.40E-15  1.21E-15
     5       0.00E+00  0.00E+00  0.00E+00  0.00E+00  0.00E+00  0.00E+00  3.55E-32  8.80E-22  8.48E-16  5.48E-14
             2.84E-13  3.72E-13  2.29E-13  1.07E-13  3.19E-14  1.19E-14  4.34E-15  1.12E-15  3.97E-16
     6       0.00E+00  0.00E+00  0.00E+00  0.00E+00  0.00E+00  0.00E+00  3.36E-33  2.69E-22  5.06E-16  4.17E-14
             2.46E-13  3.49E-13  2.20E-13  1.04E-13  3.15E-14  1.18E-14  4.29E-15  1.11E-15  3.93E-16
     7       0.00E+00  0.00E+00  0.00E+00  0.00E+00  0.00E+00  0.00E+00  8.23E-34  1.25E-22  3.45E-16  3.28E-14
             2.09E-13  3.10E-13  1.99E-13  9.50E-14  2.88E-14  1.08E-14  3.94E-15  1.01E-15  3.61E-16
     8       0.00E+00  0.00E+00  0.00E+00  0.00E+00  0.00E+00  0.00E+00  3.15E-34  7.14E-23  2.55E-16  2.69E-14
             1.82E-13  2.80E-13  1.82E-13  8.74E-14  2.66E-14  9.99E-15  3.64E-15  9.39E-16  3.34E-16
     9       0.00E+00  0.00E+00  0.00E+00  0.00E+00  0.00E+00  0.00E+00  1.55E-34  4.61E-23  1.98E-16  2.28E-14
             1.61E-13  2.56E-13  1.68E-13  8.10E-14  2.47E-14  9.30E-15  3.39E-15  8.74E-16  3.11E-16
    10       0.00E+00  0.00E+00  0.00E+00  0.00E+00  0.00E+00  0.00E+00  8.93E-35  3.21E-23  1.58E-16  1.95E-14
             1.44E-13  2.33E-13  1.54E-13  7.47E-14  2.28E-14  8.60E-15  3.14E-15  8.09E-16  2.88E-16
    11       0.00E+00  0.00E+00  0.00E+00  0.00E+00  0.00E+00  0.00E+00  5.69E-35  2.36E-23  1.29E-16  1.68E-14
             1.27E-13  2.11E-13  1.40E-13  6.80E-14  2.08E-14  7.85E-15  2.86E-15  7.38E-16  2.63E-16
    12       0.00E+00  0.00E+00  0.00E+00  0.00E+00  0.00E+00  0.00E+00  3.90E-35  1.79E-23  1.06E-16  1.43E-14
             1.11E-13  1.86E-13  1.24E-13  6.04E-14  1.85E-14  6.98E-15  2.55E-15  6.57E-16  2.34E-16
    13       0.00E+00  0.00E+00  0.00E+00  0.00E+00  0.00E+00  0.00E+00  2.81E-35  1.40E-23  8.78E-17  1.22E-14
             9.63E-14  1.63E-13  1.09E-13  5.31E-14  1.63E-14  6.14E-15  2.24E-15  5.78E-16  2.06E-16
    14       0.00E+00  0.00E+00  0.00E+00  0.00E+00  0.00E+00  0.00E+00  2.11E-35  1.12E-23  7.42E-17  1.07E-14
             8.56E-14  1.46E-13  9.82E-14  4.79E-14  1.47E-14  5.55E-15  2.03E-15  5.22E-16  1.86E-16
    15       0.00E+00  0.00E+00  0.00E+00  0.00E+00  0.00E+00  0.00E+00  1.61E-35  9.02E-24  6.29E-17  9.40E-15
             7.68E-14  1.33E-13  8.95E-14  4.37E-14  1.34E-14  5.07E-15  1.85E-15  4.78E-16  1.70E-16
    16       0.00E+00  0.00E+00  0.00E+00  0.00E+00  0.00E+00  0.00E+00  9.86E-36  5.64E-24  4.34E-17  7.13E-15
             6.11E-14  1.08E-13  7.35E-14  3.61E-14  1.11E-14  4.19E-15  1.53E-15  3.95E-16  1.41E-16
    17       0.00E+00  0.00E+00  0.00E+00  0.00E+00  0.00E+00  0.00E+00  6.15E-36  3.71E-24  3.09E-17  5.36E-15
             4.71E-14  8.45E-14  5.77E-14  2.83E-14  8.74E-15  3.30E-15  1.21E-15  3.11E-16  1.11E-16
    18       0.00E+00  0.00E+00  0.00E+00  0.00E+00  0.00E+00  0.00E+00  4.54E-36  2.88E-24  2.53E-17  4.52E-15
             4.02E-14  7.27E-14  4.97E-14  2.45E-14  7.55E-15  2.85E-15  1.04E-15  2.69E-16  9.57E-17
    19       0.00E+00  0.00E+00  0.00E+00  0.00E+00  0.00E+00  0.00E+00  3.38E-36  2.22E-24  2.05E-17  3.78E-15
             3.41E-14  6.21E-14  4.26E-14  2.10E-14  6.47E-15  2.44E-15  8.94E-16  2.31E-16  8.21E-17
    20       0.00E+00  0.00E+00  0.00E+00  0.00E+00  0.00E+00  0.00E+00  2.37E-36  1.61E-24  1.57E-17  2.96E-15
             2.70E-14  4.95E-14  3.40E-14  1.67E-14  5.17E-15  1.95E-15  7.14E-16  1.84E-16  6.56E-17
    21       0.00E+00  0.00E+00  0.00E+00  0.00E+00  0.00E+00  0.00E+00  1.57E-36  1.11E-24  1.12E-17  2.18E-15
             2.01E-14  3.70E-14  2.54E-14  1.25E-14  3.87E-15  1.46E-15  5.35E-16  1.38E-16  4.92E-17
    22       0.00E+00  0.00E+00  0.00E+00  0.00E+00  0.00E+00  0.00E+00  6.03E-37  4.76E-25  6.05E-18  1.31E-15
             1.26E-14  2.36E-14  1.63E-14  8.08E-15  2.50E-15  9.45E-16  3.45E-16  8.92E-17  3.17E-17
    23       0.00E+00  0.00E+00  0.00E+00  0.00E+00  0.00E+00  0.00E+00  4.59E-37  3.64E-25  4.67E-18  1.02E-15
             9.80E-15  1.84E-14  1.27E-14  6.29E-15  1.95E-15  7.36E-16  2.69E-16  6.95E-17  2.47E-17
    24       0.00E+00  0.00E+00  0.00E+00  0.00E+00  0.00E+00  0.00E+00  3.19E-37  2.54E-25  3.28E-18  7.16E-16
             6.91E-15  1.30E-14  8.97E-15  4.44E-15  1.37E-15  5.20E-16  1.90E-16  4.90E-17  1.75E-17
    25       0.00E+00  0.00E+00  0.00E+00  0.00E+00  0.00E+00  0.00E+00  2.56E-37  2.04E-25  2.64E-18  5.77E-16
             5.57E-15  1.05E-14  7.23E-15  3.58E-15  1.11E-15  4.19E-16  1.53E-16  3.95E-17  1.41E-17
    26       0.00E+00  0.00E+00  0.00E+00  0.00E+00  0.00E+00  0.00E+00  1.90E-37  1.52E-25  1.96E-18  4.27E-16
             4.12E-15  7.74E-15  5.35E-15  2.65E-15  8.20E-16  3.10E-16  1.13E-16  2.93E-17  1.04E-17
    27       0.00E+00  0.00E+00  0.00E+00  0.00E+00  0.00E+00  0.00E+00  1.45E-37  1.16E-25  1.49E-18  3.24E-16
             3.12E-15  5.86E-15  4.06E-15  2.01E-15  6.21E-16  2.35E-16  8.59E-17  2.22E-17  7.89E-18
    28       0.00E+00  0.00E+00  0.00E+00  0.00E+00  0.00E+00  0.00E+00  1.01E-37  8.06E-26  1.03E-18  2.22E-16
             2.14E-15  4.02E-15  2.78E-15  1.38E-15  4.26E-16  1.61E-16  5.89E-17  1.52E-17  5.42E-18
    29       0.00E+00  0.00E+00  0.00E+00  0.00E+00  0.00E+00  0.00E+00  6.85E-38  5.45E-26  6.87E-19  1.48E-16
             1.43E-15  2.68E-15  1.85E-15  9.16E-16  2.84E-16  1.07E-16  3.92E-17  1.01E-17  3.60E-18
    30       0.00E+00  0.00E+00  0.00E+00  0.00E+00  0.00E+00  0.00E+00  3.89E-38  3.08E-26  3.82E-19  8.18E-17
             7.85E-16  1.47E-15  1.02E-15  5.03E-16  1.56E-16  5.89E-17  2.15E-17  5.56E-18  1.98E-18
    31       0.00E+00  0.00E+00  0.00E+00  0.00E+00  0.00E+00  0.00E+00  2.48E-38  1.95E-26  2.39E-19  5.09E-17
             4.87E-16  9.13E-16  6.31E-16  3.12E-16  9.66E-17  3.65E-17  1.34E-17  3.45E-18  1.23E-18
    32       0.00E+00  0.00E+00  0.00E+00  0.00E+00  0.00E+00  0.00E+00  1.27E-38  9.94E-27  1.20E-19  2.53E-17
             2.42E-16  4.53E-16  3.13E-16  1.55E-16  4.79E-17  1.81E-17  6.62E-18  1.71E-18  6.08E-19
    33       0.00E+00  0.00E+00  0.00E+00  0.00E+00  0.00E+00  0.00E+00  8.87E-39  6.95E-27  8.34E-20  1.76E-17
             1.68E-16  3.13E-16  2.17E-16  1.07E-16  3.31E-17  1.25E-17  4.58E-18  1.18E-18  4.21E-19
    34       0.00E+00  0.00E+00  0.00E+00  0.00E+00  0.00E+00  0.00E+00  5.53E-39  4.33E-27  5.17E-20  1.09E-17
             1.04E-16  1.94E-16  1.34E-16  6.61E-17  2.05E-17  7.74E-18  2.83E-18  7.30E-19  2.60E-19
    35       0.00E+00  0.00E+00  0.00E+00  0.00E+00  0.00E+00  0.00E+00  3.45E-39  2.70E-27  3.21E-20  6.73E-18
             6.41E-17  1.20E-16  8.27E-17  4.09E-17  1.27E-17  4.78E-18  1.75E-18  4.52E-19  1.61E-19
    36       0.00E+00  0.00E+00  0.00E+00  0.00E+00  0.00E+00  0.00E+00  1.67E-39  1.30E-27  1.55E-20  3.24E-18
             3.08E-17  5.76E-17  3.98E-17  1.97E-17  6.09E-18  2.30E-18  8.41E-19  2.17E-19  7.73E-20
    37       0.00E+00  0.00E+00  0.00E+00  0.00E+00  0.00E+00  0.00E+00  1.03E-39  8.01E-28  9.51E-21  1.99E-18
             1.89E-17  3.54E-17  2.44E-17  1.21E-17  3.74E-18  1.41E-18  5.17E-19  1.33E-19  4.75E-20
    38       0.00E+00  0.00E+00  0.00E+00  0.00E+00  0.00E+00  0.00E+00  4.96E-40  3.87E-28  4.60E-21  9.62E-19
             9.15E-18  1.71E-17  1.18E-17  5.84E-18  1.81E-18  6.83E-19  2.50E-19  6.45E-20  2.30E-20
    39       0.00E+00  0.00E+00  0.00E+00  0.00E+00  0.00E+00  0.00E+00  2.96E-40  2.31E-28  2.74E-21  5.73E-19
             5.45E-18  1.02E-17  7.03E-18  3.48E-18  1.08E-18  4.07E-19  1.49E-19  3.84E-20  1.37E-20
    40       0.00E+00  0.00E+00  0.00E+00  0.00E+00  0.00E+00  0.00E+00  1.32E-40  1.03E-28  1.22E-21  2.56E-19
             2.43E-18  4.55E-18  3.14E-18  1.55E-18  4.80E-19  1.82E-19  6.64E-20  1.71E-20  6.10E-21
    41       0.00E+00  0.00E+00  0.00E+00  0.00E+00  0.00E+00  0.00E+00  8.49E-41  6.63E-29  7.86E-22  1.64E-19
             1.56E-18  2.92E-18  2.02E-18  9.98E-19  3.09E-19  1.17E-19  4.27E-20  1.10E-20  3.92E-21
    42       0.00E+00  0.00E+00  0.00E+00  0.00E+00  0.00E+00  0.00E+00  4.54E-41  3.55E-29  4.21E-22  8.80E-20
             8.37E-19  1.56E-18  1.08E-18  5.34E-19  1.65E-19  6.25E-20  2.28E-20  5.90E-21  2.10E-21



    T(K)     ALFT( 1)  ALFT( 2)  ALFT( 3)  ALFT( 4)  ALFT( 5)  ALFT( 6)  ALFT( 7)  ALFT( 8)  ALFT( 9)  ALFT(10)
    ----     --------  --------  --------  --------  --------  --------  --------  --------  --------  --------
  3.60E+02   0.00E+00
  7.20E+02   0.00E+00
  1.80E+03   0.00E+00
  3.60E+03   0.00E+00
  7.20E+03   0.00E+00
  1.80E+04   2.51E-34
  3.60E+04   2.26E-23
  7.20E+04   5.37E-18
  1.80E+05   3.22E-14
  3.60E+05   1.11E-12
  7.20E+05   5.37E-12
  1.80E+06   7.28E-12
  3.60E+06   4.58E-12
  7.20E+06   2.16E-12
  1.80E+07   6.53E-13
  3.60E+07   2.45E-13
  7.20E+07   8.91E-14
  1.80E+08   2.29E-14
  3.60E+08   8.16E-15

C--------------------------------------------------------------------------------------------------------------
C
C Ne-like target, 2l->3l core excitations.                                   
C
C--------------------------------------------------------------------------------------------------------------
