  1     1 2s2             1  0 S  0.0  1          0.000       0.000000          0.000       0.000000
  2     2 2s.2p           3  1 P  0.0  1     169802.469       1.547354     170856.609       1.556960
  3     2 2s.2p           3  1 P  1.0  3     172144.484       1.568696     173211.578       1.578420
  4     2 2s.2p           3  1 P  2.0  5     177318.484       1.615845     178397.750       1.625680
  5     2 2s.2p           1  1 P  1.0  3     329679.969       3.004265     343593.031       3.131050
  6     3 2p2             3  1 P  0.0  1     443671.219       4.043030     446608.906       4.069800
  7     3 2p2             3  1 P  1.0  3     446495.250       4.068764     449390.750       4.095150
  8     3 2p2             3  1 P  2.0  5     450966.250       4.109507     453883.375       4.136090
  9     3 2p2             1  2 D  2.0  5     495202.469       4.512617     506367.438       4.614360
 10     3 2p2             1  0 S  0.0  1     608759.750       5.547427     624402.000       5.689970
 11     4 2s.3s           3  0 S  1.0  3    2210700.000      20.145382    2170209.000      19.776400
 12     4 2s.3s           1  0 S  0.0  1    2241810.000      20.428877    2211075.250      20.148800
 13     5 2s.3p           1  1 P  1.0  3    2285040.000      20.822817    2266997.500      20.658401
 14     5 2s.3p           3  1 P  0.0  1          0.000       0.000000    2269148.000      20.677999
 15     5 2s.3p           3  1 P  1.0  3          0.000       0.000000    2269148.000      20.677999
 16     5 2s.3p           3  1 P  2.0  5          0.000       0.000000    2271299.000      20.697599
 17     6 2s.3d           3  2 D  1.0  3          0.000       0.000000    2327221.000      21.207199
 18     6 2s.3d           3  2 D  2.0  5    2332050.000      21.251204    2329372.000      21.226801
 19     6 2s.3d           3  2 D  3.0  7    2332520.000      21.255487    2329372.000      21.226801
 20     6 2s.3d           1  2 D  2.0  5    2361290.000      21.517658    2370238.250      21.599201
 21     8 2p.3p           3  1 P  0.0  1    2507170.000      22.847015    2525099.250      23.010399
 22     8 2p.3p           1  0 S  0.0  1          0.000       0.000000    2613284.250      23.813999
 23     8 2p.3p           3  2 D  3.0  7    2487320.000      22.666128    2501440.000      22.794800
 24     7 2p.3s           3  1 P  0.0  1          0.000       0.000000    2417557.000      22.030401
 25     9 2p.3d           3  1 P  0.0  1          0.000       0.000000    2596077.500      23.657200
 26     9 2p.3d           3  3 F  4.0  9          0.000       0.000000    2553060.500      23.265200
 27     8 2p.3p           1  1 P  1.0  3          0.000       0.000000    2479931.750      22.598801
 28     8 2p.3p           3  2 D  1.0  3          0.000       0.000000    2490685.750      22.696800
 29     8 2p.3p           3  0 S  1.0  3    2500420.000      22.785503    2516496.000      22.931999
 30     8 2p.3p           3  1 P  1.0  3    2510130.000      22.873987    2529401.250      23.049601
 31     8 2p.3p           3  2 D  2.0  5          0.000       0.000000    2492836.750      22.716400
 32     8 2p.3p           3  1 P  2.0  5    2512380.000      22.894491    2531552.000      23.069201
 33     8 2p.3p           1  2 D  2.0  5    2532420.000      23.077110    2563814.750      23.363199
 34     7 2p.3s           3  1 P  1.0  3          0.000       0.000000    2421858.500      22.069599
 35     7 2p.3s           1  1 P  1.0  3    2470820.000      22.515768    2467026.500      22.481199
 36     9 2p.3d           3  2 D  1.0  3          0.000       0.000000    2581021.500      23.519999
 37     9 2p.3d           3  1 P  1.0  3    2558230.000      23.312307    2593926.750      23.637600
 38     9 2p.3d           1  1 P  1.0  3          0.000       0.000000    2641245.500      24.068800
 39     7 2p.3s           3  1 P  2.0  5    2430220.000      22.145796    2428311.000      22.128399
 40     9 2p.3d           3  3 F  2.0  5          0.000       0.000000    2540155.500      23.147600
 41     9 2p.3d           1  2 D  2.0  5    2525040.000      23.009857    2550909.750      23.245600
 42     9 2p.3d           3  2 D  2.0  5    2547100.000      23.210884    2581021.500      23.519999
 43     9 2p.3d           3  1 P  2.0  5    2556770.000      23.299004    2593926.750      23.637600
 44     9 2p.3d           3  3 F  3.0  7          0.000       0.000000    2546608.000      23.206400
 45     9 2p.3d           3  2 D  3.0  7    2549470.000      23.232481    2585323.250      23.559200
 46     9 2p.3d           1  3 F  3.0  7    2582930.000      23.537392    2643396.250      24.088400
qq -1
%filename: si_11.elvlc
%observed energy levels: Martin, W.C., Sugar, J., Musgrove, A., Dalton, G.R., 1995, 
   NIST Database for Atomic Spectroscopy, Version 1.0, NIST Standard Reference Database 61
%Theoretical energy levels (1-10): Zhang, Sampson, ADNDT, 1992, 52, 143
%theoretical energy levels (11-46): Sampson, D.H., Goett, S.J., Clark, R.E.H., 1984, ADNDT, 30, 125
%produced as part of the Arcetri/Cambridge/NRL 'CHIANTI' atomic data base collaboration
%
%  K.P. Dere Jan. 1996 (levels 11-46), E. Landi 1995 (n=2 levels)
 -1


qqq
    1    3        580.908      5.173e-05      3.408e+05                2s2 1S0.0 -               2s.2p 3P1.0
    1    4        563.958      0.000e+00      2.410e-01                2s2 1S0.0 -               2s.2p 3P2.0
    3    4      19327.441      0.000e+00      1.867e+00              2s.2p 3P1.0 -               2s.2p 3P2.0
    1    5        303.325      2.652e-01      6.410e+09                2s2 1S0.0 -               2s.2p 1P1.0
    3    6        368.289      1.014e-01      4.984e+09              2s.2p 3P1.0 -                 2p2 3P0.0
    5    6        877.262      6.297e-05      5.458e+05              2s.2p 1P1.0 -                 2p2 3P0.0
    2    7        361.412      1.034e-01      1.760e+09              2s.2p 3P0.0 -                 2p2 3P1.0
    3    7        364.498      7.679e-02      1.285e+09              2s.2p 3P1.0 -                 2p2 3P1.0
    4    7        371.504      1.254e-01      2.021e+09              2s.2p 3P2.0 -                 2p2 3P1.0
    3    8        358.653      1.304e-01      1.352e+09              2s.2p 3P1.0 -                 2p2 3P2.0
    4    8        365.434      3.809e-01      3.805e+09              2s.2p 3P2.0 -                 2p2 3P2.0
    5    8        824.497      8.842e-04      1.735e+06              2s.2p 1P1.0 -                 2p2 3P2.0
    3    9        309.543      1.413e-04      1.967e+06              2s.2p 3P1.0 -                 2p2 1D2.0
    4    9        314.581      2.548e-03      3.434e+07              2s.2p 3P2.0 -                 2p2 1D2.0
    5    9        604.149      2.969e-01      1.085e+09              2s.2p 1P1.0 -                 2p2 1D2.0
    3   10        229.035      1.984e-05      2.522e+06              2s.2p 3P1.0 -                 2p2 1S0.0
    5   10        358.321      1.922e-01      9.987e+09              2s.2p 1P1.0 -                 2p2 1S0.0
    1   13         43.763      4.557e-01      5.332e+11                2s2 1S0.0 -               2s.3p 1P1.0
    1   15        -44.069      1.085e-01      1.242e+11                2s2 1S0.0 -               2s.3p 3P1.0
    1   34        -41.291      9.865e-04      1.286e+09                2s2 1S0.0 -               2p.3s 3P1.0
    1   35         40.472      4.340e-02      5.899e+10                2s2 1S0.0 -               2p.3s 1P1.0
    1   36        -38.744      4.891e-04      7.244e+08                2s2 1S0.0 -               2p.3d 3D1.0
    1   37         39.090      8.667e-05      1.244e+08                2s2 1S0.0 -               2p.3d 3P1.0
    1   38        -37.861      3.938e-02      6.107e+10                2s2 1S0.0 -               2p.3d 1P1.0
    6   13         54.308      4.395e-04      3.498e+08                2p2 3P0.0 -               2s.3p 1P1.0
    6   15        -54.869      1.346e-03      9.144e+08                2p2 3P0.0 -               2s.3p 3P1.0
    6   34        -50.627      6.638e-02      5.319e+10                2p2 3P0.0 -               2p.3s 3P1.0
    6   35         49.330      3.036e-04      2.890e+08                2p2 3P0.0 -               2p.3s 1P1.0
    6   36        -46.851      1.144e+00      1.077e+12                2p2 3P0.0 -               2p.3d 3D1.0
    6   37         47.291      8.441e-02      8.563e+10                2p2 3P0.0 -               2p.3d 3P1.0
    6   38        -45.566      3.199e-03      3.194e+09                2p2 3P0.0 -               2p.3d 1P1.0
   10   13         59.656      3.495e-04      2.379e+08                2p2 1S0.0 -               2s.3p 1P1.0
   10   15        -60.800      1.409e-04      7.447e+07                2p2 1S0.0 -               2s.3p 3P1.0
   10   34        -55.634      1.812e-04      1.155e+08                2p2 1S0.0 -               2p.3s 3P1.0
   10   35         53.704      5.363e-02      4.426e+10                2p2 1S0.0 -               2p.3s 1P1.0
   10   36        -51.109      1.953e-03      1.489e+09                2p2 1S0.0 -               2p.3d 3D1.0
   10   37         51.296      9.260e-04      8.171e+08                2p2 1S0.0 -               2p.3d 3P1.0
   10   38        -49.583      1.117e+00      9.090e+11                2p2 1S0.0 -               2p.3d 1P1.0
    7   14        -54.952      1.646e-03      3.330e+09                2p2 3P1.0 -               2s.3p 3P0.0
    7   24        -50.809      6.456e-02      1.540e+11                2p2 3P1.0 -               2p.3s 3P0.0
    7   25        -46.583      2.883e-01      8.232e+11                2p2 3P1.0 -               2p.3d 3P0.0
    7   13         54.391      2.739e-04      2.175e+08                2p2 3P1.0 -               2s.3p 1P1.0
    7   15        -54.952      9.469e-04      6.399e+08                2p2 3P1.0 -               2s.3p 3P1.0
    7   34        -50.698      4.771e-02      3.806e+10                2p2 3P1.0 -               2p.3s 3P1.0
    7   35         49.399      6.933e-04      6.588e+08                2p2 3P1.0 -               2p.3s 1P1.0
    7   36        -46.913      5.006e-01      4.692e+11                2p2 3P1.0 -               2p.3d 3D1.0
    7   37         47.355      4.242e-01      4.295e+11                2p2 3P1.0 -               2p.3d 3P1.0
    7   38        -45.624      1.483e-03      1.474e+09                2p2 3P1.0 -               2p.3d 1P1.0
    7   16        -54.888      2.481e-03      1.008e+09                2p2 3P1.0 -               2s.3p 3P2.0
    7   39         50.410      8.709e-02      4.767e+10                2p2 3P1.0 -               2p.3s 3P2.0
    7   40        -47.829      2.514e-03      1.361e+09                2p2 3P1.0 -               2p.3d 3F2.0
    7   41         48.111      3.043e-02      1.801e+10                2p2 3P1.0 -               2p.3d 1D2.0
    7   42         47.605      2.444e+00      1.471e+12                2p2 3P1.0 -               2p.3d 3D2.0
    7   43         47.387      4.419e-05      2.681e+07                2p2 3P1.0 -               2p.3d 3P2.0
    8   13         54.524      1.255e-03      9.937e+08                2p2 3P2.0 -               2s.3p 1P1.0
    8   15        -55.088      1.110e-03      7.442e+08                2p2 3P2.0 -               2s.3p 3P1.0
    8   34        -50.814      8.186e-02      6.481e+10                2p2 3P2.0 -               2p.3s 3P1.0
    8   35         49.509      8.758e-06      8.298e+06                2p2 3P2.0 -               2p.3s 1P1.0
    8   36        -47.012      4.843e-03      4.508e+09                2p2 3P2.0 -               2p.3d 3D1.0
    8   37         47.455      3.981e-01      4.019e+11                2p2 3P2.0 -               2p.3d 3P1.0
    9   13         55.871      1.982e-02      1.512e+10                2p2 1D2.0 -               2s.3p 1P1.0
    9   15        -56.729      5.641e-03      3.516e+09                2p2 1D2.0 -               2s.3p 3P1.0
    9   34        -52.206      4.031e-04      2.986e+08                2p2 1D2.0 -               2p.3s 3P1.0
    9   35         50.617      1.762e-01      1.613e+11                2p2 1D2.0 -               2p.3s 1P1.0
    9   36        -48.201      7.269e-04      6.362e+08                2p2 1D2.0 -               2p.3d 3D1.0
    9   37         48.473      1.846e-03      1.803e+09                2p2 1D2.0 -               2p.3d 3P1.0
    9   38        -46.841      5.310e-02      4.940e+10                2p2 1D2.0 -               2p.3d 1P1.0
    8   16        -55.023      6.630e-03      2.671e+09                2p2 3P2.0 -               2s.3p 3P2.0
    8   39         50.524      2.484e-01      1.356e+11                2p2 3P2.0 -               2p.3s 3P2.0
    8   40        -47.932      1.120e-02      6.021e+09                2p2 3P2.0 -               2p.3d 3F2.0
    8   41         48.214      9.520e-03      5.618e+09                2p2 3P2.0 -               2p.3d 1D2.0
    8   42         47.707      1.641e-01      9.848e+10                2p2 3P2.0 -               2p.3d 3D2.0
    8   43         47.488      1.585e+00      9.588e+11                2p2 3P2.0 -               2p.3d 3P2.0
    9   16        -56.660      3.196e-05      1.198e+07                2p2 1D2.0 -               2s.3p 3P2.0
    9   39         51.679      1.540e-03      8.120e+08                2p2 1D2.0 -               2p.3s 3P2.0
    9   40        -49.169      1.715e-01      8.658e+10                2p2 1D2.0 -               2p.3d 3F2.0
    9   41         49.265      7.013e-01      4.002e+11                2p2 1D2.0 -               2p.3d 1D2.0
    9   42         48.735      2.275e-03      1.320e+09                2p2 1D2.0 -               2p.3d 3D2.0
    9   43         48.507      3.067e-02      1.795e+10                2p2 1D2.0 -               2p.3d 3P2.0
    8   44        -47.785      3.733e-02      1.441e+10                2p2 3P2.0 -               2p.3d 3F3.0
    8   45         47.653      3.929e+00      1.686e+12                2p2 3P2.0 -               2p.3d 3D3.0
    8   46         46.905      8.034e-03      3.517e+09                2p2 3P2.0 -               2p.3d 1F3.0
    9   44        -49.014      7.095e-03      2.574e+09                2p2 1D2.0 -               2p.3d 3F3.0
    9   45         48.679      2.749e-03      1.141e+09                2p2 1D2.0 -               2p.3d 3D3.0
    9   46         47.899      5.253e+00      2.225e+12                2p2 1D2.0 -               2p.3d 1F3.0
    2   11         48.998      2.843e-02      2.727e+10              2s.2p 3P0.0 -               2s.3s 3S1.0
    2   17        -46.374      7.291e-01      7.339e+11              2s.2p 3P0.0 -               2s.3d 3D1.0
    2   27        -43.307      1.091e-02      1.261e+10              2s.2p 3P0.0 -               2p.3p 1P1.0
    2   28        -43.107      8.934e-02      1.042e+11              2s.2p 3P0.0 -               2p.3p 3D1.0
    2   29         42.907      5.090e-02      6.185e+10              2s.2p 3P0.0 -               2p.3p 3S1.0
    2   30         42.729      6.144e-02      7.523e+10              2s.2p 3P0.0 -               2p.3p 3P1.0
    3   12         48.317      1.937e-05      5.706e+07              2s.2p 3P1.0 -               2s.3s 1S0.0
    3   21         42.826      1.020e-01      3.732e+11              2s.2p 3P1.0 -               2p.3p 3P0.0
    3   22        -40.982      2.219e-04      8.590e+08              2s.2p 3P1.0 -               2p.3p 1S0.0
    5   12         52.298      3.368e-02      8.615e+10              2s.2p 1P1.0 -               2s.3s 1S0.0
    5   21         45.925      3.793e-04      1.223e+09              2s.2p 1P1.0 -               2p.3p 3P0.0
    5   22        -44.059      1.266e-01      4.176e+11              2s.2p 1P1.0 -               2p.3p 1S0.0
    3   11         49.054      8.489e-02      8.130e+10              2s.2p 3P1.0 -               2s.3s 3S1.0
    3   17        -46.425      5.446e-01      5.464e+11              2s.2p 3P1.0 -               2s.3d 3D1.0
    3   27        -43.352      2.508e-02      2.887e+10              2s.2p 3P1.0 -               2p.3p 1P1.0
    3   28        -43.151      3.245e-02      3.771e+10              2s.2p 3P1.0 -               2p.3p 3D1.0
    3   29         42.950      1.187e-01      1.439e+11              2s.2p 3P1.0 -               2p.3p 3S1.0
    3   30         42.772      4.046e-02      4.945e+10              2s.2p 3P1.0 -               2p.3p 3P1.0
    5   11         53.163      5.120e-05      4.250e+07              2s.2p 1P1.0 -               2s.3s 3S1.0
    5   17        -50.413      3.482e-04      2.913e+08              2s.2p 1P1.0 -               2s.3d 3D1.0
    5   27        -46.809      2.142e-01      2.084e+11              2s.2p 1P1.0 -               2p.3p 1P1.0
    5   28        -46.575      5.587e-02      5.494e+10              2s.2p 1P1.0 -               2p.3p 3D1.0
    5   29         46.067      6.374e-03      6.808e+09              2s.2p 1P1.0 -               2p.3p 3S1.0
    5   30         45.862      2.922e-04      3.146e+08              2s.2p 1P1.0 -               2p.3p 3P1.0
    3   18         46.298      1.634e+00      1.033e+12              2s.2p 3P1.0 -               2s.3d 3D2.0
    3   20         45.680      3.992e-04      2.577e+08              2s.2p 3P1.0 -               2s.3d 1D2.0
    3   31        -43.110      2.196e-01      1.537e+11              2s.2p 3P1.0 -               2p.3p 3D2.0
    3   32         42.731      1.046e-01      7.681e+10              2s.2p 3P1.0 -               2p.3p 3P2.0
    3   33         42.368      1.128e-03      8.386e+08              2s.2p 3P1.0 -               2p.3p 1D2.0
    5   18         49.941      4.431e-04      2.445e+08              2s.2p 1P1.0 -               2s.3d 3D2.0
    5   20         49.222      1.482e+00      8.358e+11              2s.2p 1P1.0 -               2s.3d 1D2.0
    5   31        -46.528      1.637e-03      9.681e+08              2s.2p 1P1.0 -               2p.3p 3D2.0
    5   32         45.815      8.363e-03      5.410e+09              2s.2p 1P1.0 -               2p.3p 3P2.0
    5   33         45.398      8.435e-01      5.530e+11              2s.2p 1P1.0 -               2p.3p 1D2.0
    4   11         49.179      1.403e-01      1.339e+11              2s.2p 3P2.0 -               2s.3s 3S1.0
    4   17        -46.537      3.607e-02      3.592e+10              2s.2p 3P2.0 -               2s.3d 3D1.0
    4   27        -43.449      2.003e-05      2.293e+07              2s.2p 3P2.0 -               2p.3p 1P1.0
    4   28        -43.247      3.430e-03      3.964e+09              2s.2p 3P2.0 -               2p.3p 3D1.0
    4   29         43.046      5.639e-02      6.817e+10              2s.2p 3P2.0 -               2p.3p 3S1.0
    4   30         42.867      1.979e-01      2.411e+11              2s.2p 3P2.0 -               2p.3p 3P1.0
    4   18         46.410      5.409e-01      3.410e+11              2s.2p 3P2.0 -               2s.3d 3D2.0
    4   20         45.788      4.742e-05      3.052e+07              2s.2p 3P2.0 -               2s.3d 1D2.0
    4   31        -43.207      4.624e-02      3.212e+10              2s.2p 3P2.0 -               2p.3p 3D2.0
    4   32         42.826      4.017e-01      2.940e+11              2s.2p 3P2.0 -               2p.3p 3P2.0
    4   33         42.461      2.945e-03      2.181e+09              2s.2p 3P2.0 -               2p.3p 1D2.0
    4   19         46.399      3.027e+00      1.364e+12              2s.2p 3P2.0 -               2s.3d 3D3.0
    4   23         43.290      3.821e-01      1.959e+11              2s.2p 3P2.0 -               2p.3p 3D3.0
   19   26       -447.051      1.280e-02      4.614e+07              2s.3d 3D3.0 -               2p.3d 3F4.0
   23   26      -1937.218      6.640e-01      2.127e+08              2p.3p 3D3.0 -               2p.3d 3F4.0
qq -1
%filename: si_11.wgfa
%observed energy levels: Martin, W.C., Sugar, J., Musgrove, A., Dalton, G.R., 1995,
   NIST Database for Atomic Spectroscopy, Version 1.0, NIST Standard Reference Database 61
%theoretical energy levels (11-46): Sampson, D.H., Goett, S.J., Clark, R.E.H., 1984, ADNDT, 30, 125
%A values(1 - 10 levels): Calculated using SSTRUCT
%A values(11 - 46 levels): Sampson, D.H., Goett, S.J., Clark, R.E.H., 1984, ADNDT, 30, 125.
%comment: Have re-calculated the A values for the first 10 levels using 
  SSTRUCT. The major addition is the 3-4 transition probability 
  which has a considerable effect on the level balance at low 
  densities. The SSTRUCT model included the following 15 
  configurations:

	2s2, 2s 2p, 2p2
	2s 3s, 2s 3p, 2s 3d
	2p 3s, 2p 3p, 2p 3d
	3s2, 3p2, 3d2
	3s 3p, 3s 3d, 3p 3d

%comment:  gf values for transitions 19-26 and 23-26 were simply taken to be
   equal to the O V gf values reported by Hibbert, 1980, J. Phys. B, 13, 1721.
   The A values were obtained from the gf values by using the wavelengths listed.
%produced as part of the Arcetri/Cambridge/NRL 'CHIANTI' atomic data base collaboration
% P.R. Young - Nov 1996
qq -1
 14 11  1  2  2 0.000e+00 1.547e+00 5.000e+00 1.251e-02 8.747e-03 6.259e-03 4.142e-03 8.254e-04
 14 11  1  3  2 0.000e+00 1.569e+00 5.000e+00 3.750e-02 2.614e-02 1.870e-02 1.234e-02 2.456e-03
 14 11  1  4  2 0.000e+00 1.616e+00 6.000e+00 6.189e-02 4.097e-02 2.919e-02 1.846e-02 3.768e-03
 14 11  1  5  1 2.652e-01 3.004e+00 2.500e+00 9.674e-01 8.268e-01 6.465e-01 4.795e-01 3.530e-01
 14 11  1  6  2 0.000e+00 4.043e+00 2.400e+00 2.567e-04 1.989e-04 1.537e-04 9.893e-05 1.909e-05
 14 11  1  7  2 0.000e+00 4.069e+00 2.400e+00 7.705e-04 5.959e-04 4.605e-04 2.959e-04 5.695e-05
 14 11  1  8  2 0.000e+00 4.110e+00 2.400e+00 1.284e-03 9.915e-04 7.651e-04 4.906e-04 9.463e-05
 14 11  1  9  2 0.000e+00 4.513e+00 2.300e+00 1.103e-02 1.026e-02 9.796e-03 9.391e-03 9.015e-03
 14 11  1 10  2 0.000e+00 5.547e+00 2.000e+00 3.902e-03 3.809e-03 3.605e-03 3.297e-03 2.794e-03
 14 11  2  3  2 0.000e+00 2.134e-02 3.920e+02 2.999e-01 1.769e-01 1.043e-01 5.822e-02 9.330e-03
 14 11  2  4  2 0.000e+00 6.849e-02 1.400e+02 2.809e-01 1.468e-01 8.135e-02 5.109e-02 3.144e-02
 14 11  2  5  2 0.000e+00 1.457e+00 6.000e+00 3.618e-02 2.155e-02 1.425e-02 8.056e-03 5.574e-04
 14 11  2  6  2 0.000e+00 2.496e+00 4.000e+00 4.328e-03 3.814e-03 3.124e-03 2.132e-03 6.462e-04
 14 11  2  7  1 1.034e-01 2.521e+00 2.700e+00 5.053e-01 4.083e-01 3.116e-01 2.273e-01 1.640e-01
 14 11  2  8  2 0.000e+00 2.562e+00 4.000e+00 5.843e-03 5.087e-03 4.194e-03 2.911e-03 9.680e-04
 14 11  2  9  2 0.000e+00 2.965e+00 4.000e+00 1.016e-02 8.765e-03 6.797e-03 3.778e-03 2.088e-04
 14 11  2 10  2 0.000e+00 4.000e+00 3.000e+00 1.291e-03 1.102e-03 8.585e-04 4.802e-04 2.407e-05
 14 11  3  4  2 0.000e+00 4.715e-02 1.500e+02 9.681e-01 5.993e-01 3.478e-01 2.070e-01 8.674e-02
 14 11  3  5  2 0.000e+00 1.436e+00 5.000e+00 1.103e-01 6.949e-02 4.600e-02 2.741e-02 1.929e-03
 14 11  3  6  1 1.014e-01 2.474e+00 3.000e+00 4.925e-01 3.877e-01 2.945e-01 2.202e-01 1.639e-01
 14 11  3  7  1 7.679e-02 2.500e+00 3.000e+00 3.914e-01 3.060e-01 2.274e-01 1.665e-01 1.229e-01
 14 11  3  8  1 1.304e-01 2.541e+00 3.000e+00 6.407e-01 5.003e-01 3.751e-01 2.761e-01 2.053e-01
 14 11  3  9  2 1.410e-04 2.944e+00 4.000e+00 3.050e-02 2.632e-02 2.045e-02 1.139e-02 6.346e-04
 14 11  3 10  2 2.000e-05 3.979e+00 3.000e+00 3.870e-03 3.300e-03 2.586e-03 1.441e-03 7.211e-05
 14 11  4  5  2 0.000e+00 1.388e+00 6.000e+00 1.793e-01 1.099e-01 7.241e-02 4.168e-02 2.372e-03
 14 11  4  6  2 0.000e+00 2.427e+00 5.000e+00 5.811e-03 4.964e-03 4.007e-03 2.709e-03 9.571e-04
 14 11  4  7  1 1.254e-01 2.453e+00 3.000e+00 6.384e-01 5.000e-01 3.734e-01 2.744e-01 2.045e-01
 14 11  4  8  1 3.809e-01 2.494e+00 3.000e+00 1.898e+00 1.498e+00 1.121e+00 8.313e-01 6.109e-01
 14 11  4  9  2 2.548e-03 2.897e+00 4.000e+00 5.081e-02 4.396e-02 3.428e-02 1.919e-02 1.099e-03
 14 11  4 10  2 0.000e+00 3.932e+00 3.000e+00 6.453e-03 5.508e-03 4.329e-03 2.420e-03 1.253e-04
 14 11  5  6  2 6.300e-05 1.039e+00 9.000e+00 1.023e-02 7.051e-03 5.177e-03 3.292e-03 6.610e-04
 14 11  5  7  2 0.000e+00 1.064e+00 9.000e+00 3.133e-02 2.094e-02 1.548e-02 9.701e-03 2.251e-03
 14 11  5  8  2 8.840e-04 1.105e+00 9.000e+00 5.097e-02 3.467e-02 2.540e-02 1.593e-02 3.197e-03
 14 11  5  9  1 2.969e-01 1.508e+00 3.000e+00 2.672e+00 2.051e+00 1.504e+00 1.058e+00 7.872e-01
 14 11  5 10  1 1.922e-01 2.543e+00 3.000e+00 8.788e-01 6.844e-01 5.166e-01 3.885e-01 3.023e-01
 14 11  6  7  2 0.000e+00 2.573e-02 4.000e+02 7.444e-02 6.368e-02 5.189e-02 3.509e-02 8.649e-03
 14 11  6  8  2 0.000e+00 6.648e-02 1.900e+02 4.424e-02 4.038e-02 3.767e-02 3.595e-02 3.460e-02
 14 11  6  9  2 0.000e+00 4.696e-01 1.500e+01 4.134e-02 3.680e-02 3.116e-02 2.072e-02 1.750e-03
 14 11  6 10  2 0.000e+00 1.504e+00 6.000e+00 4.893e-03 4.156e-03 3.223e-03 1.847e-03 7.305e-05
 14 11  7  8  2 0.000e+00 4.074e-02 1.700e+02 1.926e-01 1.770e-01 1.592e-01 1.372e-01 1.080e-01
 14 11  7  9  2 0.000e+00 4.439e-01 1.900e+01 1.236e-01 1.083e-01 8.954e-02 5.604e-02 4.437e-03
 14 11  7 10  2 0.000e+00 1.479e+00 7.000e+00 1.465e-02 1.221e-02 9.191e-03 5.061e-03 1.467e-04
 14 11  8  9  2 0.000e+00 4.031e-01 2.700e+01 2.055e-01 1.750e-01 1.384e-01 7.954e-02 6.159e-03
 14 11  8 10  2 0.000e+00 1.438e+00 6.000e+00 2.449e-02 2.091e-02 1.636e-02 9.508e-03 3.986e-04
 14 11  9 10  2 0.000e+00 1.035e+00 1.100e+01 7.765e-02 7.972e-02 8.222e-02 8.937e-02 1.027e-01
 14 11  1 11  3 0.000e+00 1.978e+01 2.700e+00 4.797e-03 5.130e-03 5.943e-03 7.016e-03 9.046e-03
 14 11  1 12  2 0.000e+00 2.015e+01 2.700e+00 5.563e-02 6.179e-02 6.582e-02 6.953e-02 7.411e-02
 14 11  1 13  1 4.557e-01 2.066e+01 2.500e+00 2.028e-02 3.043e-02 4.168e-02 5.743e-02 8.817e-02
 14 11  1 14  3 0.000e+00 2.068e+01 2.700e+00 1.098e-03 1.197e-03 1.364e-03 1.567e-03 1.851e-03
 14 11  1 15  1 1.085e-01 2.068e+01 3.000e+00 7.242e-03 8.766e-03 1.097e-02 1.460e-02 2.102e-02
 14 11  1 16  3 0.000e+00 2.070e+01 2.700e+00 5.495e-03 5.988e-03 6.824e-03 7.841e-03 9.264e-03
 14 11  1 17  3 0.000e+00 2.121e+01 2.700e+00 6.342e-03 6.799e-03 7.778e-03 9.003e-03 1.107e-02
 14 11  1 18  3 0.000e+00 2.123e+01 2.700e+00 1.058e-02 1.136e-02 1.301e-02 1.512e-02 1.824e-02
 14 11  1 19  3 0.000e+00 2.123e+01 2.700e+00 1.483e-02 1.590e-02 1.819e-02 2.106e-02 2.589e-02
 14 11  1 20  2 0.000e+00 2.160e+01 3.700e+00 6.346e-02 9.544e-02 1.214e-01 1.489e-01 1.948e-01
 14 11  1 21  2 0.000e+00 2.301e+01 1.600e+00 2.252e-05 1.500e-05 9.790e-06 5.062e-06 4.425e-07
 14 11  1 22  2 0.000e+00 2.381e+01 2.700e+00 8.613e-05 8.477e-05 8.584e-05 8.763e-05 9.393e-05
 14 11  1 23  3 0.000e+00 2.279e+01 2.700e+00 4.646e-04 5.228e-04 6.120e-04 7.227e-04 9.025e-04
 14 11  1 24  3 0.000e+00 2.203e+01 2.700e+00 1.723e-05 1.966e-05 2.314e-05 2.733e-05 3.209e-05
 14 11  1 25  3 0.000e+00 2.366e+01 2.700e+00 8.441e-05 9.272e-05 1.068e-04 1.236e-04 1.429e-04
 14 11  1 26  3 0.000e+00 2.327e+01 2.000e+00 3.873e-04 3.877e-04 4.210e-04 4.697e-04 5.583e-04
 14 11  1 27  3 0.000e+00 2.260e+01 2.700e+00 9.978e-05 1.077e-04 1.220e-04 1.388e-04 1.578e-04
 14 11  1 28  3 0.000e+00 2.270e+01 2.700e+00 1.852e-04 2.073e-04 2.418e-04 2.844e-04 3.541e-04
 14 11  1 29  3 0.000e+00 2.293e+01 2.700e+00 6.300e-05 7.662e-05 9.449e-05 1.179e-04 1.590e-04
 14 11  1 30  3 0.000e+00 2.305e+01 2.700e+00 6.313e-05 6.599e-05 7.323e-05 8.168e-05 9.303e-05
 14 11  1 31  2 0.000e+00 2.272e+01 2.000e+00 3.581e-04 2.398e-04 1.605e-04 8.861e-05 1.426e-05
 14 11  1 32  2 0.000e+00 2.307e+01 1.700e+00 1.186e-04 8.612e-05 6.714e-05 5.087e-05 4.540e-05
 14 11  1 33  2 0.000e+00 2.336e+01 3.700e+00 8.590e-04 1.342e-03 1.739e-03 2.161e-03 2.849e-03
 14 11  1 34  1 9.865e-04 2.207e+01 2.700e+00 1.100e-04 1.030e-04 1.080e-04 1.297e-04 1.792e-04
 14 11  1 35  1 4.340e-02 2.248e+01 2.500e+00 2.797e-03 3.617e-03 4.381e-03 5.580e-03 7.730e-03
 14 11  1 36  4 4.891e-04 2.352e+01 2.100e+00 2.002e-04 1.335e-04 9.417e-05 7.323e-05 8.317e-05
 14 11  1 37  4 8.670e-05 2.364e+01 1.900e+00 3.990e-04 2.204e-04 9.857e-05 2.305e-05 1.414e-05
 14 11  1 38  1 3.938e-02 2.407e+01 2.500e+00 5.255e-03 5.545e-03 5.599e-03 5.687e-03 6.537e-03
 14 11  1 39  3 0.000e+00 2.213e+01 2.700e+00 8.222e-05 9.398e-05 1.107e-04 1.317e-04 1.615e-04
 14 11  1 40  3 0.000e+00 2.315e+01 2.400e+00 2.115e-04 2.115e-04 2.305e-04 2.559e-04 2.963e-04
 14 11  1 41  3 0.000e+00 2.325e+01 1.700e+00 1.403e-04 1.330e-04 1.377e-04 1.467e-04 1.659e-04
 14 11  1 42  3 0.000e+00 2.352e+01 1.700e+00 1.670e-04 1.624e-04 1.717e-04 1.873e-04 2.196e-04
 14 11  1 43  3 0.000e+00 2.364e+01 2.700e+00 3.856e-04 4.203e-04 4.840e-04 5.641e-04 6.982e-04
 14 11  1 44  3 0.000e+00 2.321e+01 2.700e+00 3.128e-04 3.190e-04 3.559e-04 4.058e-04 5.125e-04
 14 11  1 45  3 0.000e+00 2.356e+01 1.700e+00 1.631e-04 1.512e-04 1.544e-04 1.634e-04 1.811e-04
 14 11  1 46  2 0.000e+00 2.409e+01 3.700e+00 2.095e-04 2.983e-04 3.737e-04 4.521e-04 5.783e-04
 14 11  2 11  1 2.843e-02 1.796e+01 2.500e+00 2.100e-03 2.187e-03 2.720e-03 3.867e-03 6.337e-03
 14 11  2 12  3 0.000e+00 1.832e+01 2.700e+00 5.069e-04 5.886e-04 6.994e-04 8.358e-04 1.069e-03
 14 11  2 13  3 0.000e+00 1.883e+01 2.700e+00 2.927e-03 3.123e-03 3.554e-03 4.084e-03 4.961e-03
 14 11  2 14  2 0.000e+00 1.885e+01 3.700e+00 3.114e-02 3.390e-02 3.533e-02 3.661e-02 3.786e-02
 14 11  2 15  3 0.000e+00 1.886e+01 2.700e+00 4.294e-03 4.733e-03 5.508e-03 6.480e-03 8.132e-03
 14 11  2 16  2 0.000e+00 1.888e+01 3.800e+00 6.638e-03 6.453e-03 7.146e-03 8.092e-03 1.060e-02
 14 11  2 17  1 7.291e-01 1.939e+01 2.500e+00 8.632e-02 9.632e-02 1.045e-01 1.164e-01 1.502e-01
 14 11  2 18  3 0.000e+00 1.940e+01 2.700e+00 9.134e-03 9.374e-03 1.041e-02 1.170e-02 1.386e-02
 14 11  2 19  2 0.000e+00 1.940e+01 2.400e+00 7.397e-03 5.691e-03 5.245e-03 4.982e-03 5.859e-03
 14 11  2 20  3 0.000e+00 1.978e+01 2.700e+00 8.189e-03 8.362e-03 9.258e-03 1.037e-02 1.223e-02
 14 11  2 21  3 0.000e+00 2.119e+01 2.700e+00 4.081e-04 4.455e-04 5.083e-04 5.848e-04 6.916e-04
 14 11  2 22  3 0.000e+00 2.199e+01 2.700e+00 1.196e-04 1.285e-04 1.452e-04 1.656e-04 1.939e-04
 14 11  2 23  2 0.000e+00 2.097e+01 2.300e+00 1.181e-04 9.138e-05 8.384e-05 7.955e-05 9.247e-05
 14 11  2 24  2 0.000e+00 2.021e+01 3.700e+00 2.471e-02 2.802e-02 2.980e-02 3.143e-02 3.337e-02
 14 11  2 25  2 0.000e+00 2.183e+01 2.800e+00 1.096e-05 8.487e-06 7.630e-06 7.075e-06 7.450e-06
 14 11  2 27  1 1.091e-02 2.078e+01 2.400e+00 1.261e-03 9.910e-04 9.979e-04 1.282e-03 2.103e-03
 14 11  2 28  1 8.934e-02 2.087e+01 2.500e+00 2.838e-03 4.921e-03 7.381e-03 1.082e-02 1.712e-02
 14 11  2 29  1 5.090e-02 2.111e+01 2.500e+00 3.113e-03 4.001e-03 5.029e-03 6.554e-03 9.642e-03
 14 11  2 30  1 6.144e-02 2.121e+01 2.500e+00 2.633e-03 3.947e-03 5.427e-03 7.511e-03 1.158e-02
 14 11  2 31  3 0.000e+00 2.089e+01 3.700e+00 1.346e-03 1.567e-03 1.842e-03 2.155e-03 2.578e-03
 14 11  2 32  3 0.000e+00 2.125e+01 2.700e+00 4.697e-04 5.151e-04 5.891e-04 6.793e-04 8.052e-04
 14 11  2 33  3 0.000e+00 2.154e+01 2.700e+00 6.478e-04 7.219e-04 8.370e-04 9.820e-04 1.224e-03
 14 11  2 34  3 0.000e+00 2.023e+01 2.700e+00 1.569e-03 1.669e-03 1.929e-03 2.273e-03 2.926e-03
 14 11  2 35  3 0.000e+00 2.066e+01 2.700e+00 4.747e-04 5.033e-04 5.749e-04 6.659e-04 8.229e-04
 14 11  2 36  3 0.000e+00 2.168e+01 2.700e+00 2.344e-03 2.522e-03 2.892e-03 3.354e-03 4.128e-03
 14 11  2 37  3 0.000e+00 2.181e+01 2.700e+00 2.327e-04 2.548e-04 2.945e-04 3.441e-04 4.260e-04
 14 11  2 38  3 0.000e+00 2.225e+01 2.700e+00 8.472e-04 9.207e-04 1.060e-03 1.236e-03 1.527e-03
 14 11  2 39  2 0.000e+00 2.031e+01 3.700e+00 1.742e-04 2.276e-04 2.777e-04 3.335e-04 4.377e-04
 14 11  2 40  2 0.000e+00 2.132e+01 3.700e+00 1.629e-02 2.140e-02 2.608e-02 3.127e-02 4.068e-02
 14 11  2 41  2 0.000e+00 2.142e+01 3.700e+00 5.668e-03 7.934e-03 9.874e-03 1.198e-02 1.563e-02
 14 11  2 42  2 0.000e+00 2.170e+01 3.700e+00 1.428e-02 2.062e-02 2.591e-02 3.159e-02 4.126e-02
 14 11  2 43  2 0.000e+00 2.181e+01 3.700e+00 1.826e-03 2.014e-03 2.308e-03 2.648e-03 3.341e-03
 14 11  2 44  3 0.000e+00 2.138e+01 2.700e+00 4.253e-03 4.566e-03 5.228e-03 6.056e-03 7.449e-03
 14 11  2 45  3 0.000e+00 2.174e+01 2.700e+00 1.493e-03 1.603e-03 1.835e-03 2.127e-03 2.615e-03
 14 11  2 46  3 0.000e+00 2.227e+01 2.700e+00 2.166e-03 2.326e-03 2.664e-03 3.086e-03 3.796e-03
 14 11  3 11  1 8.489e-02 1.792e+01 2.500e+00 6.298e-03 6.555e-03 8.141e-03 1.158e-02 1.896e-02
 14 11  3 12  4 1.940e-05 1.829e+01 1.900e+00 2.369e-03 1.324e-03 5.668e-04 7.731e-05 0.000e+00
 14 11  3 13  2 0.000e+00 1.880e+01 2.700e+00 2.687e-02 2.469e-02 2.383e-02 2.314e-02 2.305e-02
 14 11  3 14  3 0.000e+00 1.881e+01 2.700e+00 3.696e-03 4.038e-03 4.671e-03 5.462e-03 6.796e-03
 14 11  3 15  2 0.000e+00 1.883e+01 2.700e+00 8.374e-02 8.710e-02 8.993e-02 9.269e-02 9.728e-02
 14 11  3 16  2 0.000e+00 1.884e+01 2.900e+00 1.961e-02 1.697e-02 1.718e-02 1.808e-02 2.353e-02
 14 11  3 17  1 5.446e-01 1.936e+01 2.500e+00 7.636e-02 7.738e-02 7.961e-02 8.788e-02 1.126e-01
 14 11  3 18  1 1.634e+00 1.936e+01 2.500e+00 2.033e-01 2.215e-01 2.376e-01 2.628e-01 3.372e-01
 14 11  3 19  2 0.000e+00 1.937e+01 1.900e+00 2.803e-02 1.985e-02 1.571e-02 1.223e-02 1.136e-02
 14 11  3 20  4 3.992e-04 1.976e+01 1.700e+00 4.655e-02 2.587e-02 1.125e-02 1.733e-03 0.000e+00
 14 11  3 21  1 1.020e-01 2.115e+01 2.500e+00 4.687e-03 6.786e-03 9.181e-03 1.259e-02 1.928e-02
 14 11  3 22  1 2.219e-04 2.195e+01 2.000e+00 4.182e-04 2.496e-04 1.215e-04 3.636e-05 4.022e-05
 14 11  3 23  2 0.000e+00 2.093e+01 1.600e+00 1.743e-03 1.244e-03 8.713e-04 5.228e-04 1.548e-04
 14 11  3 24  3 0.000e+00 2.017e+01 2.700e+00 1.520e-03 1.619e-03 1.872e-03 2.208e-03 2.842e-03
 14 11  3 25  3 0.000e+00 2.180e+01 2.700e+00 5.329e-04 5.798e-04 6.683e-04 7.788e-04 9.623e-04
 14 11  3 26  3 0.000e+00 2.140e+01 2.700e+00 4.669e-03 5.013e-03 5.741e-03 6.650e-03 8.179e-03
 14 11  3 27  1 2.508e-02 2.074e+01 2.500e+00 3.190e-03 2.516e-03 2.484e-03 3.121e-03 4.849e-03
 14 11  3 28  1 3.245e-02 2.083e+01 2.500e+00 2.465e-03 2.376e-03 2.805e-03 3.915e-03 6.241e-03
 14 11  3 29  1 1.187e-01 2.109e+01 2.500e+00 7.465e-03 9.437e-03 1.178e-02 1.532e-02 2.250e-02
 14 11  3 30  1 4.046e-02 2.119e+01 2.500e+00 2.749e-03 2.997e-03 3.631e-03 4.929e-03 7.645e-03
 14 11  3 31  1 2.196e-01 2.087e+01 2.500e+00 8.112e-03 1.254e-02 1.823e-02 2.654e-02 4.207e-02
 14 11  3 32  1 1.046e-01 2.121e+01 2.500e+00 6.057e-03 7.577e-03 9.652e-03 1.293e-02 1.971e-02
 14 11  3 33  1 1.128e-03 2.150e+01 2.100e+00 2.226e-03 1.290e-03 6.003e-04 1.740e-04 2.115e-04
 14 11  3 34  2 0.000e+00 2.021e+01 2.700e+00 7.521e-02 8.303e-02 8.826e-02 9.314e-02 1.000e-01
 14 11  3 35  2 0.000e+00 2.062e+01 1.700e+00 2.050e-03 1.532e-03 1.192e-03 8.837e-04 5.578e-04
 14 11  3 36  2 0.000e+00 2.166e+01 3.700e+00 2.033e-02 2.847e-02 3.543e-02 4.298e-02 5.607e-02
 14 11  3 37  2 0.000e+00 2.180e+01 3.500e+00 2.848e-03 2.669e-03 2.834e-03 3.072e-03 3.770e-03
 14 11  3 38  2 0.000e+00 2.221e+01 1.700e+00 3.030e-03 2.083e-03 1.430e-03 8.303e-04 2.164e-04
 14 11  3 39  2 0.000e+00 2.029e+01 1.600e+00 2.056e-03 1.557e-03 1.261e-03 9.991e-04 8.683e-04
 14 11  3 40  2 0.000e+00 2.131e+01 3.700e+00 2.224e-02 2.444e-02 2.801e-02 3.215e-02 4.071e-02
 14 11  3 41  2 0.000e+00 2.138e+01 1.900e+00 6.084e-03 4.755e-03 4.098e-03 3.576e-03 3.751e-03
 14 11  3 42  2 0.000e+00 2.166e+01 3.700e+00 1.590e-02 1.801e-02 2.086e-02 2.416e-02 3.080e-02
 14 11  3 43  2 0.000e+00 2.178e+01 3.700e+00 9.669e-03 1.188e-02 1.417e-02 1.673e-02 2.152e-02
 14 11  3 44  2 0.000e+00 2.134e+01 3.700e+00 3.980e-02 5.556e-02 6.910e-02 8.376e-02 1.093e-01
 14 11  3 45  2 0.000e+00 2.170e+01 3.700e+00 1.557e-02 1.950e-02 2.340e-02 2.778e-02 3.592e-02
 14 11  3 46  2 0.000e+00 2.223e+01 1.500e+00 7.203e-03 4.986e-03 3.344e-03 1.800e-03 4.732e-05
 14 11  4 11  1 1.403e-01 1.785e+01 2.500e+00 1.048e-02 1.090e-02 1.352e-02 1.921e-02 3.146e-02
 14 11  4 12  3 0.000e+00 1.822e+01 3.700e+00 2.517e-03 3.058e-03 3.666e-03 4.362e-03 5.303e-03
 14 11  4 13  2 0.000e+00 1.873e+01 1.500e+00 1.925e-02 1.411e-02 1.045e-02 7.031e-03 3.993e-03
 14 11  4 14  2 0.000e+00 1.874e+01 3.400e+00 6.608e-03 6.369e-03 6.986e-03 7.864e-03 1.034e-02
 14 11  4 15  2 0.000e+00 1.876e+01 2.800e+00 1.755e-02 1.453e-02 1.428e-02 1.461e-02 1.843e-02
 14 11  4 16  2 0.000e+00 1.877e+01 2.700e+00 1.797e-01 1.849e-01 1.902e-01 1.955e-01 2.055e-01
 14 11  4 17  1 3.607e-02 1.929e+01 2.000e+00 2.183e-02 1.621e-02 1.209e-02 8.920e-03 7.548e-03
 14 11  4 18  1 5.409e-01 1.929e+01 2.500e+00 9.522e-02 8.746e-02 8.549e-02 9.021e-02 1.123e-01
 14 11  4 19  1 3.027e+00 1.930e+01 2.500e+00 3.939e-01 4.200e-01 4.421e-01 4.920e-01 6.278e-01
 14 11  4 20  3 4.740e-05 1.968e+01 2.700e+00 4.042e-02 4.129e-02 4.568e-02 5.114e-02 5.912e-02
 14 11  4 21  3 0.000e+00 2.107e+01 2.700e+00 3.843e-04 4.215e-04 4.820e-04 5.559e-04 6.594e-04
 14 11  4 22  3 0.000e+00 2.187e+01 2.700e+00 8.614e-04 9.266e-04 1.048e-03 1.196e-03 1.399e-03
 14 11  4 23  1 3.821e-01 2.087e+01 2.500e+00 1.658e-02 2.296e-02 3.209e-02 4.617e-02 7.323e-02
 14 11  4 24  2 0.000e+00 2.011e+01 3.700e+00 1.499e-04 1.950e-04 2.375e-04 2.851e-04 3.708e-04
 14 11  4 25  2 0.000e+00 2.172e+01 3.700e+00 7.410e-03 9.597e-03 1.164e-02 1.390e-02 1.784e-02
 14 11  4 26  2 0.000e+00 2.134e+01 3.700e+00 7.522e-02 9.869e-02 1.202e-01 1.441e-01 1.874e-01
 14 11  4 27  4 2.000e-05 2.068e+01 1.900e+00 2.093e-03 1.126e-03 4.710e-04 7.333e-05 5.107e-06
 14 11  4 28  1 3.430e-03 2.078e+01 2.100e+00 1.930e-03 1.216e-03 7.242e-04 4.685e-04 6.607e-04
 14 11  4 29  1 5.639e-02 2.101e+01 2.500e+00 5.395e-03 5.671e-03 6.291e-03 7.699e-03 1.075e-02
 14 11  4 30  1 1.979e-01 2.111e+01 2.500e+00 1.090e-02 1.427e-02 1.846e-02 2.475e-02 3.748e-02
 14 11  4 31  1 4.624e-02 2.080e+01 2.500e+00 3.588e-03 3.503e-03 4.122e-03 5.672e-03 8.911e-03
 14 11  4 32  1 4.017e-01 2.115e+01 2.500e+00 2.048e-02 2.757e-02 3.638e-02 4.954e-02 7.594e-02
 14 11  4 33  1 2.945e-03 2.144e+01 2.100e+00 4.781e-03 2.807e-03 1.348e-03 4.478e-04 5.519e-04
 14 11  4 34  2 0.000e+00 2.013e+01 2.000e+00 1.875e-03 1.360e-03 1.094e-03 8.696e-04 7.778e-04
 14 11  4 35  3 0.000e+00 2.056e+01 2.700e+00 3.512e-03 3.725e-03 4.285e-03 5.019e-03 6.377e-03
 14 11  4 36  2 0.000e+00 2.158e+01 3.300e+00 4.079e-03 3.811e-03 4.040e-03 4.380e-03 5.438e-03
 14 11  4 37  2 0.000e+00 2.172e+01 3.700e+00 2.091e-02 2.700e-02 3.272e-02 3.907e-02 5.060e-02
 14 11  4 38  2 0.000e+00 2.172e+01 2.700e+00 2.091e-02 2.569e-02 3.106e-02 3.702e-02 5.045e-02
 14 11  4 39  2 0.000e+00 2.021e+01 3.700e+00 1.303e-01 1.443e-01 1.522e-01 1.597e-01 1.684e-01
 14 11  4 40  2 0.000e+00 2.123e+01 3.700e+00 1.332e-03 1.750e-03 2.132e-03 2.556e-03 3.326e-03
 14 11  4 41  2 0.000e+00 2.131e+01 1.500e+00 1.066e-02 7.525e-03 5.235e-03 3.100e-03 8.147e-04
 14 11  4 42  2 0.000e+00 2.160e+01 3.700e+00 1.358e-02 1.611e-02 1.897e-02 2.224e-02 2.858e-02
 14 11  4 43  2 0.000e+00 2.170e+01 3.700e+00 2.868e-02 3.595e-02 4.313e-02 5.118e-02 6.607e-02
 14 11  4 44  2 0.000e+00 2.129e+01 3.700e+00 1.862e-02 2.105e-02 2.435e-02 2.818e-02 3.594e-02
 14 11  4 45  2 0.000e+00 2.164e+01 3.700e+00 4.514e-02 5.829e-02 7.066e-02 8.444e-02 1.096e-01
 14 11  4 46  3 0.000e+00 2.215e+01 2.700e+00 1.438e-02 1.548e-02 1.780e-02 2.082e-02 2.539e-02
qq -1
%filename: si_11.splups
%oscillator strengths: Zhang, Sampson, 1992, ADNDT, 52, 143
%Effective collision strengths (levels 1 - 10): Berrington, K.A., Burke, P.G., Dufton, P.L., 
   Kingston, A.E., 1985, ADNDT, 33, 195
%collision strengths (levels 11 - 46): Sampson, D.H., Goett, S.J., Clark, R.E.H., 1984, ADNDT, 30, 125
%comment: The Delta-E's for transitions between levels 1 - 10 have been taken from the observed values 
   in the .elvlc file. The gf values are from the .wgfa file.
%comment: effective collision strengths were provided in the temperature range 5.40 < LogT < 7.00
%produced as part of the Arcetri/Cambridge/NRL 'CHIANTI' atomic data base collaboration
%
% K.P. Dere (levels 11-46) and E. Landi (levels 1-10)  Mar 2001
 -1
    1                 2s2    2    0  s    1               0.000               0.000
    2                2s2p    2    1  p   12          213488.417               0.000
    3                2s3s    3    0  s    4         2218477.500               0.000
    4                2s3p    3    1  p   12         2285040.000               0.000
    5                2s3d    3    2  d   20         2340843.529               0.000
 -1
%filename: si_11.fblvl
%energy levels: NIST Atomic Spectra Database Version 2.0
%comment:  free-bound data file developed from .elvlc file
%produced as part of the Arcetri/Cambridge/NRL 'CHIANTI' atomic data base
%
% E. Landi - Jul 2002
 -1
