SEQ='NA'     NUCCHG=14                                                  /IC/

   PARENT LEVEL INDEXING                BWNP=  62724311.3   NPRNTI= 1   NPRNTF= 1
   ---------------------
   INDP         CODE                 S L   WI        WNP
   ----         ----                 - -   --  ----------
     1          2S2 2P6             (1)0( 0.0)        0.0 

   IC RESOLVED LEVEL INDEXING           BWNR=  63085254.4   NLVL=  58
   --------------------------
   INDX  INDP   CODE                 S L   WJ        WNR       AUGER RATES:  INDP-INDP', INDP'=1,...INDP-1
   ----  ----   ----                 - -   --  ----------      -----------
     1     1    2S2 2P6 3S1         (2)0( 0.5)        0.0 
     2     1    2S2 2P6 3P1         (2)1( 0.5)    71698.9 
     3     1    2S2 2P6 3P1         (2)1( 1.5)    72284.8 
     4     1    2S2 2P6 4S1         (2)0( 0.5)   158560.6 
     5     1    2S2 2P6 3D1         (2)2( 1.5)   160208.3 
     6     1    2S2 2P6 3D1         (2)2( 2.5)   160267.0 
     7     1    2S2 2P6 4P1         (2)1( 0.5)   216332.1 
     8     1    2S2 2P6 4P1         (2)1( 1.5)   216510.6 
     9     1    2S2 2P6 4D1         (2)2( 1.5)   247896.5 
    10     1    2S2 2P6 4D1         (2)2( 2.5)   247918.3 
    11     1    2S2 2P6 5S1         (2)0( 0.5)   248149.9 
    12     1    2S2 2P6 4F1         (2)3( 2.5)   251404.9 
    13     1    2S2 2P6 4F1         (2)3( 3.5)   251411.6 
    14     1    2S2 2P6 5P1         (2)1( 0.5)   274023.1 
    15     1    2S2 2P6 5P1         (2)1( 1.5)   274104.4 
    16     1    2S2 2P6 5D1         (2)2( 1.5)   288936.2 
    17     1    2S2 2P6 5D1         (2)2( 2.5)   288947.1 
    18     1    2S2 2P6 6S1         (2)0( 0.5)   289153.1 
    19     1    2S2 2P6 5G1         (2)4( 3.5)   290789.2 
    20     1    2S2 2P6 5G1         (2)4( 4.5)   290791.0 
    21     1    2S2 2P6 5F1         (2)3( 2.5)   290827.8 
    22     1    2S2 2P6 5F1         (2)3( 3.5)   290831.2 
    23     1    2S2 2P6 6P1         (2)1( 0.5)   302880.1 
    24     1    2S2 2P6 6P1         (2)1( 1.5)   302924.0 
    25     1    2S2 2P6 6D1         (2)2( 1.5)   311125.1 
    26     1    2S2 2P6 6D1         (2)2( 2.5)   311131.4 
    27     1    2S2 2P6 7S1         (2)0( 0.5)   311271.7 
    28     1    2S2 2P6 6H1         (2)5( 4.5)   312224.4 
    29     1    2S2 2P6 6H1         (2)5( 5.5)   312225.1 
    30     1    2S2 2P6 6G1         (2)4( 3.5)   312225.9 
    31     1    2S2 2P6 6G1         (2)4( 4.5)   312227.0 
    32     1    2S2 2P6 6F1         (2)3( 2.5)   312243.9 
    33     1    2S2 2P6 6F1         (2)3( 3.5)   312245.9 
    34     1    2S2 2P6 7P1         (2)1( 0.5)   319406.4 
    35     1    2S2 2P6 7P1         (2)1( 1.5)   319432.7 
    36     1    2S2 2P6 7D1         (2)2( 1.5)   324441.9 
    37     1    2S2 2P6 7D1         (2)2( 2.5)   324445.8 
    38     1    2S2 2P6 8S1         (2)0( 0.5)   324545.3 
    39     1    2S2 2P6 7H1         (2)5( 4.5)   325149.9 
    40     1    2S2 2P6 7I1         (2)6( 5.5)   325150.0 
    41     1    2S2 2P6 7H1         (2)5( 5.5)   325150.3 
    42     1    2S2 2P6 7I1         (2)6( 6.5)   325150.3 
    43     1    2S2 2P6 7G1         (2)4( 3.5)   325151.2 
    44     1    2S2 2P6 7G1         (2)4( 4.5)   325151.8 
    45     1    2S2 2P6 7F1         (2)3( 2.5)   325160.2 
    46     1    2S2 2P6 7F1         (2)3( 3.5)   325161.4 
    47     1    2S2 2P6 8P1         (2)1( 0.5)   329756.6 
    48     1    2S2 2P6 8P1         (2)1( 1.5)   329773.7 
    49     1    2S2 2P6 8D1         (2)2( 1.5)   333057.0 
    50     1    2S2 2P6 8D1         (2)2( 2.5)   333059.6 
    51     1    2S2 2P6 8H1         (2)5( 4.5)   333538.9 
    52     1    2S2 2P6 8I1         (2)6( 5.5)   333539.0 
    53     1    2S2 2P6 8H1         (2)5( 5.5)   333539.2 
    54     1    2S2 2P6 8I1         (2)6( 6.5)   333539.3 
    55     1    2S2 2P6 8G1         (2)4( 3.5)   333540.0 
    56     1    2S2 2P6 8G1         (2)4( 4.5)   333540.4 
    57     1    2S2 2P6 8F1         (2)3( 2.5)   333544.8 
    58     1    2S2 2P6 8F1         (2)3( 3.5)   333545.7 

   NL-SHELL INDEXING & AUGER RATES                     NLREP= 55
   -------------------------------
   ILREP   N   L
   -----   -   -
     1     1   0
     2     2   0
     3     2   1
     4     3   0
     5     3   1
     6     3   2
     7     4   0
     8     4   1
     9     4   2
    10     4   3
    11     5   0
    12     5   1
    13     5   2
    14     5   3
    15     5   4
    16     6   0
    17     6   1
    18     6   2
    19     6   3
    20     6   4
    21     6   5
    22     7   0
    23     7   1
    24     7   2
    25     7   3
    26     7   4
    27     7   5
    28     7   6
    29     8   0
    30     8   1
    31     8   2
    32     8   3
    33     8   4
    34     8   5
    35     8   6
    36     8   7
    37     9   0
    38     9   1
    39     9   2
    40     9   3
    41     9   4
    42     9   5
    43     9   6
    44     9   7
    45     9   8
    46    10   0
    47    10   1
    48    10   2
    49    10   3
    50    10   4
    51    10   5
    52    10   6
    53    10   7
    54    10   8
    55    10   9

   N-SHELL INDEXING & AUGER RATES                       NREP= 42
   ------------------------------
   INREP   N
   -----   -
     1     1
     2     2
     3     3
     4     4
     5     5
     6     6
     7     7
     8     8
     9     9
    10    10
    11    11
    12    12
    13    13
    14    14
    15    15
    16    16
    17    18
    18    20
    19    22
    20    25
    21    29
    22    35
    23    39
    24    45
    25    49
    26    55
    27    61
    28    70
    29    81
    30   100
    31   118
    32   150
    33   170
    34   200
    35   235
    36   300
    37   353
    38   450
    39   535
    40   700
    41   811
    42   999



 --------------------------
 PRTI= 1  LVLPRT= (1S  0.0)

   INDX TE=  1.60E+02  3.20E+02  8.00E+02  1.60E+03  3.20E+03  8.00E+03  1.60E+04  3.20E+04  8.00E+04  1.60E+05
   ---- ---  3.20E+05  8.00E+05  1.60E+06  3.20E+06  8.00E+06  1.60E+07  3.20E+07  8.00E+07  1.60E+08
     1       0.00E+00  0.00E+00  0.00E+00  0.00E+00  0.00E+00  0.00E+00  2.28E-30  7.45E-22  1.25E-16  1.36E-14
             1.08E-13  1.88E-13  1.28E-13  6.28E-14  1.94E-14  7.31E-15  2.67E-15  6.90E-16  2.45E-16
     2       0.00E+00  0.00E+00  0.00E+00  0.00E+00  0.00E+00  0.00E+00  7.86E-33  6.73E-23  5.02E-17  5.73E-15
             5.04E-14  9.51E-14  6.65E-14  3.31E-14  1.03E-14  3.90E-15  1.43E-15  3.68E-16  1.31E-16
     3       0.00E+00  0.00E+00  0.00E+00  0.00E+00  0.00E+00  0.00E+00  1.02E-32  1.03E-22  8.82E-17  1.07E-14
             9.64E-14  1.84E-13  1.29E-13  6.44E-14  2.01E-14  7.60E-15  2.78E-15  7.18E-16  2.56E-16
     4       0.00E+00  0.00E+00  0.00E+00  0.00E+00  0.00E+00  0.00E+00  2.70E-38  2.58E-25  7.65E-18  1.34E-15
             1.07E-14  1.78E-14  1.18E-14  5.75E-15  1.76E-15  6.63E-16  2.42E-16  6.24E-17  2.22E-17
     5       0.00E+00  0.00E+00  0.00E+00  0.00E+00  0.00E+00  0.00E+00  5.29E-34  3.09E-24  2.45E-17  4.73E-15
             5.08E-14  1.08E-13  7.90E-14  4.02E-14  1.26E-14  4.81E-15  1.76E-15  4.56E-16  1.62E-16
     6       0.00E+00  0.00E+00  0.00E+00  0.00E+00  0.00E+00  0.00E+00  1.09E-33  3.97E-24  3.33E-17  7.83E-15
             9.28E-14  2.06E-13  1.52E-13  7.75E-14  2.45E-14  9.31E-15  3.41E-15  8.83E-16  3.15E-16
     7       0.00E+00  0.00E+00  0.00E+00  0.00E+00  0.00E+00  0.00E+00  1.78E-39  5.63E-26  3.48E-18  8.41E-16
             8.58E-15  1.74E-14  1.24E-14  6.28E-15  1.97E-15  7.47E-16  2.74E-16  7.08E-17  2.52E-17
     8       0.00E+00  0.00E+00  0.00E+00  0.00E+00  0.00E+00  0.00E+00  2.74E-39  8.67E-26  5.34E-18  1.28E-15
             1.28E-14  2.54E-14  1.81E-14  9.10E-15  2.85E-15  1.08E-15  3.96E-16  1.02E-16  3.64E-17
     9       0.00E+00  0.00E+00  0.00E+00  0.00E+00  0.00E+00  0.00E+00  2.32E-40  3.45E-26  5.29E-18  1.64E-15
             1.80E-14  3.69E-14  2.64E-14  1.33E-14  4.16E-15  1.58E-15  5.79E-16  1.50E-16  5.33E-17
    10       0.00E+00  0.00E+00  0.00E+00  0.00E+00  0.00E+00  0.00E+00  3.45E-40  5.16E-26  7.91E-18  2.44E-15
             2.64E-14  5.34E-14  3.80E-14  1.91E-14  5.97E-15  2.26E-15  8.29E-16  2.14E-16  7.63E-17
    11       0.00E+00  0.00E+00  0.00E+00  0.00E+00  0.00E+00  0.00E+00  1.27E-41  4.00E-27  9.61E-19  3.41E-16
             3.91E-15  8.14E-15  5.84E-15  2.94E-15  9.22E-16  3.50E-16  1.28E-16  3.32E-17  1.18E-17
    12       0.00E+00  0.00E+00  0.00E+00  0.00E+00  0.00E+00  0.00E+00  1.20E-40  2.73E-26  5.35E-18  1.74E-15
             1.87E-14  3.68E-14  2.58E-14  1.28E-14  3.99E-15  1.51E-15  5.52E-16  1.43E-16  5.08E-17
    13       0.00E+00  0.00E+00  0.00E+00  0.00E+00  0.00E+00  0.00E+00  1.73E-40  4.00E-26  7.88E-18  2.57E-15
             2.77E-14  5.44E-14  3.82E-14  1.90E-14  5.90E-15  2.23E-15  8.17E-16  2.11E-16  7.51E-17
    14       0.00E+00  0.00E+00  0.00E+00  0.00E+00  0.00E+00  0.00E+00  4.62E-42  2.50E-27  8.32E-19  3.27E-16
             3.93E-15  8.35E-15  6.02E-15  3.04E-15  9.54E-16  3.63E-16  1.33E-16  3.43E-17  1.22E-17
    15       0.00E+00  0.00E+00  0.00E+00  0.00E+00  0.00E+00  0.00E+00  5.86E-42  3.04E-27  9.88E-19  3.83E-16
             4.52E-15  9.47E-15  6.79E-15  3.42E-15  1.07E-15  4.06E-16  1.49E-16  3.84E-17  1.37E-17
    16       0.00E+00  0.00E+00  0.00E+00  0.00E+00  0.00E+00  0.00E+00  3.89E-42  4.33E-27  2.24E-18  1.08E-15
             1.53E-14  3.75E-14  2.86E-14  1.49E-14  4.74E-15  1.81E-15  6.66E-16  1.73E-16  6.15E-17
    17       0.00E+00  0.00E+00  0.00E+00  0.00E+00  0.00E+00  0.00E+00  5.71E-42  6.36E-27  3.26E-18  1.52E-15
             2.05E-14  4.79E-14  3.58E-14  1.84E-14  5.85E-15  2.23E-15  8.19E-16  2.12E-16  7.55E-17
    18       0.00E+00  0.00E+00  0.00E+00  0.00E+00  0.00E+00  0.00E+00  3.20E-43  4.91E-28  3.08E-19  1.53E-16
             2.11E-15  4.99E-15  3.74E-15  1.93E-15  6.13E-16  2.34E-16  8.59E-17  2.22E-17  7.92E-18
    19       0.00E+00  0.00E+00  0.00E+00  0.00E+00  0.00E+00  0.00E+00  9.15E-43  1.32E-27  7.77E-19  3.66E-16
             4.73E-15  1.04E-14  7.57E-15  3.84E-15  1.21E-15  4.58E-16  1.68E-16  4.34E-17  1.55E-17
    20       0.00E+00  0.00E+00  0.00E+00  0.00E+00  0.00E+00  0.00E+00  1.19E-42  1.67E-27  9.76E-19  4.58E-16
             5.91E-15  1.30E-14  9.44E-15  4.79E-15  1.50E-15  5.72E-16  2.10E-16  5.42E-17  1.93E-17
    21       0.00E+00  0.00E+00  0.00E+00  0.00E+00  0.00E+00  0.00E+00  3.14E-42  4.30E-27  2.47E-18  1.16E-15
             1.50E-14  3.32E-14  2.42E-14  1.23E-14  3.87E-15  1.47E-15  5.39E-16  1.39E-16  4.96E-17
    22       0.00E+00  0.00E+00  0.00E+00  0.00E+00  0.00E+00  0.00E+00  4.69E-42  6.46E-27  3.72E-18  1.74E-15
             2.25E-14  4.95E-14  3.61E-14  1.83E-14  5.75E-15  2.19E-15  8.01E-16  2.07E-16  7.38E-17
    23       0.00E+00  0.00E+00  0.00E+00  0.00E+00  0.00E+00  0.00E+00  2.44E-43  5.32E-28  4.06E-19  2.09E-16
             2.83E-15  6.43E-15  4.74E-15  2.42E-15  7.62E-16  2.90E-16  1.06E-16  2.75E-17  9.79E-18
    24       0.00E+00  0.00E+00  0.00E+00  0.00E+00  0.00E+00  0.00E+00  2.73E-43  5.64E-28  4.20E-19  2.15E-16
             2.94E-15  6.73E-15  4.97E-15  2.54E-15  8.03E-16  3.06E-16  1.12E-16  2.90E-17  1.03E-17
    25       0.00E+00  0.00E+00  0.00E+00  0.00E+00  0.00E+00  0.00E+00  4.27E-43  1.37E-27  1.34E-18  8.04E-16
             1.27E-14  3.32E-14  2.59E-14  1.36E-14  4.37E-15  1.67E-15  6.16E-16  1.60E-16  5.69E-17
    26       0.00E+00  0.00E+00  0.00E+00  0.00E+00  0.00E+00  0.00E+00  6.04E-43  1.94E-27  1.90E-18  1.14E-15
             1.80E-14  4.72E-14  3.68E-14  1.94E-14  6.23E-15  2.39E-15  8.79E-16  2.28E-16  8.12E-17
    27       0.00E+00  0.00E+00  0.00E+00  0.00E+00  0.00E+00  0.00E+00  4.11E-44  1.49E-28  1.56E-19  9.08E-17
             1.35E-15  3.28E-15  2.49E-15  1.29E-15  4.10E-16  1.57E-16  5.76E-17  1.49E-17  5.31E-18
    28       0.00E+00  0.00E+00  0.00E+00  0.00E+00  0.00E+00  0.00E+00  6.35E-45  2.38E-29  2.50E-20  1.43E-17
             2.03E-16  4.72E-16  3.50E-16  1.79E-16  5.65E-17  2.15E-17  7.90E-18  2.04E-18  7.28E-19
    29       0.00E+00  0.00E+00  0.00E+00  0.00E+00  0.00E+00  0.00E+00  7.65E-45  2.85E-29  2.98E-20  1.70E-17
             2.41E-16  5.61E-16  4.16E-16  2.13E-16  6.73E-17  2.56E-17  9.40E-18  2.43E-18  8.66E-19
    30       0.00E+00  0.00E+00  0.00E+00  0.00E+00  0.00E+00  0.00E+00  1.34E-43  5.05E-28  5.31E-19  3.02E-16
             4.30E-15  9.99E-15  7.40E-15  3.78E-15  1.20E-15  4.55E-16  1.67E-16  4.32E-17  1.54E-17
    31       0.00E+00  0.00E+00  0.00E+00  0.00E+00  0.00E+00  0.00E+00  1.86E-43  6.87E-28  7.15E-19  4.06E-16
             5.76E-15  1.34E-14  9.90E-15  5.07E-15  1.60E-15  6.09E-16  2.23E-16  5.78E-17  2.06E-17
    32       0.00E+00  0.00E+00  0.00E+00  0.00E+00  0.00E+00  0.00E+00  3.96E-43  1.44E-27  1.49E-18  8.48E-16
             1.21E-14  2.83E-14  2.10E-14  1.08E-14  3.41E-15  1.30E-15  4.77E-16  1.23E-16  4.40E-17
    33       0.00E+00  0.00E+00  0.00E+00  0.00E+00  0.00E+00  0.00E+00  6.12E-43  2.25E-27  2.33E-18  1.33E-15
             1.89E-14  4.41E-14  3.27E-14  1.68E-14  5.30E-15  2.02E-15  7.41E-16  1.92E-16  6.83E-17
    34       0.00E+00  0.00E+00  0.00E+00  0.00E+00  0.00E+00  0.00E+00  4.52E-44  2.17E-28  2.65E-19  1.59E-16
             2.33E-15  5.52E-15  4.12E-15  2.12E-15  6.70E-16  2.55E-16  9.37E-17  2.42E-17  8.63E-18
    35       0.00E+00  0.00E+00  0.00E+00  0.00E+00  0.00E+00  0.00E+00  4.51E-44  2.04E-28  2.42E-19  1.45E-16
             2.13E-15  5.09E-15  3.81E-15  1.96E-15  6.22E-16  2.37E-16  8.71E-17  2.25E-17  8.03E-18
    36       0.00E+00  0.00E+00  0.00E+00  0.00E+00  0.00E+00  0.00E+00  1.10E-43  6.63E-28  9.41E-19  6.25E-16
             1.02E-14  2.69E-14  2.10E-14  1.11E-14  3.55E-15  1.36E-15  5.01E-16  1.30E-16  4.63E-17
    37       0.00E+00  0.00E+00  0.00E+00  0.00E+00  0.00E+00  0.00E+00  1.50E-43  8.99E-28  1.29E-18  9.23E-16
             1.66E-14  4.77E-14  3.84E-14  2.06E-14  6.68E-15  2.57E-15  9.46E-16  2.45E-16  8.75E-17
    38       0.00E+00  0.00E+00  0.00E+00  0.00E+00  0.00E+00  0.00E+00  6.48E-45  6.79E-29  9.68E-20  6.31E-17
             1.00E-15  2.55E-15  1.97E-15  1.03E-15  3.29E-16  1.26E-16  4.63E-17  1.20E-17  4.28E-18
    39       0.00E+00  0.00E+00  0.00E+00  0.00E+00  0.00E+00  0.00E+00  3.02E-46  1.73E-29  2.58E-20  1.65E-17
             2.49E-16  6.00E-16  4.50E-16  2.32E-16  7.35E-17  2.80E-17  1.03E-17  2.66E-18  9.48E-19
    40       0.00E+00  0.00E+00  0.00E+00  0.00E+00  0.00E+00  0.00E+00  5.32E-48  2.75E-31  4.09E-22  2.63E-19
             4.03E-18  9.85E-18  7.44E-18  3.85E-18  1.22E-18  4.66E-19  1.71E-19  4.43E-20  1.58E-20
    41       0.00E+00  0.00E+00  0.00E+00  0.00E+00  0.00E+00  0.00E+00  4.44E-46  2.07E-29  3.07E-20  1.96E-17
             2.96E-16  7.13E-16  5.35E-16  2.75E-16  8.73E-17  3.33E-17  1.22E-17  3.16E-18  1.13E-18
    42       0.00E+00  0.00E+00  0.00E+00  0.00E+00  0.00E+00  0.00E+00  6.43E-48  3.20E-31  4.76E-22  3.07E-19
             4.69E-18  1.15E-17  8.66E-18  4.48E-18  1.42E-18  5.43E-19  1.99E-19  5.16E-20  1.84E-20
    43       0.00E+00  0.00E+00  0.00E+00  0.00E+00  0.00E+00  0.00E+00  3.45E-45  2.45E-28  3.65E-19  2.34E-16
             3.52E-15  8.49E-15  6.36E-15  3.28E-15  1.04E-15  3.96E-16  1.45E-16  3.76E-17  1.34E-17
    44       0.00E+00  0.00E+00  0.00E+00  0.00E+00  0.00E+00  0.00E+00  8.76E-45  3.51E-28  5.18E-19  3.31E-16
             4.98E-15  1.20E-14  8.98E-15  4.62E-15  1.46E-15  5.58E-16  2.05E-16  5.30E-17  1.89E-17
    45       0.00E+00  0.00E+00  0.00E+00  0.00E+00  0.00E+00  0.00E+00  1.40E-44  7.00E-28  1.03E-18  6.62E-16
             1.01E-14  2.45E-14  1.84E-14  9.52E-15  3.02E-15  1.15E-15  4.23E-16  1.10E-16  3.90E-17
    46       0.00E+00  0.00E+00  0.00E+00  0.00E+00  0.00E+00  0.00E+00  1.97E-44  1.14E-27  1.68E-18  1.08E-15
             1.64E-14  3.97E-14  2.98E-14  1.54E-14  4.88E-15  1.86E-15  6.84E-16  1.77E-16  6.30E-17
    47       0.00E+00  0.00E+00  0.00E+00  0.00E+00  0.00E+00  0.00E+00  2.88E-45  1.23E-28  2.01E-19  1.33E-16
             2.05E-15  5.01E-15  3.77E-15  1.95E-15  6.19E-16  2.36E-16  8.67E-17  2.24E-17  7.99E-18
    48       0.00E+00  0.00E+00  0.00E+00  0.00E+00  0.00E+00  0.00E+00  4.65E-45  1.01E-28  1.61E-19  1.07E-16
             1.66E-15  4.09E-15  3.11E-15  1.61E-15  5.12E-16  1.96E-16  7.18E-17  1.86E-17  6.62E-18
    49       0.00E+00  0.00E+00  0.00E+00  0.00E+00  0.00E+00  0.00E+00  7.90E-45  4.00E-28  7.24E-19  5.25E-16
             9.01E-15  2.45E-14  1.94E-14  1.02E-14  3.31E-15  1.27E-15  4.67E-16  1.21E-16  4.31E-17
    50       0.00E+00  0.00E+00  0.00E+00  0.00E+00  0.00E+00  0.00E+00  1.18E-44  5.23E-28  9.65E-19  7.71E-16
             1.50E-14  4.54E-14  3.73E-14  2.02E-14  6.58E-15  2.53E-15  9.35E-16  2.43E-16  8.66E-17
    51       0.00E+00  0.00E+00  0.00E+00  0.00E+00  0.00E+00  0.00E+00  1.40E-46  1.15E-29  2.14E-20  1.48E-17
             2.32E-16  5.72E-16  4.33E-16  2.24E-16  7.11E-17  2.71E-17  9.97E-18  2.58E-18  9.19E-19
    52       0.00E+00  0.00E+00  0.00E+00  0.00E+00  0.00E+00  0.00E+00  4.01E-48  2.96E-31  5.52E-22  3.84E-19
             6.08E-18  1.52E-17  1.16E-17  6.00E-18  1.91E-18  7.30E-19  2.68E-19  6.94E-20  2.47E-20
    53       0.00E+00  0.00E+00  0.00E+00  0.00E+00  0.00E+00  0.00E+00  2.08E-46  1.37E-29  2.54E-20  1.75E-17
             2.75E-16  6.79E-16  5.14E-16  2.66E-16  8.44E-17  3.22E-17  1.18E-17  3.06E-18  1.09E-18
    54       0.00E+00  0.00E+00  0.00E+00  0.00E+00  0.00E+00  0.00E+00  4.86E-48  3.45E-31  6.43E-22  4.47E-19
             7.08E-18  1.77E-17  1.35E-17  6.99E-18  2.23E-18  8.50E-19  3.12E-19  8.09E-20  2.88E-20
    55       0.00E+00  0.00E+00  0.00E+00  0.00E+00  0.00E+00  0.00E+00  1.33E-45  1.39E-28  2.60E-19  1.80E-16
             2.82E-15  6.96E-15  5.26E-15  2.72E-15  8.65E-16  3.30E-16  1.21E-16  3.14E-17  1.12E-17
    56       0.00E+00  0.00E+00  0.00E+00  0.00E+00  0.00E+00  0.00E+00  3.64E-45  2.07E-28  3.84E-19  2.64E-16
             4.13E-15  1.02E-14  7.69E-15  3.98E-15  1.26E-15  4.82E-16  1.77E-16  4.58E-17  1.63E-17
    57       0.00E+00  0.00E+00  0.00E+00  0.00E+00  0.00E+00  0.00E+00  5.51E-45  4.15E-28  7.71E-19  5.35E-16
             8.46E-15  2.11E-14  1.61E-14  8.34E-15  2.66E-15  1.01E-15  3.73E-16  9.65E-17  3.44E-17
    58       0.00E+00  0.00E+00  0.00E+00  0.00E+00  0.00E+00  0.00E+00  8.55E-45  7.05E-28  1.31E-18  9.07E-16
             1.43E-14  3.56E-14  2.70E-14  1.40E-14  4.45E-15  1.70E-15  6.24E-16  1.62E-16  5.76E-17

                                                                                     --------------------------
                                                                                     PRTF= 1  LVLPRT= (1S  0.0)
   ILREP
   -----
     4       0.00E+00  0.00E+00  0.00E+00  0.00E+00  0.00E+00  0.00E+00  2.28E-30  7.45E-22  1.25E-16  1.36E-14
             1.08E-13  1.88E-13  1.28E-13  6.28E-14  1.94E-14  7.31E-15  2.67E-15  6.90E-16  2.45E-16
     5       0.00E+00  0.00E+00  0.00E+00  0.00E+00  0.00E+00  0.00E+00  1.81E-32  1.70E-22  1.38E-16  1.64E-14
             1.47E-13  2.79E-13  1.96E-13  9.76E-14  3.03E-14  1.15E-14  4.21E-15  1.09E-15  3.87E-16
     6       0.00E+00  0.00E+00  0.00E+00  0.00E+00  0.00E+00  0.00E+00  1.62E-33  7.07E-24  5.78E-17  1.26E-14
             1.44E-13  3.15E-13  2.31E-13  1.18E-13  3.71E-14  1.41E-14  5.18E-15  1.34E-15  4.77E-16
     7       0.00E+00  0.00E+00  0.00E+00  0.00E+00  0.00E+00  0.00E+00  2.70E-38  2.58E-25  7.65E-18  1.34E-15
             1.07E-14  1.78E-14  1.18E-14  5.75E-15  1.76E-15  6.63E-16  2.42E-16  6.24E-17  2.22E-17
     8       0.00E+00  0.00E+00  0.00E+00  0.00E+00  0.00E+00  0.00E+00  4.52E-39  1.43E-25  8.82E-18  2.12E-15
             2.13E-14  4.28E-14  3.05E-14  1.54E-14  4.82E-15  1.83E-15  6.70E-16  1.73E-16  6.16E-17
     9       0.00E+00  0.00E+00  0.00E+00  0.00E+00  0.00E+00  0.00E+00  5.77E-40  8.61E-26  1.32E-17  4.09E-15
             4.44E-14  9.03E-14  6.44E-14  3.24E-14  1.01E-14  3.84E-15  1.41E-15  3.64E-16  1.30E-16
    10       0.00E+00  0.00E+00  0.00E+00  0.00E+00  0.00E+00  0.00E+00  2.93E-40  6.73E-26  1.32E-17  4.31E-15
             4.64E-14  9.12E-14  6.39E-14  3.18E-14  9.89E-15  3.74E-15  1.37E-15  3.54E-16  1.26E-16
    11       0.00E+00  0.00E+00  0.00E+00  0.00E+00  0.00E+00  0.00E+00  1.27E-41  4.00E-27  9.61E-19  3.41E-16
             3.91E-15  8.14E-15  5.84E-15  2.94E-15  9.22E-16  3.50E-16  1.28E-16  3.32E-17  1.18E-17
    12       0.00E+00  0.00E+00  0.00E+00  0.00E+00  0.00E+00  0.00E+00  1.05E-41  5.54E-27  1.82E-18  7.10E-16
             8.45E-15  1.78E-14  1.28E-14  6.46E-15  2.02E-15  7.69E-16  2.82E-16  7.28E-17  2.59E-17
    13       0.00E+00  0.00E+00  0.00E+00  0.00E+00  0.00E+00  0.00E+00  9.61E-42  1.07E-26  5.50E-18  2.60E-15
             3.59E-14  8.54E-14  6.44E-14  3.33E-14  1.06E-14  4.04E-15  1.49E-15  3.85E-16  1.37E-16
    14       0.00E+00  0.00E+00  0.00E+00  0.00E+00  0.00E+00  0.00E+00  7.83E-42  1.08E-26  6.19E-18  2.90E-15
             3.75E-14  8.27E-14  6.03E-14  3.06E-14  9.62E-15  3.66E-15  1.34E-15  3.46E-16  1.23E-16
    15       0.00E+00  0.00E+00  0.00E+00  0.00E+00  0.00E+00  0.00E+00  2.10E-42  2.99E-27  1.75E-18  8.23E-16
             1.06E-14  2.34E-14  1.70E-14  8.63E-15  2.71E-15  1.03E-15  3.78E-16  9.76E-17  3.48E-17
    16       0.00E+00  0.00E+00  0.00E+00  0.00E+00  0.00E+00  0.00E+00  3.20E-43  4.91E-28  3.08E-19  1.53E-16
             2.11E-15  4.99E-15  3.74E-15  1.93E-15  6.13E-16  2.34E-16  8.59E-17  2.22E-17  7.92E-18
    17       0.00E+00  0.00E+00  0.00E+00  0.00E+00  0.00E+00  0.00E+00  5.18E-43  1.10E-27  8.25E-19  4.24E-16
             5.77E-15  1.32E-14  9.71E-15  4.96E-15  1.56E-15  5.95E-16  2.18E-16  5.65E-17  2.01E-17
    18       0.00E+00  0.00E+00  0.00E+00  0.00E+00  0.00E+00  0.00E+00  1.03E-42  3.31E-27  3.24E-18  1.94E-15
             3.07E-14  8.04E-14  6.27E-14  3.30E-14  1.06E-14  4.06E-15  1.49E-15  3.87E-16  1.38E-16
    19       0.00E+00  0.00E+00  0.00E+00  0.00E+00  0.00E+00  0.00E+00  1.01E-42  3.69E-27  3.82E-18  2.17E-15
             3.10E-14  7.24E-14  5.38E-14  2.76E-14  8.72E-15  3.32E-15  1.22E-15  3.15E-16  1.12E-16
    20       0.00E+00  0.00E+00  0.00E+00  0.00E+00  0.00E+00  0.00E+00  3.20E-43  1.19E-27  1.25E-18  7.09E-16
             1.01E-14  2.34E-14  1.73E-14  8.85E-15  2.80E-15  1.06E-15  3.90E-16  1.01E-16  3.60E-17
    21       0.00E+00  0.00E+00  0.00E+00  0.00E+00  0.00E+00  0.00E+00  1.40E-44  5.23E-29  5.48E-20  3.12E-17
             4.44E-16  1.03E-15  7.66E-16  3.92E-16  1.24E-16  4.71E-17  1.73E-17  4.47E-18  1.59E-18
    22       0.00E+00  0.00E+00  0.00E+00  0.00E+00  0.00E+00  0.00E+00  4.11E-44  1.49E-28  1.56E-19  9.08E-17
             1.35E-15  3.28E-15  2.49E-15  1.29E-15  4.10E-16  1.57E-16  5.76E-17  1.49E-17  5.31E-18
    23       0.00E+00  0.00E+00  0.00E+00  0.00E+00  0.00E+00  0.00E+00  9.03E-44  4.21E-28  5.07E-19  3.04E-16
             4.46E-15  1.06E-14  7.93E-15  4.08E-15  1.29E-15  4.92E-16  1.81E-16  4.68E-17  1.67E-17
    24       0.00E+00  0.00E+00  0.00E+00  0.00E+00  0.00E+00  0.00E+00  2.59E-43  1.56E-27  2.23E-18  1.55E-15
             2.68E-14  7.46E-14  5.94E-14  3.16E-14  1.02E-14  3.93E-15  1.45E-15  3.75E-16  1.34E-16
    25       0.00E+00  0.00E+00  0.00E+00  0.00E+00  0.00E+00  0.00E+00  3.37E-44  1.84E-27  2.72E-18  1.74E-15
             2.64E-14  6.41E-14  4.83E-14  2.49E-14  7.91E-15  3.02E-15  1.11E-15  2.87E-16  1.02E-16
    26       0.00E+00  0.00E+00  0.00E+00  0.00E+00  0.00E+00  0.00E+00  1.22E-44  5.96E-28  8.83E-19  5.65E-16
             8.50E-15  2.05E-14  1.53E-14  7.90E-15  2.50E-15  9.54E-16  3.50E-16  9.06E-17  3.23E-17
    27       0.00E+00  0.00E+00  0.00E+00  0.00E+00  0.00E+00  0.00E+00  7.46E-46  3.80E-29  5.64E-20  3.61E-17
             5.45E-16  1.31E-15  9.85E-16  5.07E-16  1.61E-16  6.13E-17  2.25E-17  5.82E-18  2.07E-18
    28       0.00E+00  0.00E+00  0.00E+00  0.00E+00  0.00E+00  0.00E+00  1.18E-47  5.95E-31  8.84E-22  5.70E-19
             8.71E-18  2.13E-17  1.61E-17  8.32E-18  2.65E-18  1.01E-18  3.71E-19  9.60E-20  3.42E-20
    29       0.00E+00  0.00E+00  0.00E+00  0.00E+00  0.00E+00  0.00E+00  6.48E-45  6.79E-29  9.68E-20  6.31E-17
             1.00E-15  2.55E-15  1.97E-15  1.03E-15  3.29E-16  1.26E-16  4.63E-17  1.20E-17  4.28E-18
    30       0.00E+00  0.00E+00  0.00E+00  0.00E+00  0.00E+00  0.00E+00  7.53E-45  2.24E-28  3.63E-19  2.40E-16
             3.71E-15  9.10E-15  6.88E-15  3.56E-15  1.13E-15  4.31E-16  1.58E-16  4.10E-17  1.46E-17
    31       0.00E+00  0.00E+00  0.00E+00  0.00E+00  0.00E+00  0.00E+00  1.97E-44  9.23E-28  1.69E-18  1.30E-15
             2.40E-14  6.99E-14  5.67E-14  3.04E-14  9.89E-15  3.80E-15  1.40E-15  3.64E-16  1.30E-16
    32       0.00E+00  0.00E+00  0.00E+00  0.00E+00  0.00E+00  0.00E+00  1.41E-44  1.12E-27  2.08E-18  1.44E-15
             2.28E-14  5.67E-14  4.31E-14  2.23E-14  7.11E-15  2.71E-15  9.97E-16  2.58E-16  9.19E-17
    33       0.00E+00  0.00E+00  0.00E+00  0.00E+00  0.00E+00  0.00E+00  4.98E-45  3.46E-28  6.44E-19  4.44E-16
             6.96E-15  1.71E-14  1.30E-14  6.70E-15  2.13E-15  8.12E-16  2.98E-16  7.72E-17  2.75E-17
    34       0.00E+00  0.00E+00  0.00E+00  0.00E+00  0.00E+00  0.00E+00  3.48E-46  2.51E-29  4.68E-20  3.23E-17
             5.07E-16  1.25E-15  9.46E-16  4.89E-16  1.56E-16  5.93E-17  2.18E-17  5.64E-18  2.01E-18
    35       0.00E+00  0.00E+00  0.00E+00  0.00E+00  0.00E+00  0.00E+00  8.88E-48  6.41E-31  1.20E-21  8.31E-19
             1.32E-17  3.29E-17  2.50E-17  1.30E-17  4.14E-18  1.58E-18  5.81E-19  1.50E-19  5.35E-20
    37       0.00E+00  0.00E+00  0.00E+00  0.00E+00  0.00E+00  0.00E+00  1.96E-47  3.90E-29  6.78E-20  4.76E-17
             7.91E-16  2.09E-15  1.63E-15  8.60E-16  2.76E-16  1.06E-16  3.90E-17  1.01E-17  3.60E-18
    38       0.00E+00  0.00E+00  0.00E+00  0.00E+00  0.00E+00  0.00E+00  9.64E-48  1.44E-28  2.82E-19  1.99E-16
             3.19E-15  8.00E-15  6.09E-15  3.16E-15  1.01E-15  3.85E-16  1.41E-16  3.66E-17  1.30E-17
    39       0.00E+00  0.00E+00  0.00E+00  0.00E+00  0.00E+00  0.00E+00  0.00E+00  6.23E-28  1.35E-18  1.12E-15
             2.18E-14  6.60E-14  5.41E-14  2.92E-14  9.55E-15  3.68E-15  1.36E-15  3.52E-16  1.26E-16
    40       0.00E+00  0.00E+00  0.00E+00  0.00E+00  0.00E+00  0.00E+00  0.00E+00  7.63E-28  1.66E-18  1.21E-15
             1.97E-14  5.00E-14  3.83E-14  1.99E-14  6.35E-15  2.42E-15  8.91E-16  2.31E-16  8.22E-17
    41       0.00E+00  0.00E+00  0.00E+00  0.00E+00  0.00E+00  0.00E+00  0.00E+00  2.22E-28  4.82E-19  3.50E-16
             5.63E-15  1.41E-14  1.07E-14  5.57E-15  1.77E-15  6.76E-16  2.48E-16  6.43E-17  2.29E-17
    42       0.00E+00  0.00E+00  0.00E+00  0.00E+00  0.00E+00  0.00E+00  0.00E+00  1.70E-29  3.69E-20  2.69E-17
             4.33E-16  1.09E-15  8.29E-16  4.30E-16  1.37E-16  5.23E-17  1.92E-17  4.97E-18  1.77E-18
    43       0.00E+00  0.00E+00  0.00E+00  0.00E+00  0.00E+00  0.00E+00  0.00E+00  5.45E-31  1.19E-21  8.70E-19
             1.42E-17  3.61E-17  2.76E-17  1.44E-17  4.59E-18  1.75E-18  6.44E-19  1.67E-19  5.95E-20
    46       0.00E+00  0.00E+00  0.00E+00  0.00E+00  0.00E+00  0.00E+00  0.00E+00  2.58E-29  5.11E-20  3.79E-17
             6.53E-16  1.78E-15  1.40E-15  7.43E-16  2.40E-16  9.19E-17  3.38E-17  8.77E-18  3.13E-18
    47       0.00E+00  0.00E+00  0.00E+00  0.00E+00  0.00E+00  0.00E+00  0.00E+00  1.03E-28  2.31E-19  1.71E-16
             2.80E-15  7.14E-15  5.46E-15  2.85E-15  9.08E-16  3.47E-16  1.28E-16  3.30E-17  1.18E-17
    48       0.00E+00  0.00E+00  0.00E+00  0.00E+00  0.00E+00  0.00E+00  0.00E+00  4.58E-28  1.12E-18  9.79E-16
             1.99E-14  6.22E-14  5.16E-14  2.80E-14  9.17E-15  3.53E-15  1.30E-15  3.39E-16  1.21E-16
    49       0.00E+00  0.00E+00  0.00E+00  0.00E+00  0.00E+00  0.00E+00  0.00E+00  5.57E-28  1.35E-18  1.03E-15
             1.71E-14  4.40E-14  3.38E-14  1.76E-14  5.64E-15  2.16E-15  7.92E-16  2.05E-16  7.31E-17
    50       0.00E+00  0.00E+00  0.00E+00  0.00E+00  0.00E+00  0.00E+00  0.00E+00  1.52E-28  3.68E-19  2.78E-16
             4.56E-15  1.16E-14  8.84E-15  4.60E-15  1.46E-15  5.59E-16  2.06E-16  5.32E-17  1.90E-17
    51       0.00E+00  0.00E+00  0.00E+00  0.00E+00  0.00E+00  0.00E+00  0.00E+00  1.19E-29  2.90E-20  2.19E-17
             3.60E-16  9.18E-16  7.02E-16  3.65E-16  1.16E-16  4.45E-17  1.63E-17  4.23E-18  1.51E-18
    52       0.00E+00  0.00E+00  0.00E+00  0.00E+00  0.00E+00  0.00E+00  0.00E+00  4.37E-31  1.06E-21  8.10E-19
             1.35E-17  3.49E-17  2.69E-17  1.40E-17  4.48E-18  1.71E-18  6.30E-19  1.63E-19  5.81E-20

   INREP
   -----
     3       0.00E+00  0.00E+00  0.00E+00  0.00E+00  0.00E+00  0.00E+00  2.30E-30  9.22E-22  3.21E-16  4.26E-14
             3.98E-13  7.82E-13  5.54E-13  2.78E-13  8.68E-14  3.29E-14  1.21E-14  3.12E-15  1.11E-15
     4       0.00E+00  0.00E+00  0.00E+00  0.00E+00  0.00E+00  0.00E+00  3.24E-38  5.54E-25  4.29E-17  1.19E-14
             1.23E-13  2.42E-13  1.71E-13  8.54E-14  2.66E-14  1.01E-14  3.69E-15  9.53E-16  3.39E-16
     5       0.00E+00  0.00E+00  0.00E+00  0.00E+00  0.00E+00  0.00E+00  4.27E-41  3.40E-26  1.62E-17  7.38E-15
             9.64E-14  2.17E-13  1.60E-13  8.19E-14  2.59E-14  9.85E-15  3.61E-15  9.35E-16  3.33E-16
     6       0.00E+00  0.00E+00  0.00E+00  0.00E+00  0.00E+00  0.00E+00  3.21E-42  9.83E-27  9.49E-18  5.43E-15
             8.01E-14  1.95E-13  1.48E-13  7.67E-14  2.44E-14  9.32E-15  3.43E-15  8.87E-16  3.16E-16
     7       0.00E+00  0.00E+00  0.00E+00  0.00E+00  0.00E+00  0.00E+00  4.37E-43  4.60E-27  6.56E-18  4.29E-15
             6.81E-14  1.74E-13  1.34E-13  7.03E-14  2.25E-14  8.61E-15  3.17E-15  8.20E-16  2.92E-16
     8       0.00E+00  0.00E+00  0.00E+00  0.00E+00  0.00E+00  0.00E+00  5.31E-44  2.71E-27  4.92E-18  3.52E-15
             5.89E-14  1.57E-13  1.23E-13  6.45E-14  2.07E-14  7.95E-15  2.92E-15  7.58E-16  2.70E-16
     9       0.00E+00  0.00E+00  0.00E+00  0.00E+00  0.00E+00  0.00E+00  2.93E-47  1.81E-27  3.88E-18  2.95E-15
             5.16E-14  1.41E-13  1.12E-13  5.92E-14  1.91E-14  7.32E-15  2.70E-15  6.99E-16  2.49E-16
    10       0.00E+00  0.00E+00  0.00E+00  0.00E+00  0.00E+00  0.00E+00  0.00E+00  1.31E-27  3.15E-18  2.52E-15
             4.54E-14  1.28E-13  1.02E-13  5.42E-14  1.75E-14  6.73E-15  2.48E-15  6.43E-16  2.29E-16
    11       0.00E+00  0.00E+00  0.00E+00  0.00E+00  0.00E+00  0.00E+00  0.00E+00  9.95E-28  2.61E-18  2.13E-15
             3.89E-14  1.10E-13  8.77E-14  4.67E-14  1.51E-14  5.80E-15  2.14E-15  5.54E-16  1.98E-16
    12       0.00E+00  0.00E+00  0.00E+00  0.00E+00  0.00E+00  0.00E+00  0.00E+00  7.84E-28  2.19E-18  1.84E-15
             3.39E-14  9.68E-14  7.76E-14  4.14E-14  1.34E-14  5.15E-15  1.90E-15  4.92E-16  1.76E-16
    13       0.00E+00  0.00E+00  0.00E+00  0.00E+00  0.00E+00  0.00E+00  0.00E+00  3.71E-28  1.07E-18  9.67E-16
             1.95E-14  5.99E-14  4.94E-14  2.68E-14  8.76E-15  3.37E-15  1.25E-15  3.23E-16  1.15E-16
    14       0.00E+00  0.00E+00  0.00E+00  0.00E+00  0.00E+00  0.00E+00  0.00E+00  2.81E-28  8.44E-19  7.84E-16
             1.63E-14  5.13E-14  4.27E-14  2.32E-14  7.61E-15  2.94E-15  1.08E-15  2.81E-16  1.00E-16
    15       0.00E+00  0.00E+00  0.00E+00  0.00E+00  0.00E+00  0.00E+00  0.00E+00  2.13E-28  6.60E-19  6.38E-16
             1.38E-14  4.50E-14  3.79E-14  2.07E-14  6.81E-15  2.63E-15  9.71E-16  2.52E-16  9.00E-17
    16       0.00E+00  0.00E+00  0.00E+00  0.00E+00  0.00E+00  0.00E+00  0.00E+00  1.87E-28  5.97E-19  5.92E-16
             1.31E-14  4.35E-14  3.68E-14  2.02E-14  6.64E-15  2.57E-15  9.48E-16  2.46E-16  8.78E-17
    17       0.00E+00  0.00E+00  0.00E+00  0.00E+00  0.00E+00  0.00E+00  0.00E+00  1.47E-28  4.83E-19  4.76E-16
             1.04E-14  3.40E-14  2.87E-14  1.57E-14  5.16E-15  1.99E-15  7.36E-16  1.91E-16  6.82E-17
    18       0.00E+00  0.00E+00  0.00E+00  0.00E+00  0.00E+00  0.00E+00  0.00E+00  1.21E-28  4.10E-19  4.15E-16
             9.27E-15  3.08E-14  2.61E-14  1.43E-14  4.71E-15  1.82E-15  6.73E-16  1.75E-16  6.23E-17
    19       0.00E+00  0.00E+00  0.00E+00  0.00E+00  0.00E+00  0.00E+00  0.00E+00  1.00E-28  3.49E-19  3.61E-16
             8.23E-15  2.77E-14  2.36E-14  1.30E-14  4.28E-15  1.65E-15  6.11E-16  1.59E-16  5.67E-17
    20       0.00E+00  0.00E+00  0.00E+00  0.00E+00  0.00E+00  0.00E+00  0.00E+00  7.70E-29  2.76E-19  2.94E-16
             6.90E-15  2.37E-14  2.03E-14  1.12E-14  3.70E-15  1.43E-15  5.28E-16  1.37E-16  4.90E-17
    21       0.00E+00  0.00E+00  0.00E+00  0.00E+00  0.00E+00  0.00E+00  0.00E+00  3.71E-29  1.51E-19  1.83E-16
             4.75E-15  1.73E-14  1.51E-14  8.39E-15  2.79E-15  1.08E-15  4.00E-16  1.04E-16  3.71E-17
    22       0.00E+00  0.00E+00  0.00E+00  0.00E+00  0.00E+00  0.00E+00  0.00E+00  2.43E-29  1.01E-19  1.29E-16
             3.45E-15  1.28E-14  1.13E-14  6.28E-15  2.09E-15  8.10E-16  3.00E-16  7.80E-17  2.78E-17
    23       0.00E+00  0.00E+00  0.00E+00  0.00E+00  0.00E+00  0.00E+00  0.00E+00  1.88E-29  7.94E-20  1.03E-16
             2.82E-15  1.06E-14  9.28E-15  5.19E-15  1.73E-15  6.70E-16  2.48E-16  6.45E-17  2.30E-17
    24       0.00E+00  0.00E+00  0.00E+00  0.00E+00  0.00E+00  0.00E+00  0.00E+00  1.33E-29  5.67E-20  7.56E-17
             2.10E-15  7.95E-15  7.01E-15  3.92E-15  1.31E-15  5.07E-16  1.88E-16  4.88E-17  1.74E-17
    25       0.00E+00  0.00E+00  0.00E+00  0.00E+00  0.00E+00  0.00E+00  0.00E+00  1.08E-29  4.62E-20  6.23E-17
             1.75E-15  6.64E-15  5.86E-15  3.28E-15  1.09E-15  4.24E-16  1.57E-16  4.09E-17  1.46E-17
    26       0.00E+00  0.00E+00  0.00E+00  0.00E+00  0.00E+00  0.00E+00  0.00E+00  8.08E-30  3.48E-20  4.74E-17
             1.34E-15  5.12E-15  4.53E-15  2.54E-15  8.47E-16  3.29E-16  1.22E-16  3.16E-17  1.13E-17
    27       0.00E+00  0.00E+00  0.00E+00  0.00E+00  0.00E+00  0.00E+00  0.00E+00  6.24E-30  2.68E-20  3.69E-17
             1.05E-15  4.02E-15  3.56E-15  1.99E-15  6.65E-16  2.58E-16  9.56E-17  2.49E-17  8.87E-18
    28       0.00E+00  0.00E+00  0.00E+00  0.00E+00  0.00E+00  0.00E+00  0.00E+00  4.41E-30  1.89E-20  2.62E-17
             7.47E-16  2.87E-15  2.54E-15  1.42E-15  4.75E-16  1.84E-16  6.83E-17  1.78E-17  6.34E-18
    29       0.00E+00  0.00E+00  0.00E+00  0.00E+00  0.00E+00  0.00E+00  0.00E+00  3.04E-30  1.30E-20  1.80E-17
             5.14E-16  1.97E-15  1.75E-15  9.81E-16  3.27E-16  1.27E-16  4.70E-17  1.22E-17  4.37E-18
    30       0.00E+00  0.00E+00  0.00E+00  0.00E+00  0.00E+00  0.00E+00  0.00E+00  1.76E-30  7.47E-21  1.03E-17
             2.93E-16  1.13E-15  9.98E-16  5.59E-16  1.87E-16  7.24E-17  2.68E-17  6.98E-18  2.49E-18
    31       0.00E+00  0.00E+00  0.00E+00  0.00E+00  0.00E+00  0.00E+00  0.00E+00  1.14E-30  4.79E-21  6.55E-18
             1.86E-16  7.14E-16  6.32E-16  3.54E-16  1.18E-16  4.59E-17  1.70E-17  4.42E-18  1.58E-18
    32       0.00E+00  0.00E+00  0.00E+00  0.00E+00  0.00E+00  0.00E+00  0.00E+00  6.02E-31  2.49E-21  3.37E-18
             9.50E-17  3.62E-16  3.21E-16  1.80E-16  6.00E-17  2.33E-17  8.61E-18  2.24E-18  7.99E-19
    33       0.00E+00  0.00E+00  0.00E+00  0.00E+00  0.00E+00  0.00E+00  0.00E+00  4.29E-31  1.77E-21  2.37E-18
             6.64E-17  2.53E-16  2.24E-16  1.25E-16  4.18E-17  1.62E-17  6.00E-18  1.56E-18  5.57E-19
    34       0.00E+00  0.00E+00  0.00E+00  0.00E+00  0.00E+00  0.00E+00  0.00E+00  2.75E-31  1.12E-21  1.49E-18
             4.16E-17  1.58E-16  1.40E-16  7.82E-17  2.61E-17  1.01E-17  3.74E-18  9.74E-19  3.47E-19
    35       0.00E+00  0.00E+00  0.00E+00  0.00E+00  0.00E+00  0.00E+00  0.00E+00  1.75E-31  7.10E-22  9.35E-19
             2.60E-17  9.85E-17  8.69E-17  4.87E-17  1.62E-17  6.29E-18  2.33E-18  6.06E-19  2.16E-19
    36       0.00E+00  0.00E+00  0.00E+00  0.00E+00  0.00E+00  0.00E+00  0.00E+00  8.73E-32  3.51E-22  4.59E-19
             1.27E-17  4.79E-17  4.23E-17  2.37E-17  7.89E-18  3.06E-18  1.13E-18  2.94E-19  1.05E-19
    37       0.00E+00  0.00E+00  0.00E+00  0.00E+00  0.00E+00  0.00E+00  0.00E+00  5.44E-32  2.18E-22  2.84E-19
             7.83E-18  2.96E-17  2.61E-17  1.46E-17  4.86E-18  1.89E-18  6.98E-19  1.82E-19  6.48E-20
    38       0.00E+00  0.00E+00  0.00E+00  0.00E+00  0.00E+00  0.00E+00  0.00E+00  2.66E-32  1.07E-22  1.38E-19
             3.80E-18  1.43E-17  1.26E-17  7.07E-18  2.36E-18  9.13E-19  3.38E-19  8.79E-20  3.14E-20
    39       0.00E+00  0.00E+00  0.00E+00  0.00E+00  0.00E+00  0.00E+00  0.00E+00  1.59E-32  6.38E-23  8.25E-20
             2.27E-18  8.54E-18  7.53E-18  4.21E-18  1.40E-18  5.44E-19  2.02E-19  5.24E-20  1.87E-20
    40       0.00E+00  0.00E+00  0.00E+00  0.00E+00  0.00E+00  0.00E+00  0.00E+00  7.15E-33  2.86E-23  3.69E-20
             1.01E-18  3.82E-18  3.37E-18  1.88E-18  6.28E-19  2.43E-19  9.01E-20  2.34E-20  8.36E-21
    41       0.00E+00  0.00E+00  0.00E+00  0.00E+00  0.00E+00  0.00E+00  0.00E+00  4.60E-33  1.84E-23  2.38E-20
             6.52E-19  2.46E-18  2.16E-18  1.21E-18  4.04E-19  1.56E-19  5.79E-20  1.51E-20  5.38E-21
    42       0.00E+00  0.00E+00  0.00E+00  0.00E+00  0.00E+00  0.00E+00  0.00E+00  2.47E-33  9.85E-24  1.27E-20
             3.49E-19  1.31E-18  1.16E-18  6.48E-19  2.16E-19  8.37E-20  3.10E-20  8.06E-21  2.88E-21



    T(K)     ALFT( 1)  ALFT( 2)  ALFT( 3)  ALFT( 4)  ALFT( 5)  ALFT( 6)  ALFT( 7)  ALFT( 8)  ALFT( 9)  ALFT(10)
    ----     --------  --------  --------  --------  --------  --------  --------  --------  --------  --------
  1.60E+02   0.00E+00
  3.20E+02   0.00E+00
  8.00E+02   0.00E+00
  1.60E+03   0.00E+00
  3.20E+03   0.00E+00
  8.00E+03   0.00E+00
  1.60E+04   2.30E-30
  3.20E+04   9.23E-22
  8.00E+04   4.23E-16
  1.60E+05   9.59E-14
  3.20E+05   1.27E-12
  8.00E+05   3.20E-12
  1.60E+06   2.50E-12
  3.20E+06   1.32E-12
  8.00E+06   4.24E-13
  1.60E+07   1.62E-13
  3.20E+07   5.98E-14
  8.00E+07   1.55E-14
  1.60E+08   5.52E-15

C--------------------------------------------------------------------------------------------------------------
C
C Ne-like target, 2l->3l core excitations.                                   
C
C--------------------------------------------------------------------------------------------------------------
