SEQ='NA'     NUCCHG=14                                                  /IC/

   PARENT LEVEL INDEXING                BWNP=  62713890.1   NPRNTI= 1   NPRNTF= 1
   ---------------------
   INDP         CODE                 S L   WI        WNP
   ----         ----                 - -   --  ----------
     1                              (1)0( 0.0)        0.0 

   IC RESOLVED LEVEL INDEXING           BWNR=  63074852.6   NLVL=  60
   --------------------------
   INDX  INDP   CODE                 S L   WJ        WNR
   ----  ----   ----                 - -   --  ----------
     1     1    3S1                 (2)0( 0.5)        0.0 
     2     1    3P1                 (2)1( 0.5)    70395.8 
     3     1    3P1                 (2)1( 1.5)    70845.7 
     4     1    3D1                 (2)2( 1.5)   159704.4 
     5     1    3D1                 (2)2( 2.5)   159714.6 
     6     1    4S1                 (2)0( 0.5)   191857.6 
     7     1    4P1                 (2)1( 0.5)   216051.0 
     8     1    4P1                 (2)1( 1.5)   216209.4 
     9     1    4D1                 (2)2( 1.5)   247926.4 
    10     1    4D1                 (2)2( 2.5)   247931.1 
    11     1    4F1                 (2)3( 2.5)   251167.7 
    12     1    4F1                 (2)3( 3.5)   251169.6 
    13     1    5S1                 (2)0( 0.5)   262736.4 
    14     1    5P1                 (2)1( 0.5)   273819.7 
    15     1    5P1                 (2)1( 1.5)   273893.7 
    16     1    5D1                 (2)2( 1.5)   288897.8 
    17     1    5D1                 (2)2( 2.5)   288900.3 
    18     1    5G1                 (1)*( 3.5)   290272.6 
    19     1    5G1                 (1)*( 4.5)   290272.6 
    20     1    5F1                 (2)3( 2.5)   290685.2 
    21     1    5F1                 (2)3( 3.5)   290686.2 
    22     1    6S1                 (2)0( 0.5)   296784.1 
    23     1    6P1                 (2)1( 0.5)   302759.5 
    24     1    6P1                 (2)1( 1.5)   302799.9 
    25     1    6D1                 (2)2( 1.5)   311088.2 
    26     1    6D1                 (2)2( 2.5)   311089.6 
    27     1    6G1                 (1)*( 3.5)   311925.5 
    28     1    6G1                 (1)*( 4.5)   311925.5 
    29     1    6H1                 (1)*( 4.5)   312054.0 
    30     1    6H1                 (1)*( 5.5)   312054.0 
    31     1    6F1                 (2)3( 2.5)   312158.7 
    32     1    6F1                 (2)3( 3.5)   312159.3 
    33     1    7S1                 (2)0( 0.5)   315752.8 
    34     1    7P1                 (2)1( 0.5)   319334.7 
    35     1    7P1                 (2)1( 1.5)   319359.2 
    36     1    7D1                 (2)2( 1.5)   324420.9 
    37     1    7D1                 (2)2( 2.5)   324421.9 
    38     1    7G1                 (1)*( 3.5)   324963.2 
    39     1    7G1                 (1)*( 4.5)   324963.2 
    40     1    7H1                 (1)*( 4.5)   325044.0 
    41     1    7H1                 (1)*( 5.5)   325044.0 
    42     1    7I1                 (1)*( 5.5)   325080.1 
    43     1    7I1                 (1)*( 6.5)   325080.1 
    44     1    7F1                 (2)3( 2.5)   325107.9 
    45     1    7F1                 (2)3( 3.5)   325108.2 
    46     1    8S1                 (2)0( 0.5)   327399.2 
    47     1    8P1                 (2)1( 0.5)   329713.0 
    48     1    8P1                 (2)1( 1.5)   329729.0 
    49     1    8D1                 (2)2( 1.5)   333047.0 
    50     1    8D1                 (2)2( 2.5)   333047.7 
    51     1    8G1                 (1)*( 3.5)   333416.5 
    52     1    8G1                 (1)*( 4.5)   333416.5 
    53     1    8H1                 (1)*( 4.5)   333470.7 
    54     1    8H1                 (1)*( 5.5)   333470.7 
    55     1    8I1                 (1)*( 5.5)   333494.8 
    56     1    8I1                 (1)*( 6.5)   333494.8 
    57     1    8J1                 (1)*( 6.5)   333507.1 
    58     1    8J1                 (1)*( 7.5)   333507.1 
    59     1    8F1                 (2)3( 2.5)   333512.5 
    60     1    8F1                 (2)3( 3.5)   333512.7 

   NL-SHELL INDEXING                     NLREP= 55
   -----------------
   ILREP   N   L
   -----   -   -
     1     1   0
     2     2   0
     3     2   1
     4     3   0
     5     3   1
     6     3   2
     7     4   0
     8     4   1
     9     4   2
    10     4   3
    11     5   0
    12     5   1
    13     5   2
    14     5   3
    15     5   4
    16     6   0
    17     6   1
    18     6   2
    19     6   3
    20     6   4
    21     6   5
    22     7   0
    23     7   1
    24     7   2
    25     7   3
    26     7   4
    27     7   5
    28     7   6
    29     8   0
    30     8   1
    31     8   2
    32     8   3
    33     8   4
    34     8   5
    35     8   6
    36     8   7
    37     9   0
    38     9   1
    39     9   2
    40     9   3
    41     9   4
    42     9   5
    43     9   6
    44     9   7
    45     9   8
    46    10   0
    47    10   1
    48    10   2
    49    10   3
    50    10   4
    51    10   5
    52    10   6
    53    10   7
    54    10   8
    55    10   9

   N-SHELL INDEXING                                     NREP= 42
   ----------------
   INREP   N
   -----   -
     1     1
     2     2
     3     3
     4     4
     5     5
     6     6
     7     7
     8     8
     9     9
    10    10
    11    11
    12    12
    13    13
    14    14
    15    15
    16    16
    17    18
    18    20
    19    22
    20    25
    21    29
    22    35
    23    39
    24    45
    25    49
    26    55
    27    61
    28    70
    29    81
    30   100
    31   115
    32   140
    33   162
    34   200
    35   235
    36   300
    37   353
    38   450
    39   535
    40   700
    41   811
    42   999



 --------------------------
 PRTI= 1  LVLPRT= (1S  0.0)

   INDX TE=  1.60E+02  3.20E+02  8.00E+02  1.60E+03  3.20E+03  8.00E+03  1.60E+04  3.20E+04  8.00E+04  1.60E+05
   ---- ---  3.20E+05  8.00E+05  1.60E+06  3.20E+06  8.00E+06  1.60E+07  3.20E+07  8.00E+07  1.60E+08
     1       7.40E-13  5.24E-13  3.31E-13  2.35E-13  1.66E-13  1.06E-13  7.59E-14  5.50E-14  3.69E-14  2.82E-14
             2.21E-14  1.66E-14  1.34E-14  1.07E-14  7.30E-15  5.00E-15  3.11E-15  1.43E-15  7.15E-16
     2       6.47E-13  4.57E-13  2.90E-13  2.05E-13  1.46E-13  9.40E-14  6.83E-14  5.08E-14  3.64E-14  2.98E-14
             2.50E-14  1.92E-14  1.44E-14  9.64E-15  4.74E-15  2.42E-15  1.12E-15  3.59E-16  1.42E-16
     3       1.29E-12  9.11E-13  5.77E-13  4.09E-13  2.91E-13  1.87E-13  1.36E-13  1.01E-13  7.26E-14  5.95E-14
             4.99E-14  3.83E-14  2.87E-14  1.93E-14  9.47E-15  4.84E-15  2.24E-15  7.18E-16  2.84E-16
     4       1.87E-12  1.32E-12  8.33E-13  5.87E-13  4.12E-13  2.56E-13  1.75E-13  1.17E-13  6.41E-14  3.78E-14
             2.06E-14  8.21E-15  3.75E-15  1.62E-15  4.90E-16  1.89E-16  7.08E-17  1.87E-17  6.70E-18
     5       2.80E-12  1.98E-12  1.25E-12  8.81E-13  6.19E-13  3.84E-13  2.63E-13  1.75E-13  9.62E-14  5.67E-14
             3.10E-14  1.23E-14  5.63E-15  2.42E-15  7.35E-16  2.84E-16  1.06E-16  2.80E-17  1.01E-17
     6       2.20E-13  1.56E-13  9.88E-14  7.00E-14  4.98E-14  3.19E-14  2.31E-14  1.70E-14  1.17E-14  9.18E-15
             7.33E-15  5.53E-15  4.45E-15  3.51E-15  2.39E-15  1.63E-15  1.01E-15  4.66E-16  2.33E-16
     7       1.78E-13  1.26E-13  7.98E-14  5.66E-14  4.04E-14  2.61E-14  1.92E-14  1.45E-14  1.09E-14  9.31E-15
             8.17E-15  6.51E-15  4.95E-15  3.36E-15  1.66E-15  8.54E-16  3.96E-16  1.27E-16  5.02E-17
     8       3.55E-13  2.51E-13  1.59E-13  1.13E-13  8.04E-14  5.20E-14  3.82E-14  2.89E-14  2.17E-14  1.86E-14
             1.63E-14  1.30E-14  9.90E-15  6.72E-15  3.33E-15  1.71E-15  7.92E-16  2.54E-16  1.00E-16
     9       1.13E-12  8.02E-13  5.06E-13  3.57E-13  2.51E-13  1.56E-13  1.07E-13  7.14E-14  3.93E-14  2.32E-14
             1.27E-14  5.07E-15  2.32E-15  9.98E-16  3.03E-16  1.17E-16  4.37E-17  1.15E-17  4.14E-18
    10       1.70E-12  1.20E-12  7.59E-13  5.35E-13  3.76E-13  2.33E-13  1.60E-13  1.07E-13  5.89E-14  3.49E-14
             1.91E-14  7.60E-15  3.48E-15  1.50E-15  4.54E-16  1.75E-16  6.55E-17  1.73E-17  6.21E-18
    11       7.47E-13  5.27E-13  3.32E-13  2.33E-13  1.62E-13  9.75E-14  6.42E-14  4.01E-14  1.91E-14  9.80E-15
             4.56E-15  1.46E-15  5.72E-16  2.15E-16  5.69E-17  2.05E-17  7.29E-18  1.86E-18  6.57E-19
    12       9.96E-13  7.03E-13  4.42E-13  3.10E-13  2.16E-13  1.30E-13  8.56E-14  5.34E-14  2.55E-14  1.31E-14
             6.08E-15  1.94E-15  7.63E-16  2.87E-16  7.59E-17  2.73E-17  9.73E-18  2.47E-18  8.76E-19
    13       9.51E-14  6.73E-14  4.26E-14  3.03E-14  2.16E-14  1.39E-14  1.02E-14  7.56E-15  5.33E-15  4.21E-15
             3.37E-15  2.53E-15  2.02E-15  1.58E-15  1.07E-15  7.30E-16  4.53E-16  2.08E-16  1.04E-16
    14       8.15E-14  5.76E-14  3.65E-14  2.59E-14  1.84E-14  1.19E-14  8.69E-15  6.57E-15  4.94E-15  4.27E-15
             3.78E-15  3.03E-15  2.31E-15  1.57E-15  7.79E-16  4.00E-16  1.86E-16  5.96E-17  2.36E-17
    15       1.63E-13  1.15E-13  7.28E-14  5.17E-14  3.68E-14  2.37E-14  1.73E-14  1.31E-14  9.86E-15  8.52E-15
             7.54E-15  6.06E-15  4.62E-15  3.14E-15  1.56E-15  8.00E-16  3.71E-16  1.19E-16  4.71E-17
    16       6.72E-13  4.75E-13  3.00E-13  2.11E-13  1.48E-13  9.22E-14  6.33E-14  4.24E-14  2.33E-14  1.38E-14
             7.56E-15  3.01E-15  1.38E-15  5.92E-16  1.79E-16  6.93E-17  2.59E-17  6.83E-18  2.45E-18
    17       1.01E-12  7.12E-13  4.49E-13  3.17E-13  2.23E-13  1.38E-13  9.49E-14  6.36E-14  3.50E-14  2.07E-14
             1.13E-14  4.52E-15  2.07E-15  8.89E-16  2.69E-16  1.04E-16  3.89E-17  1.02E-17  3.68E-18
    18       3.69E-13  2.60E-13  1.63E-13  1.13E-13  7.78E-14  4.53E-14  2.84E-14  1.65E-14  6.94E-15  3.21E-15
             1.36E-15  3.94E-16  1.47E-16  5.35E-17  1.38E-17  4.90E-18  1.74E-18  4.41E-19  1.56E-19
    19       4.62E-13  3.25E-13  2.04E-13  1.42E-13  9.73E-14  5.66E-14  3.54E-14  2.06E-14  8.67E-15  4.01E-15
             1.70E-15  4.92E-16  1.84E-16  6.68E-17  1.72E-17  6.13E-18  2.17E-18  5.51E-19  1.95E-19
    20       6.59E-13  4.65E-13  2.93E-13  2.05E-13  1.43E-13  8.61E-14  5.67E-14  3.54E-14  1.69E-14  8.64E-15
             4.02E-15  1.28E-15  5.03E-16  1.89E-16  5.00E-17  1.80E-17  6.41E-18  1.63E-18  5.77E-19
    21       8.79E-13  6.20E-13  3.90E-13  2.74E-13  1.90E-13  1.15E-13  7.56E-14  4.72E-14  2.25E-14  1.15E-14
             5.35E-15  1.71E-15  6.71E-16  2.53E-16  6.67E-17  2.40E-17  8.55E-18  2.17E-18  7.70E-19
    22       4.98E-14  3.52E-14  2.24E-14  1.59E-14  1.13E-14  7.37E-15  5.42E-15  4.07E-15  2.90E-15  2.30E-15
             1.84E-15  1.37E-15  1.09E-15  8.47E-16  5.70E-16  3.88E-16  2.41E-16  1.11E-16  5.52E-17
    23       4.76E-14  3.37E-14  2.13E-14  1.51E-14  1.07E-14  6.85E-15  4.96E-15  3.70E-15  2.74E-15  2.35E-15
             2.07E-15  1.66E-15  1.27E-15  8.62E-16  4.27E-16  2.19E-16  1.02E-16  3.27E-17  1.29E-17
    24       9.51E-14  6.72E-14  4.25E-14  3.01E-14  2.14E-14  1.37E-14  9.90E-15  7.39E-15  5.48E-15  4.70E-15
             4.15E-15  3.32E-15  2.54E-15  1.72E-15  8.54E-16  4.39E-16  2.04E-16  6.54E-17  2.58E-17
    25       4.22E-13  2.98E-13  1.88E-13  1.33E-13  9.33E-14  5.79E-14  3.98E-14  2.66E-14  1.46E-14  8.66E-15
             4.73E-15  1.88E-15  8.61E-16  3.70E-16  1.12E-16  4.32E-17  1.61E-17  4.25E-18  1.53E-18
    26       6.33E-13  4.47E-13  2.82E-13  1.99E-13  1.40E-13  8.69E-14  5.97E-14  3.99E-14  2.20E-14  1.30E-14
             7.10E-15  2.82E-15  1.29E-15  5.55E-16  1.68E-16  6.48E-17  2.42E-17  6.38E-18  2.29E-18
    27       4.21E-13  2.96E-13  1.86E-13  1.29E-13  8.87E-14  5.16E-14  3.23E-14  1.88E-14  7.90E-15  3.65E-15
             1.55E-15  4.48E-16  1.67E-16  6.08E-17  1.57E-17  5.57E-18  1.98E-18  5.01E-19  1.77E-19
    28       5.26E-13  3.71E-13  2.32E-13  1.62E-13  1.11E-13  6.45E-14  4.04E-14  2.35E-14  9.88E-15  4.57E-15
             1.93E-15  5.60E-16  2.09E-16  7.60E-17  1.96E-17  6.96E-18  2.47E-18  6.26E-19  2.21E-19
    29       1.86E-13  1.31E-13  8.14E-14  5.61E-14  3.78E-14  2.10E-14  1.24E-14  6.70E-15  2.53E-15  1.08E-15
             4.32E-16  1.19E-16  4.33E-17  1.55E-17  3.97E-18  1.41E-18  4.99E-19  1.26E-19  4.47E-20
    30       2.23E-13  1.57E-13  9.77E-14  6.74E-14  4.53E-14  2.52E-14  1.49E-14  8.04E-15  3.04E-15  1.30E-15
             5.18E-16  1.42E-16  5.19E-17  1.87E-17  4.76E-18  1.69E-18  5.99E-19  1.52E-19  5.36E-20
    31       4.93E-13  3.48E-13  2.19E-13  1.53E-13  1.07E-13  6.43E-14  4.23E-14  2.64E-14  1.26E-14  6.42E-15
             2.98E-15  9.51E-16  3.73E-16  1.40E-16  3.70E-17  1.33E-17  4.74E-18  1.21E-18  4.27E-19
    32       6.57E-13  4.63E-13  2.92E-13  2.04E-13  1.42E-13  8.57E-14  5.64E-14  3.52E-14  1.67E-14  8.56E-15
             3.97E-15  1.27E-15  4.97E-16  1.87E-16  4.93E-17  1.77E-17  6.32E-18  1.61E-18  5.69E-19
    33       2.95E-14  2.09E-14  1.33E-14  9.43E-15  6.75E-15  4.41E-15  3.26E-15  2.46E-15  1.76E-15  1.40E-15
             1.11E-15  8.22E-16  6.49E-16  5.05E-16  3.39E-16  2.31E-16  1.43E-16  6.56E-17  3.28E-17
    34       3.17E-14  2.24E-14  1.42E-14  1.00E-14  7.07E-15  4.48E-15  3.20E-15  2.36E-15  1.71E-15  1.45E-15
             1.27E-15  1.01E-15  7.70E-16  5.22E-16  2.59E-16  1.33E-16  6.18E-17  1.98E-17  7.84E-18
    35       6.33E-14  4.48E-14  2.83E-14  2.00E-14  1.41E-14  8.94E-15  6.40E-15  4.71E-15  3.41E-15  2.89E-15
             2.53E-15  2.02E-15  1.54E-15  1.04E-15  5.18E-16  2.66E-16  1.24E-16  3.97E-17  1.57E-17
    36       2.82E-13  1.99E-13  1.26E-13  8.85E-14  6.22E-14  3.86E-14  2.65E-14  1.77E-14  9.71E-15  5.73E-15
             3.13E-15  1.24E-15  5.68E-16  2.44E-16  7.37E-17  2.84E-17  1.06E-17  2.80E-18  1.01E-18
    37       4.22E-13  2.98E-13  1.88E-13  1.33E-13  9.33E-14  5.79E-14  3.97E-14  2.65E-14  1.46E-14  8.60E-15
             4.70E-15  1.87E-15  8.52E-16  3.66E-16  1.11E-16  4.26E-17  1.59E-17  4.20E-18  1.51E-18
    38       3.70E-13  2.61E-13  1.63E-13  1.14E-13  7.80E-14  4.54E-14  2.84E-14  1.65E-14  6.93E-15  3.20E-15
             1.35E-15  3.92E-16  1.46E-16  5.32E-17  1.37E-17  4.88E-18  1.73E-18  4.39E-19  1.55E-19
    39       4.63E-13  3.26E-13  2.04E-13  1.42E-13  9.75E-14  5.67E-14  3.55E-14  2.06E-14  8.67E-15  4.00E-15
             1.69E-15  4.90E-16  1.83E-16  6.65E-17  1.71E-17  6.10E-18  2.16E-18  5.48E-19  1.94E-19
    40       2.61E-13  1.83E-13  1.14E-13  7.87E-14  5.30E-14  2.94E-14  1.74E-14  9.40E-15  3.54E-15  1.52E-15
             6.04E-16  1.66E-16  6.06E-17  2.18E-17  5.56E-18  1.97E-18  6.98E-19  1.77E-19  6.25E-20
    41       3.13E-13  2.20E-13  1.37E-13  9.44E-14  6.36E-14  3.53E-14  2.09E-14  1.13E-14  4.25E-15  1.82E-15
             7.25E-16  1.99E-16  7.27E-17  2.61E-17  6.67E-18  2.37E-18  8.38E-19  2.12E-19  7.51E-20
    42       9.44E-14  6.62E-14  4.08E-14  2.78E-14  1.83E-14  9.62E-15  5.36E-15  2.70E-15  9.29E-16  3.76E-16
             1.44E-16  3.84E-17  1.39E-17  4.94E-18  1.26E-18  4.46E-19  1.58E-19  3.99E-20  1.41E-20
    43       1.10E-13  7.72E-14  4.77E-14  3.24E-14  2.13E-14  1.12E-14  6.26E-15  3.15E-15  1.08E-15  4.39E-16
             1.68E-16  4.49E-17  1.62E-17  5.77E-18  1.47E-18  5.20E-19  1.84E-19  4.66E-20  1.65E-20
    44       3.61E-13  2.55E-13  1.60E-13  1.13E-13  7.82E-14  4.72E-14  3.10E-14  1.93E-14  9.15E-15  4.67E-15
             2.17E-15  6.90E-16  2.70E-16  1.02E-16  2.68E-17  9.63E-18  3.43E-18  8.74E-19  3.09E-19
    45       4.82E-13  3.40E-13  2.14E-13  1.50E-13  1.04E-13  6.29E-14  4.13E-14  2.57E-14  1.22E-14  6.23E-15
             2.89E-15  9.20E-16  3.61E-16  1.35E-16  3.58E-17  1.28E-17  4.58E-18  1.16E-18  4.13E-19
    46       1.90E-14  1.35E-14  8.55E-15  6.09E-15  4.37E-15  2.87E-15  2.13E-15  1.61E-15  1.16E-15  9.13E-16
             7.24E-16  5.32E-16  4.19E-16  3.25E-16  2.18E-16  1.48E-16  9.16E-17  4.20E-17  2.10E-17
    47       2.28E-14  1.61E-14  1.02E-14  7.17E-15  5.05E-15  3.16E-15  2.23E-15  1.62E-15  1.15E-15  9.58E-16
             8.33E-16  6.61E-16  5.03E-16  3.41E-16  1.69E-16  8.67E-17  4.02E-17  1.29E-17  5.10E-18
    48       4.56E-14  3.22E-14  2.03E-14  1.43E-14  1.01E-14  6.32E-15  4.46E-15  3.23E-15  2.29E-15  1.92E-15
             1.66E-15  1.32E-15  1.01E-15  6.82E-16  3.38E-16  1.73E-16  8.04E-17  2.58E-17  1.02E-17
    49       1.97E-13  1.39E-13  8.80E-14  6.20E-14  4.36E-14  2.70E-14  1.85E-14  1.23E-14  6.76E-15  3.98E-15
             2.17E-15  8.60E-16  3.92E-16  1.68E-16  5.08E-17  1.96E-17  7.33E-18  1.93E-18  6.94E-19
    50       2.96E-13  2.09E-13  1.32E-13  9.30E-14  6.53E-14  4.05E-14  2.77E-14  1.85E-14  1.01E-14  5.97E-15
             3.25E-15  1.29E-15  5.88E-16  2.52E-16  7.63E-17  2.94E-17  1.10E-17  2.90E-18  1.04E-18
    51       3.03E-13  2.14E-13  1.34E-13  9.32E-14  6.39E-14  3.72E-14  2.32E-14  1.35E-14  5.66E-15  2.61E-15
             1.10E-15  3.20E-16  1.19E-16  4.34E-17  1.12E-17  3.97E-18  1.41E-18  3.57E-19  1.26E-19
    52       3.79E-13  2.67E-13  1.67E-13  1.17E-13  7.99E-14  4.64E-14  2.91E-14  1.69E-14  7.08E-15  3.27E-15
             1.38E-15  4.00E-16  1.49E-16  5.42E-17  1.40E-17  4.97E-18  1.76E-18  4.47E-19  1.58E-19
    53       2.65E-13  1.86E-13  1.16E-13  7.98E-14  5.37E-14  2.98E-14  1.77E-14  9.52E-15  3.59E-15  1.54E-15
             6.12E-16  1.68E-16  6.13E-17  2.20E-17  5.63E-18  2.00E-18  7.07E-19  1.79E-19  6.33E-20
    54       3.17E-13  2.23E-13  1.39E-13  9.58E-14  6.45E-14  3.58E-14  2.12E-14  1.14E-14  4.31E-15  1.84E-15
             7.34E-16  2.02E-16  7.36E-17  2.64E-17  6.75E-18  2.39E-18  8.48E-19  2.15E-19  7.60E-20
    55       1.57E-13  1.10E-13  6.81E-14  4.63E-14  3.05E-14  1.60E-14  8.93E-15  4.49E-15  1.55E-15  6.27E-16
             2.40E-16  6.40E-17  2.31E-17  8.23E-18  2.09E-18  7.42E-19  2.63E-19  6.65E-20  2.35E-20
    56       1.83E-13  1.29E-13  7.94E-14  5.40E-14  3.55E-14  1.87E-14  1.04E-14  5.24E-15  1.80E-15  7.31E-16
             2.80E-16  7.47E-17  2.69E-17  9.60E-18  2.44E-18  8.66E-19  3.06E-19  7.76E-20  2.74E-20
    57       4.81E-14  3.36E-14  2.05E-14  1.37E-14  8.79E-15  4.36E-15  2.29E-15  1.08E-15  3.47E-16  1.35E-16
             5.05E-17  1.32E-17  4.73E-18  1.68E-18  4.28E-19  1.51E-19  5.36E-20  1.36E-20  4.79E-21
    58       5.50E-14  3.84E-14  2.35E-14  1.57E-14  1.00E-14  4.98E-15  2.62E-15  1.24E-15  3.96E-16  1.54E-16
             5.77E-17  1.51E-17  5.41E-18  1.92E-18  4.89E-19  1.73E-19  6.12E-20  1.55E-20  5.48E-21
    59       2.69E-13  1.90E-13  1.19E-13  8.37E-14  5.82E-14  3.50E-14  2.30E-14  1.43E-14  6.75E-15  3.44E-15
             1.59E-15  5.07E-16  1.98E-16  7.45E-17  1.97E-17  7.06E-18  2.52E-18  6.40E-19  2.27E-19
    60       3.59E-13  2.53E-13  1.59E-13  1.12E-13  7.76E-14  4.67E-14  3.06E-14  1.90E-14  9.01E-15  4.59E-15
             2.12E-15  6.75E-16  2.64E-16  9.93E-17  2.62E-17  9.41E-18  3.36E-18  8.53E-19  3.02E-19

                                                                                     --------------------------
                                                                                     PRTF= 1  LVLPRT= (1S  0.0)
   ILREP
   -----
     4       7.40E-13  5.24E-13  3.31E-13  2.35E-13  1.66E-13  1.06E-13  7.59E-14  5.50E-14  3.69E-14  2.82E-14
             2.21E-14  1.66E-14  1.34E-14  1.07E-14  7.30E-15  5.00E-15  3.11E-15  1.43E-15  7.15E-16
     5       1.93E-12  1.37E-12  8.67E-13  6.14E-13  4.37E-13  2.81E-13  2.04E-13  1.52E-13  1.09E-13  8.93E-14
             7.50E-14  5.74E-14  4.30E-14  2.89E-14  1.42E-14  7.26E-15  3.36E-15  1.08E-15  4.25E-16
     6       4.67E-12  3.30E-12  2.08E-12  1.47E-12  1.03E-12  6.39E-13  4.38E-13  2.92E-13  1.60E-13  9.45E-14
             5.16E-14  2.05E-14  9.38E-15  4.04E-15  1.22E-15  4.73E-16  1.77E-16  4.67E-17  1.68E-17
     7       2.20E-13  1.56E-13  9.88E-14  7.00E-14  4.98E-14  3.19E-14  2.31E-14  1.70E-14  1.17E-14  9.18E-15
             7.33E-15  5.53E-15  4.45E-15  3.51E-15  2.39E-15  1.63E-15  1.01E-15  4.66E-16  2.33E-16
     8       5.33E-13  3.77E-13  2.39E-13  1.70E-13  1.21E-13  7.82E-14  5.73E-14  4.34E-14  3.26E-14  2.79E-14
             2.45E-14  1.95E-14  1.49E-14  1.01E-14  4.99E-15  2.56E-15  1.19E-15  3.81E-16  1.51E-16
     9       2.84E-12  2.00E-12  1.27E-12  8.92E-13  6.26E-13  3.89E-13  2.67E-13  1.78E-13  9.82E-14  5.81E-14
             3.18E-14  1.27E-14  5.80E-15  2.49E-15  7.56E-16  2.92E-16  1.09E-16  2.88E-17  1.03E-17
    10       1.74E-12  1.23E-12  7.74E-13  5.43E-13  3.77E-13  2.28E-13  1.50E-13  9.35E-14  4.46E-14  2.29E-14
             1.06E-14  3.40E-15  1.34E-15  5.03E-16  1.33E-16  4.77E-17  1.70E-17  4.33E-18  1.53E-18
    11       9.51E-14  6.73E-14  4.26E-14  3.03E-14  2.16E-14  1.39E-14  1.02E-14  7.56E-15  5.33E-15  4.21E-15
             3.37E-15  2.53E-15  2.02E-15  1.58E-15  1.07E-15  7.30E-16  4.53E-16  2.08E-16  1.04E-16
    12       2.44E-13  1.73E-13  1.09E-13  7.76E-14  5.52E-14  3.56E-14  2.60E-14  1.97E-14  1.48E-14  1.28E-14
             1.13E-14  9.09E-15  6.93E-15  4.71E-15  2.34E-15  1.20E-15  5.57E-16  1.79E-16  7.07E-17
    13       1.68E-12  1.19E-12  7.49E-13  5.28E-13  3.71E-13  2.30E-13  1.58E-13  1.06E-13  5.83E-14  3.45E-14
             1.89E-14  7.53E-15  3.44E-15  1.48E-15  4.49E-16  1.73E-16  6.48E-17  1.71E-17  6.13E-18
    14       1.54E-12  1.09E-12  6.83E-13  4.79E-13  3.33E-13  2.01E-13  1.32E-13  8.25E-14  3.93E-14  2.01E-14
             9.37E-15  2.99E-15  1.17E-15  4.42E-16  1.17E-16  4.19E-17  1.50E-17  3.80E-18  1.35E-18
    15       8.31E-13  5.86E-13  3.67E-13  2.55E-13  1.75E-13  1.02E-13  6.38E-14  3.71E-14  1.56E-14  7.22E-15
             3.06E-15  8.86E-16  3.30E-16  1.20E-16  3.10E-17  1.10E-17  3.91E-18  9.91E-19  3.51E-19
    16       4.98E-14  3.52E-14  2.24E-14  1.59E-14  1.13E-14  7.37E-15  5.42E-15  4.07E-15  2.90E-15  2.30E-15
             1.84E-15  1.37E-15  1.09E-15  8.47E-16  5.70E-16  3.88E-16  2.41E-16  1.11E-16  5.52E-17
    17       1.43E-13  1.01E-13  6.39E-14  4.52E-14  3.21E-14  2.05E-14  1.49E-14  1.11E-14  8.22E-15  7.05E-15
             6.22E-15  4.99E-15  3.81E-15  2.58E-15  1.28E-15  6.58E-16  3.05E-16  9.81E-17  3.88E-17
    18       1.06E-12  7.46E-13  4.71E-13  3.32E-13  2.33E-13  1.45E-13  9.94E-14  6.65E-14  3.66E-14  2.16E-14
             1.18E-14  4.71E-15  2.15E-15  9.24E-16  2.80E-16  1.08E-16  4.04E-17  1.06E-17  3.82E-18
    19       1.15E-12  8.11E-13  5.10E-13  3.58E-13  2.49E-13  1.50E-13  9.87E-14  6.16E-14  2.93E-14  1.50E-14
             6.96E-15  2.22E-15  8.70E-16  3.27E-16  8.63E-17  3.10E-17  1.11E-17  2.81E-18  9.96E-19
    20       9.47E-13  6.67E-13  4.18E-13  2.91E-13  2.00E-13  1.16E-13  7.27E-14  4.22E-14  1.78E-14  8.22E-15
             3.48E-15  1.01E-15  3.76E-16  1.37E-16  3.52E-17  1.25E-17  4.45E-18  1.13E-18  3.99E-19
    21       4.09E-13  2.88E-13  1.79E-13  1.23E-13  8.31E-14  4.62E-14  2.73E-14  1.47E-14  5.57E-15  2.38E-15
             9.50E-16  2.61E-16  9.52E-17  3.42E-17  8.74E-18  3.10E-18  1.10E-18  2.78E-19  9.83E-20
    22       2.95E-14  2.09E-14  1.33E-14  9.43E-15  6.75E-15  4.41E-15  3.26E-15  2.46E-15  1.76E-15  1.40E-15
             1.11E-15  8.22E-16  6.49E-16  5.05E-16  3.39E-16  2.31E-16  1.43E-16  6.56E-17  3.28E-17
    23       9.51E-14  6.72E-14  4.25E-14  3.00E-14  2.12E-14  1.34E-14  9.60E-15  7.06E-15  5.12E-15  4.34E-15
             3.80E-15  3.03E-15  2.31E-15  1.57E-15  7.77E-16  3.99E-16  1.85E-16  5.95E-17  2.35E-17
    24       7.04E-13  4.97E-13  3.14E-13  2.21E-13  1.55E-13  9.65E-14  6.62E-14  4.42E-14  2.43E-14  1.43E-14
             7.83E-15  3.11E-15  1.42E-15  6.09E-16  1.84E-16  7.11E-17  2.66E-17  7.00E-18  2.51E-18
    25       8.43E-13  5.95E-13  3.74E-13  2.63E-13  1.83E-13  1.10E-13  7.23E-14  4.50E-14  2.14E-14  1.09E-14
             5.05E-15  1.61E-15  6.31E-16  2.37E-16  6.26E-17  2.25E-17  8.01E-18  2.04E-18  7.22E-19
    26       8.33E-13  5.87E-13  3.68E-13  2.56E-13  1.76E-13  1.02E-13  6.39E-14  3.71E-14  1.56E-14  7.21E-15
             3.05E-15  8.83E-16  3.29E-16  1.20E-16  3.09E-17  1.10E-17  3.89E-18  9.87E-19  3.49E-19
    27       5.74E-13  4.03E-13  2.51E-13  1.73E-13  1.17E-13  6.48E-14  3.83E-14  2.07E-14  7.80E-15  3.34E-15
             1.33E-15  3.66E-16  1.33E-16  4.79E-17  1.22E-17  4.34E-18  1.54E-18  3.89E-19  1.38E-19
    28       2.04E-13  1.43E-13  8.85E-14  6.02E-14  3.96E-14  2.08E-14  1.16E-14  5.84E-15  2.01E-15  8.16E-16
             3.12E-16  8.33E-17  3.00E-17  1.07E-17  2.73E-18  9.66E-19  3.42E-19  8.65E-20  3.06E-20
    29       1.90E-14  1.35E-14  8.55E-15  6.09E-15  4.37E-15  2.87E-15  2.13E-15  1.61E-15  1.16E-15  9.13E-16
             7.24E-16  5.32E-16  4.19E-16  3.25E-16  2.18E-16  1.48E-16  9.16E-17  4.20E-17  2.10E-17
    30       6.84E-14  4.83E-14  3.05E-14  2.15E-14  1.51E-14  9.48E-15  6.70E-15  4.85E-15  3.43E-15  2.87E-15
             2.50E-15  1.98E-15  1.51E-15  1.02E-15  5.07E-16  2.60E-16  1.21E-16  3.87E-17  1.53E-17
    31       4.93E-13  3.49E-13  2.20E-13  1.55E-13  1.09E-13  6.75E-14  4.62E-14  3.08E-14  1.69E-14  9.95E-15
             5.42E-15  2.15E-15  9.80E-16  4.20E-16  1.27E-16  4.90E-17  1.83E-17  4.83E-18  1.73E-18
    32       6.28E-13  4.43E-13  2.79E-13  1.95E-13  1.36E-13  8.17E-14  5.36E-14  3.33E-14  1.58E-14  8.03E-15
             3.72E-15  1.18E-15  4.63E-16  1.74E-16  4.59E-17  1.65E-17  5.87E-18  1.49E-18  5.29E-19
    33       6.83E-13  4.81E-13  3.01E-13  2.10E-13  1.44E-13  8.36E-14  5.23E-14  3.03E-14  1.27E-14  5.88E-15
             2.49E-15  7.20E-16  2.68E-16  9.76E-17  2.51E-17  8.94E-18  3.17E-18  8.04E-19  2.84E-19
    34       5.82E-13  4.09E-13  2.55E-13  1.76E-13  1.18E-13  6.56E-14  3.88E-14  2.09E-14  7.90E-15  3.38E-15
             1.35E-15  3.70E-16  1.35E-16  4.84E-17  1.24E-17  4.39E-18  1.55E-18  3.94E-19  1.39E-19
    35       3.41E-13  2.39E-13  1.47E-13  1.00E-13  6.60E-14  3.47E-14  1.94E-14  9.73E-15  3.35E-15  1.36E-15
             5.20E-16  1.39E-16  5.00E-17  1.78E-17  4.54E-18  1.61E-18  5.69E-19  1.44E-19  5.09E-20
    36       1.03E-13  7.20E-14  4.40E-14  2.94E-14  1.88E-14  9.34E-15  4.91E-15  2.32E-15  7.43E-16  2.90E-16
             1.08E-16  2.83E-17  1.01E-17  3.61E-18  9.16E-19  3.24E-19  1.15E-19  2.90E-20  1.03E-20
    37       1.30E-14  9.22E-15  5.86E-15  4.18E-15  3.01E-15  1.98E-15  1.47E-15  1.12E-15  8.01E-16  6.30E-16
             4.97E-16  3.64E-16  2.86E-16  2.21E-16  1.48E-16  1.01E-16  6.23E-17  2.86E-17  1.43E-17
    38       5.18E-14  3.66E-14  2.30E-14  1.62E-14  1.13E-14  7.04E-15  4.91E-15  3.50E-15  2.43E-15  2.01E-15
             1.73E-15  1.37E-15  1.04E-15  7.04E-16  3.48E-16  1.79E-16  8.30E-17  2.66E-17  1.05E-17
    39       3.60E-13  2.54E-13  1.60E-13  1.13E-13  7.93E-14  4.91E-14  3.36E-14  2.24E-14  1.22E-14  7.17E-15
             3.90E-15  1.54E-15  7.03E-16  3.01E-16  9.11E-17  3.51E-17  1.31E-17  3.46E-18  1.24E-18
    40       4.77E-13  3.37E-13  2.12E-13  1.48E-13  1.03E-13  6.19E-14  4.05E-14  2.51E-14  1.19E-14  6.02E-15
             2.78E-15  8.84E-16  3.46E-16  1.30E-16  3.43E-17  1.23E-17  4.38E-18  1.12E-18  3.95E-19
    41       5.50E-13  3.87E-13  2.43E-13  1.69E-13  1.16E-13  6.72E-14  4.20E-14  2.43E-14  1.02E-14  4.71E-15
             1.99E-15  5.75E-16  2.14E-16  7.79E-17  2.01E-17  7.14E-18  2.53E-18  6.42E-19  2.27E-19
    42       5.29E-13  3.72E-13  2.31E-13  1.59E-13  1.07E-13  5.96E-14  3.53E-14  1.90E-14  7.16E-15  3.06E-15
             1.22E-15  3.35E-16  1.22E-16  4.39E-17  1.12E-17  3.97E-18  1.41E-18  3.56E-19  1.26E-19
    43       3.91E-13  2.74E-13  1.69E-13  1.15E-13  7.58E-14  3.99E-14  2.22E-14  1.12E-14  3.85E-15  1.56E-15
             5.97E-16  1.59E-16  5.74E-17  2.05E-17  5.21E-18  1.85E-18  6.53E-19  1.65E-19  5.85E-20
    44       1.99E-13  1.39E-13  8.50E-14  5.69E-14  3.64E-14  1.80E-14  9.48E-15  4.48E-15  1.44E-15  5.60E-16
             2.09E-16  5.48E-17  1.96E-17  6.98E-18  1.77E-18  6.27E-19  2.22E-19  5.61E-20  1.98E-20
    45       5.24E-14  3.64E-14  2.19E-14  1.44E-14  8.93E-15  4.16E-15  2.07E-15  9.26E-16  2.81E-16  1.07E-16
             3.92E-17  1.02E-17  3.62E-18  1.29E-18  3.26E-19  1.15E-19  4.08E-20  1.03E-20  3.65E-21
    46       9.34E-15  6.62E-15  4.21E-15  3.01E-15  2.16E-15  1.43E-15  1.07E-15  8.10E-16  5.78E-16  4.53E-16
             3.57E-16  2.60E-16  2.03E-16  1.57E-16  1.05E-16  7.13E-17  4.42E-17  2.02E-17  1.01E-17
    47       4.06E-14  2.87E-14  1.80E-14  1.26E-14  8.81E-15  5.41E-15  3.74E-15  2.62E-15  1.79E-15  1.46E-15
             1.25E-15  9.83E-16  7.45E-16  5.04E-16  2.50E-16  1.28E-16  5.95E-17  1.91E-17  7.55E-18
    48       2.71E-13  1.92E-13  1.21E-13  8.51E-14  5.97E-14  3.69E-14  2.52E-14  1.67E-14  9.09E-15  5.33E-15
             2.89E-15  1.14E-15  5.21E-16  2.23E-16  6.73E-17  2.59E-17  9.68E-18  2.55E-18  9.15E-19
    49       3.71E-13  2.62E-13  1.64E-13  1.15E-13  7.99E-14  4.79E-14  3.13E-14  1.93E-14  9.09E-15  4.61E-15
             2.13E-15  6.75E-16  2.64E-16  9.90E-17  2.61E-17  9.38E-18  3.34E-18  8.50E-19  3.01E-19
    50       4.43E-13  3.12E-13  1.95E-13  1.36E-13  9.32E-14  5.41E-14  3.37E-14  1.95E-14  8.16E-15  3.76E-15
             1.59E-15  4.59E-16  1.71E-16  6.22E-17  1.60E-17  5.70E-18  2.02E-18  5.12E-19  1.81E-19
    51       4.59E-13  3.23E-13  2.01E-13  1.39E-13  9.33E-14  5.17E-14  3.06E-14  1.65E-14  6.20E-15  2.65E-15
             1.05E-15  2.90E-16  1.06E-16  3.79E-17  9.69E-18  3.44E-18  1.22E-18  3.08E-19  1.09E-19
    52       3.90E-13  2.74E-13  1.69E-13  1.15E-13  7.56E-14  3.98E-14  2.22E-14  1.11E-14  3.83E-15  1.55E-15
             5.94E-16  1.58E-16  5.71E-17  2.04E-17  5.19E-18  1.84E-18  6.50E-19  1.65E-19  5.82E-20
    53       2.56E-13  1.79E-13  1.09E-13  7.31E-14  4.67E-14  2.32E-14  1.22E-14  5.75E-15  1.84E-15  7.19E-16
             2.68E-16  7.03E-17  2.52E-17  8.95E-18  2.27E-18  8.05E-19  2.85E-19  7.20E-20  2.55E-20
    54       1.15E-13  8.01E-14  4.83E-14  3.17E-14  1.96E-14  9.16E-15  4.55E-15  2.04E-15  6.18E-16  2.35E-16
             8.63E-17  2.24E-17  7.97E-18  2.83E-18  7.18E-19  2.54E-19  8.99E-20  2.27E-20  8.04E-21
    55       2.67E-14  1.85E-14  1.10E-14  7.04E-15  4.22E-15  1.85E-15  8.74E-16  3.74E-16  1.09E-16  4.06E-17
             1.48E-17  3.80E-18  1.35E-18  4.80E-19  1.22E-19  4.30E-20  1.52E-20  3.85E-21  1.36E-21

   INREP
   -----
     3       7.35E-12  5.19E-12  3.28E-12  2.32E-12  1.63E-12  1.03E-12  7.18E-13  5.00E-13  3.06E-13  2.12E-13
             1.48E-13  9.40E-14  6.55E-14  4.34E-14  2.27E-14  1.27E-14  6.62E-15  2.55E-15  1.16E-15
     4       5.33E-12  3.77E-12  2.38E-12  1.67E-12  1.17E-12  7.26E-13  4.97E-13  3.32E-13  1.87E-13  1.18E-13
             7.39E-14  4.07E-14  2.62E-14  1.65E-14  8.22E-15  4.51E-15  2.32E-15  8.77E-16  3.95E-16
     5       4.39E-12  3.10E-12  1.95E-12  1.37E-12  9.56E-13  5.83E-13  3.90E-13  2.53E-13  1.33E-13  7.88E-14
             4.58E-14  2.28E-14  1.37E-14  8.25E-15  3.97E-15  2.14E-15  1.09E-15  4.07E-16  1.82E-16
     6       3.75E-12  2.65E-12  1.66E-12  1.17E-12  8.08E-13  4.85E-13  3.19E-13  2.00E-13  1.00E-13  5.65E-14
             3.11E-14  1.44E-14  8.28E-15  4.80E-15  2.24E-15  1.19E-15  5.99E-16  2.22E-16  9.91E-17
     7       3.28E-12  2.31E-12  1.45E-12  1.01E-12  6.98E-13  4.12E-13  2.65E-13  1.63E-13  7.80E-14  4.23E-14
             2.24E-14  9.79E-15  5.43E-15  3.06E-15  1.39E-15  7.33E-16  3.66E-16  1.35E-16  5.99E-17
     8       2.92E-12  2.05E-12  1.29E-12  8.93E-13  6.11E-13  3.55E-13  2.24E-13  1.34E-13  6.20E-14  3.26E-14
             1.67E-14  7.02E-15  3.78E-15  2.08E-15  9.30E-16  4.84E-16  2.40E-16  8.79E-17  3.89E-17
     9       2.62E-12  1.85E-12  1.15E-12  7.97E-13  5.41E-13  3.09E-13  1.92E-13  1.12E-13  5.02E-14  2.58E-14
             1.29E-14  5.23E-15  2.75E-15  1.49E-15  6.53E-16  3.37E-16  1.66E-16  6.06E-17  2.68E-17
    10       2.38E-12  1.67E-12  1.04E-12  7.17E-13  4.83E-13  2.72E-13  1.66E-13  9.49E-14  4.13E-14  2.08E-14
             1.02E-14  4.02E-15  2.07E-15  1.10E-15  4.77E-16  2.45E-16  1.20E-16  4.35E-17  1.92E-17
    11       2.18E-12  1.53E-12  9.49E-13  6.50E-13  4.35E-13  2.40E-13  1.44E-13  8.11E-14  3.45E-14  1.70E-14
             8.19E-15  3.16E-15  1.60E-15  8.41E-16  3.60E-16  1.83E-16  8.94E-17  3.23E-17  1.42E-17
    12       2.01E-12  1.41E-12  8.71E-13  5.94E-13  3.93E-13  2.14E-13  1.26E-13  6.99E-14  2.91E-14  1.41E-14
             6.71E-15  2.54E-15  1.27E-15  6.57E-16  2.78E-16  1.41E-16  6.85E-17  2.47E-17  1.09E-17
    13       1.86E-12  1.30E-12  8.03E-13  5.44E-13  3.58E-13  1.92E-13  1.11E-13  6.07E-14  2.48E-14  1.19E-14
             5.57E-15  2.07E-15  1.02E-15  5.25E-16  2.20E-16  1.11E-16  5.38E-17  1.94E-17  8.50E-18
    14       1.74E-12  1.21E-12  7.44E-13  5.02E-13  3.27E-13  1.72E-13  9.89E-14  5.31E-14  2.13E-14  1.01E-14
             4.68E-15  1.71E-15  8.38E-16  4.26E-16  1.77E-16  8.86E-17  4.28E-17  1.54E-17  6.73E-18
    15       1.63E-12  1.14E-12  6.93E-13  4.65E-13  3.00E-13  1.56E-13  8.83E-14  4.68E-14  1.85E-14  8.68E-15
             3.98E-15  1.44E-15  6.99E-16  3.52E-16  1.45E-16  7.24E-17  3.49E-17  1.25E-17  5.44E-18
    16       1.53E-12  1.07E-12  6.48E-13  4.32E-13  2.77E-13  1.42E-13  7.92E-14  4.15E-14  1.61E-14  7.49E-15
             3.41E-15  1.22E-15  5.87E-16  2.93E-16  1.20E-16  5.97E-17  2.87E-17  1.02E-17  4.46E-18
    17       1.36E-12  9.46E-13  5.69E-13  3.75E-13  2.36E-13  1.18E-13  6.42E-14  3.29E-14  1.25E-14  5.71E-15
             2.56E-15  9.00E-16  4.26E-16  2.10E-16  8.49E-17  4.21E-17  2.01E-17  7.15E-18  3.07E-18
    18       1.23E-12  8.49E-13  5.06E-13  3.29E-13  2.04E-13  9.91E-14  5.31E-14  2.67E-14  9.91E-15  4.47E-15
             1.98E-15  6.85E-16  3.21E-16  1.57E-16  6.26E-17  3.08E-17  1.47E-17  5.19E-18  2.22E-18
    19       1.12E-12  7.68E-13  4.54E-13  2.92E-13  1.78E-13  8.43E-14  4.44E-14  2.20E-14  8.01E-15  3.57E-15
             1.57E-15  5.35E-16  2.48E-16  1.20E-16  4.74E-17  2.33E-17  1.11E-17  3.90E-18  1.69E-18
    20       9.76E-13  6.68E-13  3.89E-13  2.46E-13  1.47E-13  6.74E-14  3.46E-14  1.68E-14  5.99E-15  2.63E-15
             1.14E-15  3.83E-16  1.75E-16  8.38E-17  3.27E-17  1.59E-17  7.55E-18  2.66E-18  1.15E-18
    21       8.35E-13  5.66E-13  3.22E-13  1.99E-13  1.16E-13  5.13E-14  2.57E-14  1.22E-14  4.24E-15  1.84E-15
             7.84E-16  2.59E-16  1.17E-16  5.53E-17  2.13E-17  1.03E-17  4.86E-18  1.70E-18  7.33E-19
    22       6.82E-13  4.56E-13  2.51E-13  1.50E-13  8.45E-14  3.57E-14  1.74E-14  8.02E-15  2.71E-15  1.16E-15
             4.86E-16  1.57E-16  7.00E-17  3.26E-17  1.24E-17  5.94E-18  2.78E-18  9.68E-19  4.15E-19
    23       6.05E-13  3.99E-13  2.16E-13  1.27E-13  6.98E-14  2.87E-14  1.37E-14  6.26E-15  2.09E-15  8.81E-16
             3.68E-16  1.18E-16  5.20E-17  2.41E-17  9.06E-18  4.33E-18  2.02E-18  7.01E-19  3.00E-19
    24       5.13E-13  3.34E-13  1.75E-13  1.00E-13  5.37E-14  2.14E-14  1.00E-14  4.49E-15  1.47E-15  6.14E-16
             2.54E-16  8.04E-17  3.52E-17  1.61E-17  6.00E-18  2.85E-18  1.32E-18  4.57E-19  1.95E-19
    25       4.64E-13  2.98E-13  1.54E-13  8.66E-14  4.57E-14  1.79E-14  8.27E-15  3.67E-15  1.19E-15  4.94E-16
             2.03E-16  6.40E-17  2.78E-17  1.27E-17  4.69E-18  2.22E-18  1.03E-18  3.54E-19  1.50E-19
    26       4.03E-13  2.55E-13  1.28E-13  7.05E-14  3.64E-14  1.39E-14  6.35E-15  2.78E-15  8.91E-16  3.67E-16
             1.50E-16  4.68E-17  2.02E-17  9.14E-18  3.36E-18  1.58E-18  7.32E-19  2.51E-19  1.06E-19
    27       3.54E-13  2.21E-13  1.08E-13  5.83E-14  2.96E-14  1.11E-14  4.99E-15  2.16E-15  6.86E-16  2.81E-16
             1.14E-16  3.54E-17  1.52E-17  6.83E-18  2.49E-18  1.17E-18  5.39E-19  1.84E-19  7.73E-20
    28       2.95E-13  1.80E-13  8.53E-14  4.50E-14  2.23E-14  8.12E-15  3.60E-15  1.54E-15  4.83E-16  1.96E-16
             7.93E-17  2.44E-17  1.04E-17  4.63E-18  1.68E-18  7.83E-19  3.59E-19  1.22E-19  5.09E-20
    29       2.42E-13  1.44E-13  6.57E-14  3.37E-14  1.63E-14  5.80E-15  2.53E-15  1.07E-15  3.32E-16  1.34E-16
             5.37E-17  1.64E-17  6.93E-18  3.07E-18  1.10E-18  5.12E-19  2.34E-19  7.99E-20  3.39E-20
    30       1.78E-13  1.02E-13  4.42E-14  2.19E-14  1.03E-14  3.53E-15  1.51E-15  6.30E-16  1.92E-16  7.67E-17
             3.05E-17  9.19E-18  3.85E-18  1.69E-18  6.00E-19  2.77E-19  1.26E-19  4.27E-20  1.80E-20
    31       1.43E-13  8.00E-14  3.35E-14  1.62E-14  7.47E-15  2.52E-15  1.07E-15  4.41E-16  1.33E-16  5.28E-17
             2.09E-17  6.26E-18  2.61E-18  1.14E-18  4.01E-19  1.84E-19  8.37E-20  2.82E-20  1.18E-20
    32       1.04E-13  5.58E-14  2.24E-14  1.05E-14  4.72E-15  1.55E-15  6.49E-16  2.65E-16  7.90E-17  3.12E-17
             1.23E-17  3.64E-18  1.51E-18  6.51E-19  2.27E-19  1.04E-19  4.69E-20  1.56E-20  6.50E-21
    33       8.07E-14  4.22E-14  1.64E-14  7.54E-15  3.34E-15  1.08E-15  4.47E-16  1.81E-16  5.35E-17  2.10E-17
             8.23E-18  2.43E-18  1.00E-18  4.30E-19  1.49E-19  6.79E-20  3.05E-20  1.01E-20  4.17E-21
    34       5.48E-14  2.76E-14  1.03E-14  4.61E-15  2.00E-15  6.34E-16  2.59E-16  1.04E-16  3.04E-17  1.19E-17
             4.62E-18  1.35E-18  5.53E-19  2.36E-19  8.11E-20  3.67E-20  1.65E-20  5.50E-21  2.30E-21
    35       4.02E-14  1.97E-14  7.12E-15  3.14E-15  1.34E-15  4.19E-16  1.70E-16  6.76E-17  1.96E-17  7.63E-18
             2.96E-18  8.62E-19  3.51E-19  1.49E-19  5.09E-20  2.29E-20  1.03E-20  3.41E-21  1.42E-21
    36       2.44E-14  1.16E-14  4.01E-15  1.73E-15  7.25E-16  2.22E-16  8.90E-17  3.51E-17  1.01E-17  3.91E-18
             1.51E-18  4.36E-19  1.76E-19  7.44E-20  2.51E-20  1.13E-20  5.00E-21  1.64E-21  6.77E-22
    37       1.73E-14  8.00E-15  2.71E-15  1.15E-15  4.78E-16  1.45E-16  5.76E-17  2.26E-17  6.48E-18  2.49E-18
             9.59E-19  2.76E-19  1.11E-19  4.67E-20  1.57E-20  7.00E-21  3.10E-21  1.01E-21  4.13E-22
    38       1.01E-14  4.54E-15  1.49E-15  6.24E-16  2.55E-16  7.61E-17  3.00E-17  1.17E-17  3.32E-18  1.27E-18
             4.88E-19  1.39E-19  5.59E-20  2.33E-20  7.77E-21  3.45E-21  1.52E-21  5.01E-22  2.08E-22
    39       6.81E-15  3.00E-15  9.67E-16  4.00E-16  1.62E-16  4.79E-17  1.88E-17  7.29E-18  2.06E-18  7.87E-19
             3.01E-19  8.56E-20  3.42E-20  1.42E-20  4.70E-21  2.08E-21  9.16E-22  2.99E-22  1.23E-22
    40       3.59E-15  1.54E-15  4.85E-16  1.98E-16  7.91E-17  2.31E-17  9.00E-18  3.47E-18  9.76E-19  3.71E-19
             1.41E-19  4.00E-20  1.59E-20  6.56E-21  2.16E-21  9.48E-22  4.15E-22  1.34E-22  5.45E-23
    41       2.49E-15  1.06E-15  3.30E-16  1.33E-16  5.31E-17  1.54E-17  5.99E-18  2.31E-18  6.46E-19  2.45E-19
             9.30E-20  2.63E-20  1.04E-20  4.29E-21  1.40E-21  6.16E-22  2.68E-22  8.59E-23  3.48E-23
    42       1.46E-15  6.13E-16  1.88E-16  7.56E-17  2.99E-17  8.65E-18  3.34E-18  1.28E-18  3.58E-19  1.35E-19
             5.13E-20  1.44E-20  5.71E-21  2.34E-21  7.63E-22  3.34E-22  1.46E-22  4.73E-23  1.94E-23



    T(K)     ALFT( 1)  ALFT( 2)  ALFT( 3)  ALFT( 4)  ALFT( 5)  ALFT( 6)  ALFT( 7)  ALFT( 8)  ALFT( 9)  ALFT(10)
    ----     --------  --------  --------  --------  --------  --------  --------  --------  --------  --------
  1.60E+02   1.04E-10
  3.20E+02   6.83E-11
  8.00E+02   3.82E-11
  1.60E+03   2.46E-11
  3.20E+03   1.50E-11
  8.00E+03   7.69E-12
  1.60E+04   4.58E-12
  3.20E+04   2.68E-12
  8.00E+04   1.29E-12
  1.60E+05   7.34E-13
  3.20E+05   4.27E-13
  8.00E+05   2.21E-13
  1.60E+06   1.39E-13
  3.20E+06   8.61E-14
  8.00E+06   4.28E-14
  1.60E+07   2.34E-14
  3.20E+07   1.20E-14
  8.00E+07   4.57E-15
  1.60E+08   2.06E-15
C--------------------------------------------------------------------------------------------------------------
C
C                                                                            
C
C NAME:
C DATE:   /  /  
C
C--------------------------------------------------------------------------------------------------------------
