   1           0.000   0     1.0
   2          77.115   1     3.0
   3         223.157   2     5.0
   4        6298.850   2     5.0
   5       15394.370   0     1.0
   6       33326.053   2     5.0
   7       39683.163   0     1.0
   8       39760.285   1     3.0
   9       39955.053   2     5.0
  10       40991.884   1     3.0
  11       45276.188   1     3.0
  12       45293.629   2     5.0
  13       45321.848   3     7.0
  14       47284.061   1     3.0
  15       47351.554   2     5.0
  16       48020.074   1     3.0
  17       48102.323   2     5.0
  18       48264.292   3     7.0
  19       49028.294   0     1.0
  20       49060.601   1     3.0
  21       49188.617   2     5.0
  22       49399.670   1     3.0
  23       49850.830   2     5.0
  24       49933.775   3     7.0
  25       50054.800   4     9.0
  26       50189.389   2     5.0
  27       50499.838   2     5.0
  28       50566.397   1     3.0
  29       50602.440   0     1.0
  30       51612.012   0     1.0
  31       53362.240   3     7.0
  32       53387.334   1     3.0
  33       54185.264   1     3.0
  34       54205.090   2     5.0
  35       54257.582   3     7.0
  36       54245.020   0     1.0
  37       54313.818   1     3.0
  38       54528.220   2     5.0
  39       54871.031   1     3.0
  40       56503.346   2     5.0
  41       56690.903   2     5.0
  42       56700.250   1     3.0
  43       56733.380   0     1.0
  44       56780.427   1     3.0
  45       56978.256   1     3.0
  46       57017.496   2     5.0
  47       57198.027   3     7.0
  48       57295.881   0     1.0
  49       57328.789   1     3.0
  50       57468.239   2     5.0
  51       57372.297   2     5.0
  52       57450.580   3     7.0
  53       57583.657   4     9.0
  54       57541.918   1     3.0
  55       57798.072   2     5.0
  56       58311.659   0     1.0
  57       58774.368   3     7.0
  58       58775.451   2     5.0
  59       58786.860   3     7.0
  60       58788.880   4     9.0
  61       58801.529   1     3.0
  62       58893.400   3     7.0
  63       59032.190   2     5.0
  64       59056.508   1     3.0
  65       59118.030   3     7.0
  66       59034.988   3     7.0
  67       59037.043   4     9.0
  68       59109.959   3     7.0
  69       59110.892   2     5.0
  70       59128.400   5    11.0
  71       59131.912   4     9.0
  72       59190.460   1     3.0
  73       59191.072   2     5.0
  74       59221.110   0     1.0
  75       59273.575   1     3.0
  76       59506.359   2     5.0
  77       59636.667   1     3.0
  78       59917.336   2     5.0
  79       60010.458   1     3.0
  80       60042.500   0     1.0
  81       60300.860   2     5.0
  82       60381.278   1     3.0
  83       60621.640   0     1.0
  84       60487.103   1     3.0
  85       60496.358   2     5.0
  86       60645.441   2     5.0
  87       60705.464   3     7.0
  88       60848.946   4     9.0
  89       60704.530   3     7.0
  90       60706.558   1     3.0
  91       60962.105   2     5.0
  92       61198.036   0     1.0
  93       60815.925   2     5.0
  94       60856.630   1     3.0
  95       61303.381   3     7.0
  96       61304.283   2     5.0
  97       61305.050   3     7.0
  98       61306.713   4     9.0
  99       61305.670   1     3.0
 100       61423.230   3     7.0
 101       61447.860   2     5.0
 102       61511.770   1     3.0
 103       61574.814   3     7.0
 104       61538.050   0     1.0
 105       61595.430   1     3.0
 106       61562.477   3     7.0
 107       61563.952   4     9.0
 108       61597.404   3     7.0
 109       61598.145   2     5.0
 110       61614.370   5    11.0
 111       61617.170   4     9.0
 112       61647.360   1     3.0
 113       61647.875   2     5.0
 114       61823.550   2     5.0
 115       61881.600   1     3.0
 116       61841.940   2     5.0
 117       61936.130   1     3.0
 118       61960.260   0     1.0
 119       62141.800   1     3.0
 120       62318.700   0     1.0
 121       62156.816   2     5.0
 122       62226.390   1     3.0
 123       62231.990   2     5.0
 124       62349.930   2     5.0
 125       62376.820   3     7.0
 126       62534.080   4     9.0
 127       62421.030   3     7.0
 128       62450.400   1     3.0
 129       62596.320   2     5.0
 130       62718.990   0     1.0
 131       62519.660   2     5.0
 132       62545.100   1     3.0
 133       62666.250   1     3.0
 134       62667.823   3     7.0
 135       62669.179   4     9.0
 136       62669.164   3     7.0
 137       62669.727   2     5.0
 138       62774.990   2     5.0
 139       62925.800   1     3.0
 140       62936.140   3     7.0
 141       62802.860   3     7.0
 142       62806.650   0     1.0
 143       62813.260   1     3.0
 144       62935.760   3     7.0
 145       62936.810   4     9.0
 146       62954.460   3     7.0
 147       62955.000   2     5.0
 148       62966.610   5    11.0
 149       62968.490   4     9.0
 150       62985.960   1     3.0
 151       62986.320   2     5.0
 152       63020.420   2     5.0
 153       63097.360   1     3.0
 154       63123.360   0     1.0
 155       63093.410   2     5.0
 156       63130.490   1     3.0
 157       63204.890   2     5.0
 158       63340.700   3     7.0
 159       63514.533   4     9.0
 160       63225.500   2     5.0
 161       63356.240   2     5.0
 162       63486.930   1     3.0
 163       63488.010   3     7.0
 164       63488.910   4     9.0
 165       63489.440   2     5.0
 166       63490.660   3     7.0
 167       63575.350   2     5.0
 168       63750.390   1     3.0
 169       63760.240   3     7.0
 170       63576.850   0     1.0
 171       63584.220   1     3.0
 172       63618.600   0     1.0
 173       63641.770   3     7.0
 174       63762.200   3     7.0
 175       63762.930   4     9.0
 176       63770.280   2     5.0
 177       63773.290   3     7.0
 178       63773.580   2     5.0
 179       63781.970   5    11.0
 180       63783.310   4     9.0
 181       63793.520   1     3.0
 182       63794.310   2     5.0
 183       63844.650   1     3.0
 184       63863.800   0     1.0
 185       63860.440   2     5.0
 186       63945.100   3     7.0
 187       64133.930   4     9.0
 188       63863.840   2     5.0
 189       63884.610   1     3.0
 190       63990.670   2     5.0
 191       64020.420   1     3.0
 192       64079.740   0     1.0
 193       64085.870   1     3.0
 194       64104.880   2     5.0
 195       64187.800   3     7.0
 196       64243.300   2     5.0
 197       64351.930   3     7.0
 198       64550.370   4     9.0
 199       64287.430   1     3.0
 200       64295.260   3     7.0
 201       64322.710   2     5.0
 202       64337.810   1     3.0
 203       64358.520   0     1.0
 204       64366.680   2     5.0
 205       64376.180   1     3.0
 206       64393.660   1     3.0
 207       64398.190   2     5.0
 208       64425.970   0     1.0
 209       64432.030   1     3.0
 210       64488.720   2     5.0
 211       64553.460   2     5.0
 212       64635.820   1     3.0
 213       64646.730   2     5.0
 214       64647.460   3     7.0
 215       64654.970   1     3.0
 216       64662.040   3     7.0
 217       64674.610   0     1.0
 218       64678.930   1     3.0
 219       64687.770   2     5.0
 220       64699.460   1     3.0
 221       64703.230   0     1.0
 222       64713.050   2     5.0
 223       64723.880   1     3.0
 224       64758.610   2     5.0
 225       64795.430   3     7.0
 226       64795.560   2     5.0
 227       64832.700   1     3.0
 228       64855.480   2     5.0
 229       64859.230   0     1.0
 230       64861.020   1     3.0
 231       64881.450   3     7.0
 232       64916.640   2     5.0
 233       64920.150   1     3.0
 234       64923.970   3     7.0
 235       64943.940   2     5.0
 236       64946.120   1     3.0
 237       64952.580   0     1.0
 238       64961.670   2     5.0
 239       64967.340   1     3.0
 240       64965.030   3     7.0
 241       64982.370   2     5.0
 242       64982.420   1     3.0
 243       65000.110   0     1.0
 244       65002.160   1     3.0
 245       65025.300   2     5.0
 246       65055.820   2     5.0
 247       65092.050   1     3.0
 248       65099.380   2     5.0
 249       65102.520   3     7.0
 250       65108.740   1     3.0
 251       65109.470   0     1.0
 252       65116.720   1     3.0
 253       65117.650   3     7.0
 254       65125.260   2     5.0
 255       65135.280   1     3.0
 256       65138.220   0     1.0
 257       65146.140   2     5.0
 258       65151.670   1     3.0
 259       65152.740   2     5.0
 260       65170.670   3     7.0
 261       65177.700   2     5.0
 262       65184.240   1     3.0
 263       65196.820   0     1.0
 264       65197.980   1     3.0
 265       65203.730   2     5.0
 266       65226.600   3     7.0
 267       65231.210   2     5.0
 268       65255.310   1     3.0
 269       65258.330   2     5.0
 270       65258.830   3     7.0
 271       65261.500   1     3.0
 272       65264.910   3     7.0
 273       65267.350   0     1.0
 274       65268.800   1     3.0
 275       65272.410   2     5.0
 276       65278.230   1     3.0
 277       65280.100   0     1.0
 278       65287.040   2     5.0
 279       65291.260   1     3.0
 280       65295.030   2     5.0
 281       65307.300   3     7.0
 282       65311.780   2     5.0
 283       65316.570   1     3.0
 284       65324.680   0     1.0
 285       65325.820   1     3.0
 286       65330.380   2     5.0
 287       65349.500   2     5.0
 288       65349.720   3     7.0
 289       65365.050   1     3.0
 290       65368.230   2     5.0
 291       65369.940   3     7.0
 292       65372.800   1     3.0
 293       65372.980   0     1.0
 294       65378.020   1     3.0
 295       65379.190   3     7.0
 296       65382.180   2     5.0
 297       65388.960   1     3.0
 298       65390.890   0     1.0
 299       65393.910   2     5.0
 300       65396.730   2     5.0
 301       65399.600   1     3.0
 302       65402.240   3     7.0
 303       65407.150   2     5.0
 304       65407.720   1     3.0
 305       65413.380   0     1.0
 306       65414.000   1     3.0
 307       65423.140   2     5.0
 308       65433.140   3     7.0
 309       65433.170   2     5.0
 310       65441.930   1     3.0
 311       65446.050   2     5.0
 312       65447.450   0     1.0
 313       65447.600   1     3.0
 314       65453.230   3     7.0
 315       65460.220   2     5.0
 316       65468.000   1     3.0
 317       65471.530   3     7.0
 318       65469.780   3     7.0
 319       65470.700   2     5.0
 320       65472.000   1     3.0
 321       65478.350   2     5.0
 322       65478.350   1     3.0
 323       65479.140   0     1.0
 324       65483.960   2     5.0
 325       65486.670   1     3.0
 326       65488.400   2     5.0
 327       65494.050   3     7.0
 328       65496.590   2     5.0
 329       65497.910   1     3.0
 330       65506.810   2     5.0
 331       65514.300   2     5.0
 332       65514.300   3     7.0
 333       65519.930   1     3.0
 334       65522.630   2     5.0
 335       65528.190   3     7.0
 336       65532.000   2     5.0
 337       65539.720   1     3.0
 338       65539.810   2     5.0
 339       65539.990   3     7.0
 340       65541.200   1     3.0
 341       65543.020   3     7.0
 342       65545.280   2     5.0
 343       65549.050   1     3.0
 344       65550.330   0     1.0
 345       65551.130   2     5.0
 346       65554.500   2     5.0
 347       65557.350   1     3.0
 348       65554.770   3     7.0
 349       65555.690   1     3.0
 350       65557.070   2     5.0
 351       65565.030   2     5.0
 352       65568.830   3     7.0
 353       65569.530   2     5.0
 354       65571.350   1     3.0
 355       65575.900   2     5.0
    2    1          0.000         77.115    1296760.000   8.250E-06
    3    1          0.000        223.157     448115.000   3.490E-10
    3    2         77.115        223.157     684735.000   1.210E-10
    3    2         77.115        223.157     684735.000   4.210E-05
    4    1          0.000       6298.850      15875.914   3.970E-07
    4    2         77.115       6298.850      16072.687   4.020E-06
    4    2         77.115       6298.850      16072.687   7.100E-04
    4    3        223.157       6298.850      16459.028   1.990E-03
    4    3        223.157       6298.850      16459.028   2.320E-05
    5    2         77.115      15394.370       6528.585   2.740E-02
    5    3        223.157      15394.370       6591.431   7.750E-04
    5    4       6298.850      15394.370      10994.424   1.000E+00
    6    1          0.000      33326.053       3000.655   6.570E-04
    6    2         77.115      33326.053       3007.615   1.100E+03
    6    2         77.115      33326.053       3007.615   1.450E-03
    6    3        223.157      33326.053       3020.884   1.090E-03
    6    3        223.157      33326.053       3020.884   3.300E+03
    7    2         77.115      39683.163       2524.867   2.220E+08
    8    1          0.000      39760.285       2515.073   7.390E+07
    8    2         77.115      39760.285       2519.960   5.490E+07
    8    3        223.157      39760.285       2529.268   9.040E+07
    8    4       6298.850      39760.285       2988.515   2.660E+06
    8    5      15394.370      39760.285       4104.094   6.090E+04
    9    2         77.115      39955.053       2507.652   5.470E+07
    9    3        223.157      39955.053       2516.870   1.680E+08
    9    4       6298.850      39955.053       2971.220   6.000E+04
   10    1          0.000      40991.884       2439.507   7.910E+05
   10    2         77.115      40991.884       2444.105   1.320E+06
   10    3        223.157      40991.884       2452.860   1.730E+05
   10    4       6298.850      40991.884       2882.423   2.170E+08
   10    5      15394.370      40991.884       3906.629   1.330E+07
   11    1          0.000      45276.188       2208.667   2.620E+07
   11    2         77.115      45276.188       2212.435   1.810E+07
   11    3        223.157      45276.188       2219.606   1.050E+06
   11    4       6298.850      45276.188       2565.593   1.780E-03
   12    1          0.000      45293.629       2207.816   4.680E-03
   12    2         77.115      45293.629       2211.581   3.460E+07
   12    3        223.157      45293.629       2218.748   1.090E+07
   12    4       6298.850      45293.629       2564.446   4.200E-03
   12   11      45276.188      45293.629    5733600.000   1.290E-07
   12   11      45276.188      45293.629    5733600.000   3.460E-16
   13    2         77.115      45321.848       2210.202   4.580E-03
   13    3        223.157      45321.848       2217.359   4.540E+07
   13    4       6298.850      45321.848       2562.591   4.620E-03
   13   11      45276.188      45321.848    2190100.000   2.340E-15
   13   12      45293.629      45321.848    3543700.000   2.430E-15
   13   12      45293.629      45321.848    3543700.000   4.040E-07
   14    7      39683.163      47284.061      13156.340   3.040E+04
   14    8      39760.285      47284.061      13291.198   4.610E+05
   14    9      39955.053      47284.061      13644.411   1.440E+03
   14   10      40991.884      47284.061      15892.751   8.770E+06
   15    4       6298.850      47351.554       2435.893   4.430E+07
   16    7      39683.163      48020.074      11994.850   1.040E+07
   16    8      39760.285      48020.074      12106.847   6.100E+06
   16    9      39955.053      48020.074      12399.224   3.010E+05
   16   10      40991.884      48020.074      14228.414   2.650E+05
   16   11      45276.188      48020.074      36445.000   2.770E+04
   16   12      45293.629      48020.074      36678.000   1.460E+04
   16   15      47351.554      48020.074     149584.000   3.960E+01
   17    8      39760.285      48102.323      11987.478   1.400E+07
   17    9      39955.053      48102.323      12274.050   3.200E+06
   17   10      40991.884      48102.323      14063.829   1.420E+04
   17   11      45276.188      48102.323      35384.000   6.380E+03
   17   12      45293.629      48102.323      35604.000   2.790E+04
   17   13      45321.848      48102.323      35965.000   1.160E+04
   17   15      47351.554      48102.323     133197.000   1.320E+01
   18    9      39955.053      48264.292      12034.796   1.730E+07
   18   12      45293.629      48264.292      33663.000   5.810E+03
   18   13      45321.848      48264.292      33985.000   4.620E+04
   18   15      47351.554      48264.292     109560.500   8.590E-02
   19    8      39760.285      49028.294      10789.804   2.480E+07
   19   10      40991.884      49028.294      12443.367   4.850E+04
   19   11      45276.188      49028.294      26652.000   4.920E+05
   20    7      39683.163      49060.601      10663.893   9.270E+06
   20    8      39760.285      49060.601      10752.323   1.030E+07
   20    9      39955.053      49060.601      10982.315   5.050E+06
   20   10      40991.884      49060.601      12393.544   1.550E+05
   20   11      45276.188      49060.601      26424.000   1.240E+05
   20   12      45293.629      49060.601      26547.000   3.420E+05
   20   15      47351.554      49060.601      58512.000   8.750E+01
   21    8      39760.285      49188.617      10606.330   5.210E+06
   21    9      39955.053      49188.617      10830.054   1.970E+07
   21   10      40991.884      49188.617      12199.983   1.650E+03
   21   11      45276.188      49188.617      25560.000   6.260E+03
   21   12      45293.629      49188.617      25674.000   8.660E+04
   21   13      45321.848      49188.617      25861.000   4.270E+05
   21   15      47351.554      49188.617      54435.000   2.160E+02
   22    7      39683.163      49399.670      10291.764   7.010E+05
   22    8      39760.285      49399.670      10374.106   4.010E+06
   22    9      39955.053      49399.670      10588.042   1.780E+07
   22   10      40991.884      49399.670      11893.738   6.620E+04
   23   14      47284.061      49850.830      38959.000   3.790E+03
   23   16      48020.074      49850.830      54622.000   1.980E+05
   23   17      48102.323      49850.830      57192.000   3.130E+04
   23   18      48264.292      49850.830      63030.300   6.620E+02
   24   17      48102.323      49933.775      54601.000   2.110E+05
   24   18      48264.292      49933.775      59899.000   1.940E+04
   25   18      48264.292      50054.800      55850.000   2.210E+05
   26   10      40991.884      50189.389      10872.514   2.180E+07
   26   11      45276.188      50189.389      20353.000   2.170E+00
   26   12      45293.629      50189.389      20426.000   9.730E+01
   26   13      45321.848      50189.389      20544.000   3.370E+03
   26   15      47351.554      50189.389      35238.000   1.350E+05
   27    2         77.115      50499.838       1983.233   2.180E+07
   27    3        223.157      50499.838       1988.994   6.580E+07
   27   16      48020.074      50499.838      40326.000   5.840E+02
   27   17      48102.323      50499.838      41710.000   4.450E+03
   27   18      48264.292      50499.838      44732.000   8.580E+03
   27   20      49060.601      50499.838      69481.000   2.220E+04
   27   21      49188.617      50499.838      76265.000   1.890E+04
   27   22      49399.670      50499.838      90895.000   1.830E+04
   27   26      50189.389      50499.838     322114.000   1.510E+00
   28    1          0.000      50566.397       1977.598   2.790E+07
   28    2         77.115      50566.397       1980.618   2.070E+07
   28    3        223.157      50566.397       1986.364   3.650E+07
   28   16      48020.074      50566.397      39272.000   4.610E+03
   28   17      48102.323      50566.397      40583.000   7.000E+03
   28   19      49028.294      50566.397      65015.000   1.420E+04
   28   20      49060.601      50566.397      66410.100   1.010E+03
   28   21      49188.617      50566.397      72580.500   1.300E+04
   28   22      49399.670      50566.397      85710.000   3.270E+04
   28   26      50189.389      50566.397     265246.000   1.430E-01
   29    2         77.115      50602.440       1979.205   8.690E+07
   29   16      48020.074      50602.440      38724.000   1.140E+04
   29   20      49060.601      50602.440      64858.000   1.870E+04
   29   22      49399.670      50602.440      83141.000   4.290E+04
   30   10      40991.884      51612.012       9416.082   2.260E+07
   31    3        223.157      53362.240       1881.854   5.000E+06
   31    4       6298.850      53362.240       2124.794   2.970E+08
   31   17      48102.323      53362.240      19011.700   2.100E+04
   31   18      48264.292      53362.240      19615.700   1.120E+04
   31   21      49188.617      53362.240      23960.000   6.060E+04
   31   26      50189.389      53362.240      31517.000   2.250E+06
   32    4       6298.850      53387.334       2123.661   3.570E+07
   32    5      15394.370      53387.334       2632.066   1.060E+08
   32   14      47284.061      53387.334      16384.651   4.160E+06
   32   16      48020.074      53387.334      18631.480   6.380E+02
   32   17      48102.323      53387.334      18921.440   2.020E+04
   32   19      49028.294      53387.334      22940.830   9.570E+04
   32   20      49060.601      53387.334      23112.000   2.210E+04
   32   21      49188.617      53387.334      23817.000   5.460E+02
   32   22      49399.670      53387.334      25077.000   4.920E+03
   32   26      50189.389      53387.334      31270.080   1.520E+05
   32   30      51612.012      53387.334      56328.000   2.480E+05
   33    1          0.000      54185.264       1845.520   1.680E+08
   33    2         77.115      54185.264       1848.150   1.230E+08
   33    3        223.157      54185.264       1853.152   7.920E+06
   33    4       6298.850      54185.264       2088.275   5.460E+05
   33   14      47284.061      54185.264      14490.227   1.690E+04
   33   16      48020.074      54185.264      16220.100   2.250E+06
   33   17      48102.323      54185.264      16439.416   7.130E+05
   33   19      49028.294      54185.264      19391.230   3.430E+06
   33   20      49060.601      54185.264      19513.480   2.570E+06
   33   21      49188.617      54185.264      20013.000   1.840E+05
   33   26      50189.389      54185.264      25026.000   7.960E+03
   33   30      51612.012      54185.264      38861.000   2.770E+04
   34    2         77.115      54205.090       1847.474   2.330E+08
   34    3        223.157      54205.090       1852.472   7.400E+07
   34    4       6298.850      54205.090       2087.411   3.260E+04
   34   14      47284.061      54205.090      14448.719   7.590E+02
   34   16      48020.074      54205.090      16168.107   7.260E+05
   34   17      48102.323      54205.090      16386.010   2.020E+06
   34   18      48264.292      54205.090      16832.755   4.590E+05
   34   20      49060.601      54205.090      19438.280   4.420E+06
   34   21      49188.617      54205.090      19934.320   1.570E+06
   34   26      50189.389      54205.090      24902.000   3.890E+02
   35    3        223.157      54257.582       1850.672   3.050E+08
   35    4       6298.850      54257.582       2085.126   2.730E+06
   35   17      48102.323      54257.582      16246.270   6.280E+05
   35   18      48264.292      54257.582      16685.326   2.790E+06
   35   21      49188.617      54257.582      19727.890   5.790E+06
   35   26      50189.389      54257.582      24580.940   7.010E+04
   36    2         77.115      54245.020       1846.112   5.680E+07
   36   16      48020.074      54245.020      16064.396   9.620E+06
   36   20      49060.601      54245.020      19288.560   5.290E+06
   36   22      49399.670      54245.020      20638.000   1.150E+06
   37    1          0.000      54313.818       1841.152   1.500E+07
   37    2         77.115      54313.818       1843.770   3.350E+07
   37    3        223.157      54313.818       1848.748   3.920E+07
   37    4       6298.850      54313.818       2082.684   6.450E+06
   37    5      15394.370      54313.818       2569.410   4.240E+06
   37   16      48020.074      54313.818      15888.794   2.490E+06
   37   17      48102.323      54313.818      16099.184   7.160E+06
   37   19      49028.294      54313.818      18919.600   1.870E+06
   37   20      49060.601      54313.818      19035.950   1.380E+06
   37   21      49188.617      54313.818      19511.430   2.130E+06
   37   22      49399.670      54313.818      20349.000   1.200E+06
   38    2         77.115      54528.220       1836.510   1.310E+07
   38    3        223.157      54528.220       1841.449   3.670E+07
   38    4       6298.850      54528.220       2073.425   4.590E+05
   38   16      48020.074      54528.220      15365.359   1.100E+05
   38   17      48102.323      54528.220      15562.030   1.590E+06
   38   18      48264.292      54528.220      15964.424   8.240E+06
   38   20      49060.601      54528.220      18289.500   1.560E+06
   38   21      49188.617      54528.220      18727.980   4.340E+06
   38   22      49399.670      54528.220      19498.690   1.370E+06
   39    4       6298.850      54871.031       2058.792   7.080E+07
   39    5      15394.370      54871.031       2533.142   2.450E+07
   39   14      47284.061      54871.031      13180.492   1.180E+07
   39   26      50189.389      54871.031      21360.030   6.070E+06
   39   30      51612.012      54871.031      30684.000   1.450E+05
   40    2         77.115      56503.346       1772.225   2.390E+05
   40    3        223.157      56503.346       1776.824   5.830E+06
   40   14      47284.061      56503.346      10846.828   1.880E+07
   40   26      50189.389      56503.346      15837.929   4.440E+06
   41   20      49060.601      56690.903      13105.641   1.870E+06
   41   21      49188.617      56690.903      13329.271   5.330E+06
   41   22      49399.670      56690.903      13715.101   9.230E+06
   42   19      49028.294      56700.250      13034.490   2.530E+06
   42   20      49060.601      56700.250      13089.610   1.880E+06
   42   21      49188.617      56700.250      13312.680   2.970E+06
   42   22      49399.670      56700.250      13697.540   9.280E+06
   43   20      49060.601      56733.380      13033.090   7.600E+06
   43   22      49399.670      56733.380      13635.660   9.400E+06
   44   10      40991.884      56780.427       6333.707   1.000E+04
   44   39      54871.031      56780.427      52373.000   1.320E+06
   44   40      56503.346      56780.427     360905.000   4.170E+03
   45    7      39683.163      56978.256       5781.987   2.970E+05
   45    8      39760.285      56978.256       5807.885   2.120E+05
   45    9      39955.053      56978.256       5874.335   1.360E+04
   45   23      49850.830      56978.256      14030.311   5.490E+05
   45   33      54185.264      56978.256      35804.000   1.470E+05
   45   34      54205.090      56978.256      36060.000   4.780E+04
   45   36      54245.020      56978.256      36587.000   1.520E+06
   45   37      54313.818      56978.256      37531.000   1.060E+06
   45   38      54528.220      56978.256      40816.000   5.470E+04
   45   41      56690.903      56978.256     348004.000   1.760E+00
   45   42      56700.250      56978.256     359700.000   2.390E+01
   45   43      56733.380      56978.256     408370.000   2.190E+01
   46    8      39760.285      57017.496       5794.679   3.830E+05
   46    9      39955.053      57017.496       5860.825   1.240E+05
   46   23      49850.830      57017.496      13953.490   6.200E+04
   46   24      49933.775      57017.496      14116.874   4.780E+05
   46   33      54185.264      57017.496      35308.000   3.060E+04
   46   34      54205.090      57017.496      35557.000   1.390E+05
   46   35      54257.582      57017.496      36233.000   2.940E+04
   46   37      54313.818      57017.496      36987.000   1.980E+06
   46   38      54528.220      57017.496      40172.000   5.170E+05
   46   41      56690.903      57017.496     306191.000   2.330E+01
   46   42      56700.250      57017.496     315210.000   6.400E+01
   47    9      39955.053      57198.027       5799.464   2.530E+05
   47   23      49850.830      57198.027      13610.633   1.350E+03
   47   24      49933.775      57198.027      13766.042   4.610E+04
   47   25      50054.800      57198.027      13999.280   5.080E+05
   47   34      54205.090      57198.027      33412.000   2.680E+04
   47   35      54257.582      57198.027      34008.000   2.020E+05
   47   38      54528.220      57198.027      37456.000   2.550E+06
   47   41      56690.903      57198.027     197190.000   3.490E+02
   48    8      39760.285      57295.881       5702.686   1.830E+06
   48   33      54185.264      57295.881      32148.000   1.030E+06
   48   37      54313.818      57295.881      33534.000   3.310E+06
   48   42      56700.250      57295.881     167889.000   9.440E+03
   49    7      39683.163      57328.789       5667.127   6.310E+05
   49    8      39760.285      57328.789       5692.004   9.260E+05
   49    9      39955.053      57328.789       5755.814   1.230E+06
   49   33      54185.264      57328.789      31811.000   2.670E+05
   49   34      54205.090      57328.789      32013.000   7.850E+05
   49   36      54245.020      57328.789      32428.000   1.220E+06
   49   37      54313.818      57328.789      33168.000   8.550E+05
   49   38      54528.220      57328.789      35707.000   1.140E+06
   49   41      56690.903      57328.789     156768.000   4.840E+03
   49   42      56700.250      57328.789     159099.000   2.770E+03
   49   43      56733.380      57328.789     167952.000   3.140E+03
   50    8      39760.285      57468.239       5647.180   9.700E+05
   50    9      39955.053      57468.239       5709.983   1.390E+06
   50   33      54185.264      57468.239      30460.180   1.220E+04
   50   34      54205.090      57468.239      30645.000   1.790E+05
   50   35      54257.582      57468.239      31146.000   9.550E+05
   50   37      54313.818      57468.239      31702.000   9.800E+05
   50   38      54528.220      57468.239      34013.000   2.380E+06
   50   41      56690.903      57468.239     128644.000   1.570E+04
   50   42      56700.250      57468.239     130210.000   5.050E+03
   51   16      48020.074      57372.297      10692.645   1.450E+07
   51   17      48102.323      57372.297      10787.517   2.610E+06
   51   18      48264.292      57372.297      10979.353   7.000E+04
   51   45      56978.256      57372.297     253781.000   1.110E+04
   51   46      57017.496      57372.297     281848.000   1.500E+03
   51   47      57198.027      57372.297     573822.000   5.020E+00
   52   17      48102.323      57450.580      10697.181   1.530E+07
   52   18      48264.292      57450.580      10885.790   1.820E+06
   52   46      57017.496      57450.580     230902.000   1.550E+04
   52   47      57198.027      57450.580     395956.000   3.880E+02
   53   18      48264.292      57583.657      10730.345   1.700E+07
   53   47      57198.027      57583.657     259316.000   1.230E+04
   54    7      39683.163      57541.918       5599.494   5.400E+05
   54    8      39760.285      57541.918       5623.780   1.600E+06
   54    9      39955.053      57541.918       5686.062   2.600E+06
   54   36      54245.020      57541.918      30332.000   4.570E+05
   54   37      54313.818      57541.918      30978.000   1.290E+06
   54   38      54528.220      57541.918      33182.000   1.750E+06
   54   41      56690.903      57541.918     117507.000   6.780E+04
   54   42      56700.250      57541.918     118812.000   3.940E+04
   54   43      56733.380      57541.918     123680.000   1.160E+04
   55   10      40991.884      57798.072       5950.189   2.220E+06
   55   31      53362.240      57798.072      22544.000   1.170E+06
   55   32      53387.334      57798.072      22672.000   7.230E+05
   55   39      54871.031      57798.072      34164.000   2.610E+06
   55   40      56503.346      57798.072      77236.000   6.440E+04
   56   10      40991.884      58311.659       5773.747   3.560E+06
   56   32      53387.334      58311.659      20307.000   1.970E+06
   56   39      54871.031      58311.659      29064.000   1.960E+06
   60    4       6298.850      58788.880       1905.124   3.400E+01
   61    1          0.000      58801.529       1700.640   3.060E+07
   61    2         77.115      58801.529       1702.869   1.880E+07
   61    3        223.157      58801.529       1707.115   1.210E+06
   61    4       6298.850      58801.529       1904.665   4.870E+06
   61    5      15394.370      58801.529       2303.767   3.480E+08
   61   14      47284.061      58801.529       8682.464   1.900E+04
   61   30      51612.012      58801.529      13909.140   4.570E+06
   61   44      56780.427      58801.529      49478.000   2.520E+05
   61   55      57798.072      58801.529      99655.000   9.270E+04
   61   56      58311.659      58801.529     204136.000   3.100E+04
   62    3        223.157      58893.400       1704.442   2.610E+07
   62    4       6298.850      58893.400       1901.338   1.000E+08
   62   26      50189.389      58893.400      11488.960   5.340E+06
   62   55      57798.072      58893.400      91297.000   4.200E+05
   63    2         77.115      59032.190       1696.207   1.220E+08
   63    3        223.157      59032.190       1700.419   3.120E+07
   63   20      49060.601      59032.190      10028.490   1.130E+06
   63   21      49188.617      59032.190      10158.910   3.630E+05
   63   45      56978.256      59032.190      48687.000   8.420E+04
   63   46      57017.496      59032.190      49635.000   3.680E+05
   63   47      57198.027      59032.190      54521.000   6.220E+04
   63   49      57328.789      59032.190      58706.000   7.880E+05
   63   50      57468.239      59032.190      63941.000   2.040E+05
   64    1          0.000      59056.508       1693.293   6.750E+07
   64    2         77.115      59056.508       1695.507   3.970E+07
   64    3        223.157      59056.508       1699.716   1.800E+06
   64   19      49028.294      59056.508       9971.865   8.540E+05
   64   20      49060.601      59056.508      10004.095   6.340E+05
   64   21      49188.617      59056.508      10133.878   4.070E+04
   64   45      56978.256      59056.508      48117.000   4.350E+05
   64   46      57017.496      59056.508      49043.000   1.370E+05
   64   48      57295.881      59056.508      56798.000   6.450E+05
   64   49      57328.789      59056.508      57880.000   4.580E+05
   64   50      57468.239      59056.508      62962.000   2.370E+04
   65    3        223.157      59118.030       1697.941   1.380E+08
   65   21      49188.617      59118.030      10071.090   1.490E+06
   65   46      57017.496      59118.030      47607.000   6.680E+04
   65   47      57198.027      59118.030      52083.000   4.080E+05
   65   50      57468.239      59118.030      60614.000   9.540E+05
   66    2         77.115      59034.988       1696.126   1.970E+01
   66    3        223.157      59034.988       1700.338   9.650E+00
   66    4       6298.850      59034.988       1896.233   3.030E+01
   68    2         77.115      59109.959       1693.972   4.310E+00
   68    3        223.157      59109.959       1698.173   1.040E+02
   68    4       6298.850      59109.959       1893.541   1.090E+02
   69    1          0.000      59110.892       1691.740   1.310E-02
   69    2         77.115      59110.892       1693.945   3.200E+01
   69    3        223.157      59110.892       1698.146   4.090E+01
   69    4       6298.850      59110.892       1893.508   4.660E+00
   69    5      15394.370      59110.892       2287.465   1.830E+01
   71    4       6298.850      59131.912       1892.754   9.320E+01
   72    2         77.115      59190.460       1691.665   8.620E+01
   72    3        223.157      59190.460       1695.855   2.840E+01
   72    4       6298.850      59190.460       1890.659   2.280E-03
   72   27      50499.838      59190.460      11506.660   2.770E+05
   72   28      50566.397      59190.460      11595.460   4.060E+06
   72   29      50602.440      59190.460      11644.130   5.350E+06
   72   33      54185.264      59190.460      19979.200   1.250E+06
   72   34      54205.090      59190.460      20059.000   4.120E+05
   72   41      56690.903      59190.460      40007.000   5.950E+04
   72   42      56700.250      59190.460      40157.000   8.810E+05
   72   43      56733.380      59190.460      40699.000   1.130E+06
   72   63      59032.190      59190.460     631830.000   3.450E+01
   72   64      59056.508      59190.460     746540.000   6.280E+01
   73    1          0.000      59191.072       1689.440   2.200E+01
   73    2         77.115      59191.072       1691.648   4.380E+00
   73    3        223.157      59191.072       1695.837   3.550E+01
   73    4       6298.850      59191.072       1890.637   4.450E+00
   73    5      15394.370      59191.072       2283.277   1.990E+01
   74   45      56978.256      59221.110      44586.000   1.940E+06
   74   49      57328.789      59221.110      52845.000   9.460E+05
   74   54      57541.918      59221.110      59552.000   2.200E+05
   75    5      15394.370      59273.575       2278.984   3.560E+06
   75   45      56978.256      59273.575      43567.000   5.200E+05
   75   46      57017.496      59273.575      44325.000   1.480E+06
   75   48      57295.881      59273.575      50564.000   3.590E+05
   75   49      57328.789      59273.575      51420.000   2.570E+05
   75   50      57468.239      59273.575      55391.000   3.420E+05
   75   54      57541.918      59273.575      57748.000   2.420E+05
   76   45      56978.256      59506.359      39555.000   2.790E+04
   76   46      57017.496      59506.359      40179.000   3.970E+05
   76   47      57198.027      59506.359      43321.000   1.780E+06
   76   49      57328.789      59506.359      45923.000   3.610E+05
   76   50      57468.239      59506.359      49065.000   8.840E+05
   76   54      57541.918      59506.359      50905.000   3.520E+05
   77    4       6298.850      59636.667       1874.842   1.070E+08
   77   14      47284.061      59636.667       8095.458   1.500E+06
   77   44      56780.427      59636.667      35011.000   2.670E+06
   77   55      57798.072      59636.667      54389.000   1.320E+06
   78    2         77.115      59917.336       1671.117   8.300E+06
   78    3        223.157      59917.336       1675.205   6.410E+07
   78   22      49399.670      59917.336       9507.813   8.630E+05
   78   45      56978.256      59917.336      34024.000   9.750E+02
   78   46      57017.496      59917.336      34485.000   1.400E+04
   78   47      57198.027      59917.336      36774.000   6.480E+04
   78   49      57328.789      59917.336      38632.000   3.620E+05
   78   50      57468.239      59917.336      40831.000   9.160E+05
   78   54      57541.918      59917.336      42098.000   1.480E+06
   78   72      59190.460      59917.336     137575.000   7.000E+02
   79    1          0.000      60010.458       1666.376   1.750E+07
   79    2         77.115      60010.458       1668.520   2.580E+07
   79    3        223.157      60010.458       1672.596   3.090E+07
   79   22      49399.670      60010.458       9424.371   8.860E+05
   79   45      56978.256      60010.458      32979.000   2.670E+04
   79   46      57017.496      60010.458      33412.000   7.710E+04
   79   48      57295.881      60010.458      36838.000   5.550E+05
   79   49      57328.789      60010.458      37290.210   4.010E+05
   79   50      57468.239      60010.458      39336.000   5.700E+05
   79   54      57541.918      60010.458      40510.000   1.660E+06
   79   72      59190.460      60010.458     121952.000   2.520E+04
   80    2         77.115      60042.500       1667.629   8.270E+07
   80   22      49399.670      60042.500       9396.000   8.950E+05
   80   45      56978.256      60042.500      32634.000   1.100E+05
   80   49      57328.789      60042.500      36850.000   1.670E+06
   80   54      57541.918      60042.500      39990.700   1.730E+06
   80   72      59190.460      60042.500     117365.000   1.130E+05
   81    2         77.115      60300.860       1660.475   7.670E+06
   81   14      47284.061      60300.860       7682.380   4.620E+06
   81   26      50189.389      60300.860       9889.758   5.670E+05
   81   44      56780.427      60300.860      28406.000   3.270E+06
   81   55      57798.072      60300.860      39955.000   8.770E+05
   83    8      39760.285      60621.640       4793.552   2.200E+06
   84    7      39683.163      60487.103       4806.782   6.000E+05
   84    8      39760.285      60487.103       4824.667   4.500E+05
   84    9      39955.053      60487.103       4870.434   2.900E+04
   85    8      39760.285      60496.358       4822.514   8.000E+05
   85    9      39955.053      60496.358       4868.240   2.600E+05
   86   16      48020.074      60645.441       7920.562   5.220E+06
   86   17      48102.323      60645.441       7972.499   7.110E+05
   86   18      48264.292      60645.441       8076.795   3.160E+04
   86   45      56978.256      60645.441      27269.000   2.270E+06
   86   46      57017.496      60645.441      27564.000   4.070E+05
   86   47      57198.027      60645.441      29007.000   9.870E+03
   87   17      48102.323      60705.464       7934.530   5.130E+06
   87   18      48264.292      60705.464       8037.828   8.110E+05
   87   46      57017.496      60705.464      27115.000   2.440E+06
   87   47      57198.027      60705.464      28510.850   2.630E+05
   88   18      48264.292      60848.946       7946.186   5.750E+06
   88   47      57198.027      60848.946      27390.360   2.660E+06
   88   89      60704.530      60848.946     692440.000   2.010E+03
   89    9      39955.053      60704.530       4819.399   1.100E+06
   89   34      54205.090      60704.530      15385.940   1.210E+04
   89   35      54257.582      60704.530      15511.220   9.370E+04
   89   38      54528.220      60704.530      16190.900   2.090E+05
   89   51      57372.297      60704.530      30010.000   7.830E+02
   89   52      57450.580      60704.530      30732.000   2.590E+04
   89   53      57583.657      60704.530      32042.000   2.640E+05
   89   63      59032.190      60704.530      59796.000   1.520E+04
   89   65      59118.030      60704.530      63032.000   1.040E+05
   89   76      59506.359      60704.530      83461.000   6.580E+05
   89   78      59917.336      60704.530     127033.000   3.420E+03
   90    7      39683.163      60706.558       4756.606   7.500E+05
   90    8      39760.285      60706.558       4774.119   5.700E+05
   90    9      39955.053      60706.558       4818.928   9.100E+05
   91   10      40991.884      60962.105       5007.456   2.800E+06
   92   10      40991.884      61198.036       4948.988   4.200E+06
   93    8      39760.285      60815.925       4749.321   5.700E+05
   93    9      39955.053      60815.925       4793.663   1.700E+06
   94    7      39683.163      60856.630       4722.892   3.400E+05
   94    8      39760.285      60856.630       4740.158   1.000E+06
   94    9      39955.053      60856.630       4784.328   1.700E+06
   99   30      51612.012      61305.670      10316.020   2.320E+06
   99   56      58311.659      61305.670      33400.000   7.490E+05
  100    4       6298.850      61423.230       1814.079   1.150E+08
  100   26      50189.389      61423.230       8901.670   3.420E+06
  100   55      57798.072      61423.230      27585.000   5.700E+05
  101    2         77.115      61447.860       1629.441   8.730E+07
  101    3        223.157      61447.860       1633.328   1.120E+07
  101    4       6298.850      61447.860       1813.269   1.040E+06
  101   20      49060.601      61447.860       8072.810   1.290E+06
  101   21      49188.617      61447.860       8157.110   4.160E+05
  101   49      57328.789      61447.860      24277.000   8.830E+04
  101   50      57468.239      61447.860      25128.000   2.650E+04
  101   89      60704.530      61447.860     134530.000   1.100E+04
  102    1          0.000      61511.770       1625.705   7.160E+07
  102    2         77.115      61511.770       1627.746   5.340E+07
  102    3        223.157      61511.770       1631.624   3.540E+06
  102   19      49028.294      61511.770       8010.590   9.770E+05
  102   20      49060.601      61511.770       8031.370   7.260E+05
  102   21      49188.617      61511.770       8114.810   4.690E+04
  102   48      57295.881      61511.770      23720.000   6.990E+04
  102   49      57328.789      61511.770      23906.000   5.120E+04
  102   50      57468.239      61511.770      24730.900   3.090E+03
  103    3        223.157      61574.814       1629.948   2.110E+08
  103    4       6298.850      61574.814       1809.105   6.830E+07
  103   21      49188.617      61574.814       8073.503   1.720E+06
  103   50      57468.239      61574.814      24351.000   1.170E+05
  103   89      60704.530      61574.814     114905.000   1.010E+05
  110   25      50054.800      61614.370       8650.840   9.120E+06
  110   53      57583.657      61614.370      24810.000   7.400E+05
  110   88      60848.946      61614.370     130647.000   3.260E+05
  112   27      50499.838      61647.360       8970.600   1.550E+05
  112   28      50566.397      61647.360       9024.490   2.290E+06
  112   29      50602.440      61647.360       9053.940   3.010E+06
  112   33      54185.264      61647.360      13401.060   3.700E+05
  112   34      54205.090      61647.360      13436.760   1.230E+05
  112   80      60042.500      61647.360      62311.000   7.330E+05
  113   63      59032.190      61647.875      38231.000   1.100E+05
  113   64      59056.508      61647.875      38590.000   3.190E+05
  113   78      59917.336      61647.875      57785.000   4.590E+04
  113   79      60010.458      61647.875      61072.000   5.850E+05
  113   86      60645.441      61647.875      99757.000   1.530E+03
  113  101      61447.860      61647.875     499960.000   2.630E+02
  113  102      61511.770      61647.875     734700.000   2.480E+02
  116   49      57328.789      61841.940      22157.000   4.210E+04
  116   50      57468.239      61841.940      22864.000   1.150E+05
  116   54      57541.918      61841.940      23256.000   1.540E+05
  116   89      60704.530      61841.940      87919.000   7.970E+03
  116  113      61647.875      61841.940     515290.000   6.010E+01
  117   48      57295.881      61936.130      21550.600   6.080E+04
  117   49      57328.789      61936.130      21704.000   4.470E+04
  117   50      57468.239      61936.130      22382.000   6.810E+04
  117   54      57541.918      61936.130      22757.000   1.650E+05
  117  113      61647.875      61936.130     346920.000   4.920E+03
  118   49      57328.789      61960.260      21591.000   1.820E+05
  118   54      57541.918      61960.260      22633.000   1.670E+05
  118  112      61647.360      61960.260     319590.000   2.500E+04
  121   14      47284.061      62156.816       6723.704   3.400E+06
  121   26      50189.389      62156.816       8356.015   3.400E+05
  121   44      56780.427      62156.816      18599.840   1.370E+06
  121   55      57798.072      62156.816      22942.000   1.960E+05
  124   16      48020.074      62349.930       6978.440   3.260E+06
  124   17      48102.323      62349.930       7018.720   5.960E+05
  124   18      48264.292      62349.930       7099.430   1.620E+04
  124   45      56978.256      62349.930      18616.200   1.280E+06
  124   46      57017.496      62349.930      18753.200   2.310E+05
  124   47      57198.027      62349.930      19410.300   5.900E+03
  124   89      60704.530      62349.930      60775.000   2.190E+03
  125   17      48102.323      62376.820       7005.501   3.420E+06
  125   18      48264.292      62376.820       7085.903   4.130E+05
  125   46      57017.496      62376.820      18659.070   1.340E+06
  125   47      57198.027      62376.820      19309.520   1.520E+05
  125   89      60704.530      62376.820      59798.000   5.840E+04
  126   18      48264.292      62534.080       7007.810   3.830E+06
  126   47      57198.027      62534.080      18740.400   1.490E+06
  126   89      60704.530      62534.080      54658.000   6.860E+05
  126  110      61614.370      62534.080     108730.000   1.870E+05
  126  127      62421.030      62534.080     884560.000   2.280E+03
  127   86      60645.441      62421.030      56319.000   4.060E+02
  127   87      60705.464      62421.030      58290.000   1.300E+04
  127   88      60848.946      62421.030      63610.000   1.150E+05
  127  101      61447.860      62421.030     102757.000   7.630E+03
  127  103      61574.814      62421.030     118173.000   4.010E+04
  127  116      61841.940      62421.030     172685.000   8.690E+02
  133   56      58311.659      62666.250      22964.000   4.720E+05
  138    2         77.115      62774.990       1594.950   5.920E+07
  138    3        223.157      62774.990       1598.674   1.960E+07
  138   20      49060.601      62774.990       7291.610   9.330E+05
  138   21      49188.617      62774.990       7360.320   3.020E+05
  138   49      57328.789      62774.990      18361.400   1.390E+05
  138   50      57468.239      62774.990      18843.900   4.260E+04
  138  113      61647.875      62774.990      88722.000   8.390E+02
  138  127      62421.030      62774.990     282520.000   2.590E+03
  139    1          0.000      62925.800       1589.173   4.440E+07
  139    2         77.115      62925.800       1591.123   3.320E+07
  139    3        223.157      62925.800       1594.829   2.190E+06
  139   19      49028.294      62925.800       7195.540   7.170E+05
  139   20      49060.601      62925.800       7212.300   5.350E+05
  139   21      49188.617      62925.800       7279.510   3.460E+04
  139   48      57295.881      62925.800      17762.240   1.130E+05
  139   49      57328.789      62925.800      17866.700   8.340E+04
  139   50      57468.239      62925.800      18323.200   5.170E+03
  139  113      61647.875      62925.800      78252.000   6.100E+03
  140    3        223.157      62936.140       1594.566   7.910E+07
  140   21      49188.617      62936.140       7274.040   1.250E+06
  140   50      57468.239      62936.140      18288.600   1.870E+05
  140  127      62421.030      62936.140     194133.000   4.530E+04
  141    4       6298.850      62802.860       1769.786   2.650E+07
  141   26      50189.389      62802.860       7928.030   2.080E+06
  141   55      57798.072      62802.860      19980.900   4.830E+05
  148   25      50054.800      62966.610       7744.850   5.340E+06
  148   53      57583.657      62966.610      18577.200   7.720E+05
  148   88      60848.946      62966.610      47222.000   6.290E+04
  148  126      62534.080      62966.610     231198.000   1.350E+05
  150   27      50499.838      62985.960       8008.890   9.200E+04
  150   28      50566.397      62985.960       8051.810   1.360E+06
  150   29      50602.440      62985.960       8075.250   1.800E+06
  150   63      59032.190      62985.960      25292.000   5.340E+04
  150   64      59056.508      62985.960      25449.000   1.580E+05
  150   78      59917.336      62985.960      32588.000   9.110E+03
  150   79      60010.458      62985.960      33608.000   1.250E+05
  150   80      60042.500      62985.960      33974.000   1.610E+05
  150  101      61447.860      62985.960      65015.000   3.550E+04
  150  102      61511.770      62985.960      67834.000   9.390E+04
  150  116      61841.940      62985.960      87411.000   2.260E+04
  150  117      61936.130      62985.960      95254.000   2.610E+05
  150  118      61960.260      62985.960      97494.000   3.250E+05
  150  124      62349.930      62985.960     157225.000   9.040E+02
  150  138      62774.990      62985.960     474000.000   7.620E+02
  153  150      62985.960      63097.360     897670.000   7.430E+02
  154  150      62985.960      63123.360     727800.000   5.590E+03
  157   45      56978.256      63204.890      16060.040   7.200E+05
  157   46      57017.496      63204.890      16161.890   1.310E+05
  157   47      57198.027      63204.890      16647.620   3.400E+03
  157   89      60704.530      63204.890      39994.000   1.350E+03
  157  127      62421.030      63204.890     127574.000   4.290E+02
  158   17      48102.323      63340.700       6562.380   6.000E+05
  158   18      48264.292      63340.700       6632.880   7.300E+04
  158   46      57017.496      63340.700      15814.770   7.980E+05
  158   47      57198.027      63340.700      16279.560   9.190E+04
  158   89      60704.530      63340.700      37934.000   4.020E+04
  158  127      62421.030      63340.700     108735.000   1.750E+04
  159   18      48264.292      63514.533       6557.273   6.900E+05
  159   47      57198.027      63514.533      15831.537   8.960E+05
  159   89      60704.530      63514.533      35587.000   4.380E+05
  159  110      61614.370      63514.533      52627.000   7.740E+04
  159  127      62421.030      63514.533      91449.000   2.650E+05
  159  148      62966.610      63514.533     182507.000   1.030E+05
  161   16      48020.074      63356.240       6520.530   5.900E+05
  161   17      48102.323      63356.240       6555.690   1.100E+05
  161   18      48264.292      63356.240       6626.050   2.900E+03
  179   53      57583.657      63781.970      16133.420   5.890E+05
  179   88      60848.946      63781.970      34095.000   1.080E+05
  179  126      62534.080      63781.970      80135.000   6.500E+03
  179  159      63514.533      63781.970     373920.000   6.210E+04
  181  116      61841.940      63793.520      51241.000   7.660E+03
  181  117      61936.130      63793.520      53839.000   9.940E+04
  181  118      61960.260      63793.520      54548.000   1.270E+05
  181  124      62349.930      63793.520      69272.000   1.020E+02
  181  138      62774.990      63793.520      98181.000   1.560E+04
  181  139      62925.800      63793.520     115245.000   2.880E+04
  181  152      63020.420      63793.520     129349.000   1.040E+04
  181  153      63097.360      63793.520     143645.000   1.130E+05
  181  154      63123.360      63793.520     149218.000   1.350E+05
  181  167      63575.350      63793.520     458360.000   1.700E+03
  181  170      63576.850      63793.520     461530.000   4.530E+03
  185   89      60704.530      63860.440      31687.000   9.860E+02
  185  127      62421.030      63860.440      69473.000   4.570E+02
  186   89      60704.530      63945.100      30859.000   2.700E+04
  186  127      62421.030      63945.100      65614.000   1.370E+04
  187   89      60704.530      64133.930      29160.000   2.870E+05
  187  110      61614.370      64133.930      39689.000   4.340E+04
  187  127      62421.030      64133.930      58381.000   1.750E+05
  187  148      62966.610      64133.930      85666.000   4.620E+04
  187  179      63781.970      64133.930     284120.000   5.770E+04
  198  148      62966.610      64550.370      63141.000   2.740E+04
  198  179      63781.970      64550.370     130141.000   2.750E+04



